8.944760873843731019e+01 7.917811828380240513e+03
1.092476087384373216e+02 7.898011828380240331e+03
1.455476087384373045e+02 7.868311828380240513e+03
1.609476087384373102e+02 7.874911828380239967e+03
1.873476087384373159e+02 7.893611828380239785e+03
1.873476087384373159e+02 7.907911828380239967e+03
1.862476087384373216e+02 7.911211828380240149e+03
1.774476087384373102e+02 7.931011828380240331e+03
1.763476087384373159e+02 7.933211828380240149e+03
1.576476087384373272e+02 7.957411828380239967e+03
1.554476087384373102e+02 7.959611828380239785e+03
1.411476087384373272e+02 7.964011828380240331e+03
1.367476087384373216e+02 7.965111828380239785e+03
1.092476087384373216e+02 7.965111828380239785e+03
8.944760873843731019e+01 7.931011828380240331e+03
8.944760873843731019e+01 7.917811828380240513e+03
