6.700142381786339456e+02 5.398370647985989308e+03
6.788142381786340138e+02 5.386270647985989854e+03
6.909142381786339229e+02 5.373070647985989126e+03
6.975142381786339456e+02 5.366470647985989672e+03
7.063142381786340138e+02 5.362070647985989126e+03
7.096142381786339683e+02 5.360970647985989672e+03
7.349142381786339229e+02 5.355470647985989672e+03
7.448142381786340138e+02 5.355470647985989672e+03
7.481142381786339683e+02 5.356570647985989126e+03
7.503142381786340138e+02 5.358770647985989854e+03
7.525142381786339456e+02 5.363170647985989490e+03
7.602142381786339911e+02 5.386270647985989854e+03
7.602142381786339911e+02 5.398370647985989308e+03
7.569142381786339229e+02 5.408270647985989854e+03
7.547142381786339911e+02 5.412670647985989490e+03
7.404142381786340366e+02 5.439070647985989126e+03
7.382142381786339911e+02 5.441270647985989854e+03
7.228142381786340138e+02 5.455570647985989126e+03
7.195142381786339456e+02 5.456670647985989490e+03
7.052142381786339911e+02 5.456670647985989490e+03
6.689142381786339229e+02 5.433570647985989126e+03
6.634142381786339229e+02 5.428070647985989126e+03
6.623142381786340138e+02 5.425870647985989308e+03
6.623142381786340138e+02 5.413770647985989854e+03
6.700142381786339456e+02 5.398370647985989308e+03
