1.365686647692866700e+03 5.368833741068184281e+03
1.371186647692866700e+03 5.364433741068184645e+03
1.373386647692866745e+03 5.363333741068184281e+03
1.382186647692866700e+03 5.361133741068184463e+03
1.420686647692866700e+03 5.352333741068184281e+03
1.433886647692866745e+03 5.352333741068184281e+03
1.436086647692866563e+03 5.353433741068184645e+03
1.448186647692866700e+03 5.362233741068184827e+03
1.449286647692866609e+03 5.364433741068184645e+03
1.488886647692866745e+03 5.450233741068184827e+03
1.488886647692866745e+03 5.459033741068185009e+03
1.472386647692866745e+03 5.487633741068184463e+03
1.470186647692866700e+03 5.490933741068184645e+03
1.466886647692866745e+03 5.494233741068184827e+03
1.453686647692866700e+03 5.504133741068184463e+03
1.442686647692866700e+03 5.510733741068184827e+03
1.432786647692866609e+03 5.512933741068184645e+03
1.415186647692866700e+03 5.514033741068184099e+03
1.398686647692866700e+03 5.514033741068184099e+03
1.330486647692866654e+03 5.511833741068184281e+03
1.297486647692866654e+03 5.509633741068184463e+03
1.293086647692866563e+03 5.507433741068184645e+03
1.286486647692866654e+03 5.500833741068184281e+03
1.277686647692866700e+03 5.483233741068184827e+03
1.277686647692866700e+03 5.459033741068185009e+03
1.278786647692866609e+03 5.456833741068184281e+03
1.282086647692866563e+03 5.452433741068184645e+03
1.365686647692866700e+03 5.368833741068184281e+03
