9.173382977307512647e+02 2.569246975444200416e+03
9.195382977307513102e+02 2.565946975444200689e+03
9.217382977307513556e+02 2.563746975444200416e+03
9.349382977307512874e+02 2.558246975444200416e+03
9.382382977307513556e+02 2.557146975444200507e+03
9.536382977307513329e+02 2.557146975444200507e+03
9.822382977307513556e+02 2.561546975444200598e+03
9.932382977307513556e+02 2.567046975444200598e+03
9.943382977307512647e+02 2.568146975444200507e+03
1.011938297730751287e+03 2.586846975444200325e+03
1.019638297730751333e+03 2.611046975444200598e+03
1.030638297730751219e+03 2.650646975444200507e+03
1.030638297730751219e+03 2.686946975444200689e+03
9.822382977307513556e+02 2.758446975444200689e+03
8.755382977307513102e+02 2.691346975444200325e+03
8.623382977307512647e+02 2.678146975444200507e+03
8.623382977307512647e+02 2.658346975444200325e+03
8.634382977307512874e+02 2.656146975444200507e+03
9.173382977307512647e+02 2.569246975444200416e+03
