1.381595283018867804e+03 2.888092833231892655e+03
1.382695283018867940e+03 2.884792833231892928e+03
1.385995283018867894e+03 2.877092833231892655e+03
1.388195283018867940e+03 2.872692833231893019e+03
1.393695283018867940e+03 2.862792833231892928e+03
1.399195283018867940e+03 2.856192833231893019e+03
1.401395283018867985e+03 2.853992833231892746e+03
1.418995283018867894e+03 2.853992833231892746e+03
1.446495283018867894e+03 2.862792833231892928e+03
1.449795283018867849e+03 2.864992833231892746e+03
1.451995283018867894e+03 2.867192833231893019e+03
1.459695283018867940e+03 2.875992833231892746e+03
1.467395283018867985e+03 2.888092833231892655e+03
1.470695283018867940e+03 2.893592833231892655e+03
1.475095283018868031e+03 2.917792833231892928e+03
1.476195283018867940e+03 2.924392833231892837e+03
1.476195283018867940e+03 2.937592833231893110e+03
1.473995283018867894e+03 2.956292833231892928e+03
1.472895283018867985e+03 2.959592833231893110e+03
1.470695283018867940e+03 2.961792833231892928e+03
1.426695283018867940e+03 2.961792833231892928e+03
1.381595283018867804e+03 2.916692833231893019e+03
1.381595283018867804e+03 2.888092833231892655e+03
