9.251940458395615678e+02 6.272736160936721717e+03
9.295940458395615451e+02 6.245236160936721717e+03
9.306940458395615678e+02 6.244136160936721353e+03
9.790940458395615451e+02 6.214436160936721535e+03
9.845940458395615451e+02 6.214436160936721535e+03
1.015394045839561500e+03 6.230936160936721535e+03
1.074794045839561477e+03 6.278236160936721717e+03
1.076994045839561522e+03 6.280436160936721535e+03
1.076994045839561522e+03 6.281536160936721899e+03
1.041794045839561477e+03 6.316736160936721717e+03
9.911940458395615678e+02 6.322236160936721717e+03
9.702940458395614769e+02 6.322236160936721717e+03
9.548940458395614996e+02 6.318936160936721535e+03
9.515940458395615451e+02 6.317836160936721171e+03
9.383940458395614996e+02 6.311236160936721717e+03
9.339940458395615224e+02 6.306836160936721171e+03
9.317940458395614769e+02 6.303536160936721899e+03
9.306940458395615678e+02 6.301336160936721171e+03
9.251940458395615678e+02 6.284836160936721171e+03
9.251940458395615678e+02 6.272736160936721717e+03
