1.995434118907338075e+02 7.191117032672736968e+03
2.017434118907337961e+02 7.183417032672737150e+03
2.083434118907337904e+02 7.181217032672737332e+03
2.446434118907338018e+02 7.176817032672736786e+03
2.578434118907338188e+02 7.176817032672736786e+03
2.611434118907337734e+02 7.177917032672737150e+03
2.754434118907337847e+02 7.187817032672736786e+03
2.754434118907337847e+02 7.216417032672737150e+03
2.512434118907337961e+02 7.257117032672736968e+03
2.270434118907338075e+02 7.265917032672737150e+03
2.259434118907337847e+02 7.265917032672737150e+03
1.995434118907338075e+02 7.216417032672737150e+03
1.995434118907338075e+02 7.191117032672736968e+03
