5.034029343194790727e+02 3.877622887691936739e+03
5.298029343194790499e+02 3.845722887691936648e+03
5.694029343194790727e+02 3.806122887691936739e+03
6.002029343194790272e+02 3.806122887691936739e+03
6.112029343194790272e+02 3.818222887691936648e+03
6.123029343194790499e+02 3.820422887691936467e+03
6.299029343194790727e+02 3.863322887691936558e+03
6.299029343194790727e+02 3.876522887691936830e+03
6.288029343194790499e+02 3.950222887691936648e+03
6.277029343194790272e+02 3.952422887691936467e+03
6.167029343194790272e+02 3.968922887691936467e+03
6.145029343194790954e+02 3.971122887691936739e+03
5.969029343194790727e+02 3.985422887691936467e+03
5.881029343194791181e+02 3.989822887691936558e+03
5.705029343194790954e+02 3.989822887691936558e+03
5.661029343194791181e+02 3.987622887691936739e+03
5.034029343194790727e+02 3.894122887691936739e+03
5.034029343194790727e+02 3.877622887691936739e+03
