1.045488287350338396e+03 4.644727624501128048e+03
1.045488287350338396e+03 4.630427624501127866e+03
1.048788287350338351e+03 4.613927624501127866e+03
1.050988287350338396e+03 4.605127624501127684e+03
1.052088287350338305e+03 4.604027624501128230e+03
1.083988287350338396e+03 4.604027624501128230e+03
1.147788287350338351e+03 4.620527624501128230e+03
1.157688287350338442e+03 4.640327624501127502e+03
1.157688287350338442e+03 4.646927624501127866e+03
1.107088287350338305e+03 4.697527624501128230e+03
1.104888287350338487e+03 4.697527624501128230e+03
1.072988287350338396e+03 4.686527624501128230e+03
1.068588287350338305e+03 4.684327624501127502e+03
1.053188287350338442e+03 4.672227624501128048e+03
1.052088287350338305e+03 4.671127624501127684e+03
1.050988287350338396e+03 4.668927624501127866e+03
1.045488287350338396e+03 4.644727624501128048e+03
