1.770948242095327942e+03 4.470594974044360583e+02
1.772048242095328078e+03 4.437594974044360470e+02
1.776448242095327942e+03 4.316594974044360242e+02
1.779748242095327896e+03 4.283594974044360697e+02
1.794048242095328078e+03 4.162594974044360470e+02
1.801748242095327896e+03 4.107594974044360470e+02
1.813848242095328033e+03 4.085594974044360583e+02
1.816048242095328078e+03 4.085594974044360583e+02
1.875448242095327942e+03 4.591594974044360242e+02
1.875448242095327942e+03 4.800594974044360583e+02
1.850148242095327987e+03 5.240594974044361152e+02
1.846848242095328033e+03 5.284594974044360924e+02
1.843548242095328078e+03 5.317594974044360470e+02
1.827048242095328078e+03 5.449594974044360924e+02
1.823748242095327896e+03 5.460594974044361152e+02
1.795148242095327987e+03 5.460594974044361152e+02
1.791848242095328033e+03 5.438594974044360697e+02
1.784148242095327987e+03 5.372594974044360470e+02
1.783048242095328078e+03 5.350594974044361152e+02
1.767648242095327987e+03 4.976594974044360242e+02
1.767648242095327987e+03 4.833594974044360697e+02
1.770948242095327942e+03 4.470594974044360583e+02
