1.667757251227130837e+03 6.305790168079725845e+03
1.668857251227130746e+03 6.296990168079726573e+03
1.669957251227130655e+03 6.290390168079726209e+03
1.674357251227130746e+03 6.282690168079726391e+03
1.713957251227130655e+03 6.236490168079726573e+03
1.718357251227130746e+03 6.232090168079726027e+03
1.732657251227130700e+03 6.223290168079725845e+03
1.734857251227130746e+03 6.222190168079726391e+03
1.761257251227130837e+03 6.315690168079726391e+03
1.761257251227130837e+03 6.354190168079726391e+03
1.718357251227130746e+03 6.369590168079726027e+03
1.710657251227130700e+03 6.369590168079726027e+03
1.694157251227130700e+03 6.362990168079726573e+03
1.691957251227130655e+03 6.361890168079726209e+03
1.689757251227130837e+03 6.359690168079726391e+03
1.673257251227130837e+03 6.333290168079726755e+03
1.672157251227130700e+03 6.331090168079726027e+03
1.667757251227130837e+03 6.318990168079726573e+03
1.667757251227130837e+03 6.305790168079725845e+03
