8.873763954171562318e+02 6.901789380141010952e+03
8.884763954171562546e+02 6.897389380141010406e+03
8.895763954171562773e+02 6.895189380141010588e+03
8.939763954171562546e+02 6.887489380141010770e+03
8.950763954171562773e+02 6.886389380141010406e+03
9.236763954171563000e+02 6.868789380141010952e+03
9.280763954171562773e+02 6.866589380141010224e+03
9.313763954171563455e+02 6.865489380141010770e+03
9.357763954171563228e+02 6.864389380141010406e+03
9.467763954171563228e+02 6.862189380141010588e+03
9.533763954171563455e+02 6.861089380141010224e+03
9.643763954171563455e+02 6.859989380141010770e+03
9.753763954171563455e+02 6.859989380141010770e+03
9.786763954171563000e+02 6.861089380141010224e+03
9.918763954171563455e+02 6.866589380141010224e+03
9.995763954171562773e+02 6.872089380141010224e+03
1.011676395417156300e+03 6.883089380141010224e+03
1.011676395417156300e+03 6.899589380141010224e+03
9.819763954171562546e+02 6.945789380141010952e+03
9.786763954171563000e+02 6.947989380141010770e+03
9.742763954171563228e+02 6.950189380141010588e+03
9.665763954171562773e+02 6.951289380141010952e+03
9.500763954171562773e+02 6.951289380141010952e+03
9.434763954171562546e+02 6.949089380141010224e+03
9.104763954171562546e+02 6.936989380141010770e+03
8.895763954171562773e+02 6.929289380141010952e+03
8.873763954171562318e+02 6.922689380141010588e+03
8.873763954171562318e+02 6.901789380141010952e+03
