1.469271955958549142e+03 2.590453767271157176e+03
1.475871955958549279e+03 2.547553767271157085e+03
1.580371955958549279e+03 2.547553767271157085e+03
1.600171955958549233e+03 2.567353767271157267e+03
1.600171955958549233e+03 2.580553767271157085e+03
1.599071955958549324e+03 2.582753767271157358e+03
1.566071955958549324e+03 2.644353767271157267e+03
1.564971955958549188e+03 2.645453767271157176e+03
1.556171955958549233e+03 2.653153767271156994e+03
1.538571955958549324e+03 2.666353767271157267e+03
1.530871955958549279e+03 2.670753767271157358e+03
1.472571955958549324e+03 2.619053767271157085e+03
1.469271955958549142e+03 2.603653767271156994e+03
1.469271955958549142e+03 2.590453767271157176e+03
