1.026736141906873598e+02 2.652525665188470157e+03
1.653736141906873627e+02 2.596425665188470248e+03
1.829736141906873570e+02 2.596425665188470248e+03
2.126736141906873740e+02 2.670125665188470066e+03
2.126736141906873740e+02 2.692125665188470066e+03
1.906736141906873740e+02 2.714125665188470066e+03
1.807736141906873684e+02 2.722925665188470248e+03
1.730736141906873513e+02 2.726225665188469975e+03
1.631736141906873740e+02 2.729525665188470157e+03
1.422736141906873684e+02 2.729525665188470157e+03
1.334736141906873570e+02 2.722925665188470248e+03
1.323736141906873627e+02 2.721825665188469884e+03
1.026736141906873598e+02 2.652525665188470157e+03
