6.817144291558199711e+02 2.193556353043262789e+03
6.839144291558200166e+02 2.190256353043262607e+03
6.894144291558200166e+02 2.184756353043262607e+03
6.916144291558200621e+02 2.183656353043262698e+03
7.136144291558200621e+02 2.183656353043262698e+03
7.279144291558200166e+02 2.189156353043262698e+03
7.290144291558200393e+02 2.190256353043262607e+03
7.345144291558200393e+02 2.200156353043262698e+03
7.356144291558200621e+02 2.202356353043262516e+03
7.455144291558200393e+02 2.237556353043262789e+03
7.466144291558200621e+02 2.241956353043262880e+03
7.466144291558200621e+02 2.272756353043262607e+03
7.433144291558199939e+02 2.283756353043262607e+03
6.894144291558200166e+02 2.316756353043262607e+03
6.619144291558200166e+02 2.316756353043262607e+03
6.377144291558199711e+02 2.301356353043262516e+03
6.377144291558199711e+02 2.285956353043262880e+03
6.388144291558199939e+02 2.279356353043262516e+03
6.817144291558199711e+02 2.193556353043262789e+03
