1.747774634410543513e+03 1.294901065174219184e+03
1.748874634410543422e+03 1.291601065174219229e+03
1.773074634410543467e+03 1.227801065174219275e+03
1.780774634410543513e+03 1.227801065174219275e+03
1.835774634410543513e+03 1.300401065174219184e+03
1.835774634410543513e+03 1.303701065174219138e+03
1.803874634410543422e+03 1.348801065174219275e+03
1.802774634410543513e+03 1.349901065174219184e+03
1.798374634410543422e+03 1.353201065174219138e+03
1.796174634410543376e+03 1.354301065174219275e+03
1.792874634410543422e+03 1.355401065174219184e+03
1.782974634410543331e+03 1.357601065174219229e+03
1.759874634410543422e+03 1.357601065174219229e+03
1.744474634410543331e+03 1.342201065174219138e+03
1.741174634410543376e+03 1.336701065174219138e+03
1.741174634410543376e+03 1.324601065174219229e+03
1.747774634410543513e+03 1.294901065174219184e+03
