1.428280599273607777e+03 6.349153480629540354e+03
1.429380599273607686e+03 6.348053480629539990e+03
1.456880599273607686e+03 6.330453480629539627e+03
1.468980599273607822e+03 6.327153480629540354e+03
1.478880599273607686e+03 6.327153480629540354e+03
1.482180599273607868e+03 6.328253480629539808e+03
1.486580599273607731e+03 6.330453480629539627e+03
1.490980599273607822e+03 6.333753480629539808e+03
1.506380599273607686e+03 6.348053480629539990e+03
1.517380599273607686e+03 6.359053480629539990e+03
1.518480599273607822e+03 6.362353480629540172e+03
1.519580599273607731e+03 6.370053480629539990e+03
1.519580599273607731e+03 6.393153480629540354e+03
1.516280599273607777e+03 6.403053480629539990e+03
1.515180599273607868e+03 6.405253480629539808e+03
1.509680599273607640e+03 6.414053480629539990e+03
1.498680599273607868e+03 6.421753480629539808e+03
1.496480599273607822e+03 6.422853480629540172e+03
1.487680599273607640e+03 6.426153480629540354e+03
1.472280599273607777e+03 6.426153480629540354e+03
1.442580599273607731e+03 6.423953480629539627e+03
1.426080599273607731e+03 6.417353480629540172e+03
1.423880599273607686e+03 6.415153480629540354e+03
1.411780599273607777e+03 6.399753480629539808e+03
1.411780599273607777e+03 6.390953480629539627e+03
1.428280599273607777e+03 6.349153480629540354e+03
