6.227518304779080154e+02 2.700747826871055167e+03
6.436518304779079926e+02 2.675447826871054986e+03
6.491518304779079926e+02 2.668847826871055076e+03
6.964518304779080609e+02 2.668847826871055076e+03
7.657518304779080154e+02 2.718347826871055076e+03
7.657518304779080154e+02 2.719447826871054986e+03
7.613518304779080381e+02 2.744747826871055167e+03
7.569518304779080609e+02 2.762347826871055076e+03
7.371518304779079926e+02 2.792047826871054895e+03
7.360518304779080836e+02 2.793147826871054804e+03
7.063518304779080381e+02 2.811847826871055076e+03
7.019518304779080609e+02 2.814047826871054895e+03
6.854518304779080609e+02 2.821747826871055167e+03
6.227518304779080154e+02 2.739247826871055167e+03
6.227518304779080154e+02 2.700747826871055167e+03
