5.681901844761573557e+02 4.494924643230073343e+03
5.692901844761572647e+02 4.491624643230073161e+03
5.714901844761573102e+02 4.489424643230073343e+03
5.747901844761572647e+02 4.488324643230072979e+03
5.802901844761572647e+02 4.487224643230072616e+03
6.033901844761572875e+02 4.487224643230072616e+03
6.132901844761573784e+02 4.488324643230072979e+03
6.154901844761573102e+02 4.489424643230073343e+03
6.308901844761572875e+02 4.504824643230072979e+03
6.308901844761572875e+02 4.514724643230072616e+03
6.297901844761573784e+02 4.526824643230072979e+03
6.275901844761573329e+02 4.549924643230073343e+03
5.989901844761573102e+02 4.549924643230073343e+03
5.681901844761573557e+02 4.540024643230072797e+03
5.681901844761573557e+02 4.494924643230073343e+03
