5.511434859979394787e+02 4.219052083918703829e+03
5.522434859979395014e+02 4.216852083918704011e+03
6.215434859979394560e+02 4.148652083918703283e+03
6.512434859979395014e+02 4.148652083918703283e+03
6.567434859979395014e+02 4.155252083918703647e+03
6.622434859979395014e+02 4.173952083918703465e+03
6.622434859979395014e+02 4.223452083918703465e+03
6.589434859979395469e+02 4.301552083918703829e+03
6.468434859979395242e+02 4.302652083918703283e+03
6.204434859979395469e+02 4.303752083918703647e+03
6.050434859979394560e+02 4.303752083918703647e+03
5.962434859979395014e+02 4.301552083918703829e+03
5.786434859979394787e+02 4.285052083918703829e+03
5.764434859979395469e+02 4.282852083918704011e+03
5.610434859979394560e+02 4.263052083918703829e+03
5.511434859979394787e+02 4.232252083918703647e+03
5.511434859979394787e+02 4.219052083918703829e+03
