9.668552324195470646e+02 1.573391013110846188e+03
1.018555232419547110e+03 1.534891013110846188e+03
1.022955232419547087e+03 1.534891013110846188e+03
1.083455232419546974e+03 1.564591013110846234e+03
1.075755232419547156e+03 1.576691013110846143e+03
1.042755232419547156e+03 1.618491013110846325e+03
1.041655232419547019e+03 1.619591013110846234e+03
1.017455232419547087e+03 1.619591013110846234e+03
9.888552324195470646e+02 1.606391013110846188e+03
9.866552324195470192e+02 1.605291013110846279e+03
9.855552324195471101e+02 1.604191013110846370e+03
9.668552324195470646e+02 1.573391013110846188e+03
