1.175141886129922341e+03 7.806541936292952414e+03
1.175141886129922341e+03 7.795541936292952414e+03
1.182841886129922159e+03 7.785641936292951868e+03
1.185041886129922204e+03 7.783441936292952050e+03
1.192741886129922250e+03 7.779041936292952414e+03
1.194941886129922295e+03 7.777941936292952050e+03
1.208141886129922341e+03 7.777941936292952050e+03
1.218041886129922204e+03 7.779041936292952414e+03
1.233441886129922295e+03 7.781241936292952232e+03
1.243341886129922159e+03 7.786741936292952232e+03
1.258741886129922250e+03 7.796641936292951868e+03
1.260941886129922295e+03 7.798841936292951686e+03
1.262041886129922204e+03 7.801041936292952414e+03
1.263141886129922341e+03 7.804341936292951686e+03
1.263141886129922341e+03 7.817541936292952414e+03
1.262041886129922204e+03 7.825241936292952232e+03
1.260941886129922295e+03 7.826341936292951686e+03
1.242241886129922250e+03 7.840641936292951868e+03
1.233441886129922295e+03 7.845041936292952414e+03
1.219141886129922341e+03 7.846141936292951868e+03
1.208141886129922341e+03 7.846141936292951868e+03
1.201541886129922204e+03 7.843941936292952050e+03
1.199341886129922159e+03 7.842841936292951686e+03
1.180641886129922341e+03 7.832941936292952050e+03
1.179541886129922204e+03 7.829641936292951868e+03
1.176241886129922250e+03 7.818641936292951868e+03
1.175141886129922341e+03 7.806541936292952414e+03
