1.680288927165354380e+03 7.587133587598425038e+03
1.702288927165354380e+03 7.565133587598425038e+03
1.716588927165354335e+03 7.565133587598425038e+03
1.755088927165354335e+03 7.593733587598425402e+03
1.756188927165354244e+03 7.594833587598424856e+03
1.756188927165354244e+03 7.610233587598425402e+03
1.729788927165354380e+03 7.646533587598425584e+03
1.728688927165354244e+03 7.646533587598425584e+03
1.694588927165354335e+03 7.641033587598425584e+03
1.669288927165354380e+03 7.635533587598425584e+03
1.667088927165354335e+03 7.634433587598425220e+03
1.667088927165354335e+03 7.610233587598425402e+03
1.680288927165354380e+03 7.587133587598425038e+03
