1.029511914724048665e+03 7.973900617652919209e+03
1.053711914724048711e+03 7.943100617652919027e+03
1.054811914724048620e+03 7.942000617652918663e+03
1.059211914724048711e+03 7.939800617652918845e+03
1.075711914724048711e+03 7.934300617652918845e+03
1.084511914724048665e+03 7.932100617652919027e+03
1.094411914724048529e+03 7.932100617652919027e+03
1.105411914724048529e+03 7.935400617652919209e+03
1.120811914724048620e+03 7.942000617652918663e+03
1.125211914724048711e+03 7.944200617652918481e+03
1.125211914724048711e+03 7.973900617652919209e+03
1.101011914724048665e+03 8.022300617652918845e+03
1.096611914724048574e+03 8.022300617652918845e+03
1.063611914724048574e+03 8.015700617652919391e+03
1.054811914724048620e+03 8.012400617652919209e+03
1.042711914724048711e+03 8.004700617652919391e+03
1.038311914724048620e+03 8.001400617652919209e+03
1.031711914724048711e+03 7.994800617652918845e+03
1.029511914724048665e+03 7.991500617652918663e+03
1.029511914724048665e+03 7.973900617652919209e+03
