1.627103626149131742e+03 7.846900255362615098e+03
1.627103626149131742e+03 7.833700255362615280e+03
1.628203626149131651e+03 7.830400255362615098e+03
1.673303626149131787e+03 7.828200255362615280e+03
1.704103626149131742e+03 7.828200255362615280e+03
1.719503626149131833e+03 7.866700255362615280e+03
1.719503626149131833e+03 7.867800255362614735e+03
1.704103626149131742e+03 7.883200255362615280e+03
1.685403626149131696e+03 7.892000255362614553e+03
1.674403626149131696e+03 7.894200255362615280e+03
1.661203626149131651e+03 7.894200255362615280e+03
1.655703626149131651e+03 7.893100255362614917e+03
1.649103626149131742e+03 7.890900255362615098e+03
1.643603626149131742e+03 7.885400255362615098e+03
1.628203626149131651e+03 7.865600255362614917e+03
1.627103626149131742e+03 7.846900255362615098e+03
