7.597254044239023187e+02 1.950970452294486677e+03
7.586254044239022960e+02 1.946570452294486586e+03
7.586254044239022960e+02 1.915770452294486631e+03
7.608254044239022278e+02 1.912470452294486677e+03
7.674254044239022505e+02 1.905870452294486540e+03
7.762254044239023187e+02 1.898170452294486722e+03
7.784254044239022505e+02 1.897070452294486586e+03
7.949254044239022505e+02 1.897070452294486586e+03
7.971254044239022960e+02 1.898170452294486722e+03
8.158254044239022278e+02 1.910270452294486631e+03
8.257254044239023187e+02 1.916870452294486540e+03
8.301254044239022960e+02 1.920170452294486722e+03
8.466254044239022960e+02 1.936670452294486722e+03
8.477254044239023187e+02 1.938870452294486540e+03
8.554254044239022505e+02 1.956470452294486677e+03
8.554254044239022505e+02 1.972970452294486677e+03
8.499254044239022505e+02 1.990570452294486586e+03
8.411254044239022960e+02 2.002670452294486722e+03
8.400254044239022733e+02 2.003770452294486631e+03
8.301254044239022960e+02 2.009270452294486631e+03
8.224254044239022505e+02 2.011470452294486677e+03
8.125254044239022733e+02 2.011470452294486677e+03
8.103254044239022278e+02 2.010370452294486540e+03
7.674254044239022505e+02 1.968570452294486586e+03
7.597254044239023187e+02 1.950970452294486677e+03
