3.588890816326530739e+02 4.310719591836734708e+02
3.830890816326530626e+02 4.068719591836734821e+02
4.006890816326530853e+02 4.068719591836734821e+02
4.820890816326530626e+02 4.200719591836734708e+02
4.897890816326530512e+02 4.244719591836734480e+02
4.743890816326530739e+02 4.563719591836734821e+02
4.732890816326530512e+02 4.585719591836734708e+02
4.006890816326530853e+02 4.783719591836734821e+02
3.687890816326530512e+02 4.783719591836734821e+02
3.588890816326530739e+02 4.442719591836734594e+02
3.588890816326530739e+02 4.310719591836734708e+02
