2.990992317919929064e+02 6.437590825823607702e+03
3.155992317919929064e+02 6.412290825823607520e+03
3.177992317919928951e+02 6.408990825823607338e+03
3.199992317919928837e+02 6.406790825823607520e+03
3.551992317919929292e+02 6.372690825823607156e+03
4.013992317919929178e+02 6.407890825823607884e+03
4.079992317919928837e+02 6.451890825823607884e+03
4.079992317919928837e+02 6.452990825823607338e+03
3.705992317919929064e+02 6.502490825823607338e+03
3.507992317919928951e+02 6.502490825823607338e+03
2.924992317919928837e+02 6.456290825823607520e+03
2.924992317919928837e+02 6.448590825823607702e+03
2.935992317919929064e+02 6.446390825823607884e+03
2.990992317919929064e+02 6.437590825823607702e+03
