1.161617541930162076e+02 3.583367418201814871e+03
1.744617541930162190e+02 3.553667418201814598e+03
2.129617541930162190e+02 3.553667418201814598e+03
2.162617541930162304e+02 3.593267418201814507e+03
2.162617541930162304e+02 3.606467418201814780e+03
2.085617541930162133e+02 3.641667418201814598e+03
1.843617541930162247e+02 3.665867418201814871e+03
1.634617541930162190e+02 3.681267418201814507e+03
1.612617541930162304e+02 3.681267418201814507e+03
1.161617541930162076e+02 3.636167418201814598e+03
1.161617541930162076e+02 3.583367418201814871e+03
