4.619703015578105010e+02 1.400831899385450924e+03
4.652703015578105123e+02 1.375531899385450970e+03
4.938703015578104782e+02 1.346931899385450834e+03
5.290703015578104669e+02 1.346931899385450834e+03
5.312703015578105123e+02 1.348031899385450970e+03
5.356703015578104896e+02 1.351331899385450924e+03
5.378703015578105351e+02 1.353531899385450970e+03
5.400703015578104669e+02 1.357931899385450834e+03
5.521703015578104896e+02 1.383231899385451015e+03
5.532703015578105123e+02 1.386531899385450970e+03
5.543703015578105351e+02 1.406331899385450924e+03
5.543703015578105351e+02 1.421731899385451015e+03
5.521703015578104896e+02 1.427231899385451015e+03
5.444703015578104441e+02 1.434931899385450834e+03
5.290703015578104669e+02 1.444831899385450924e+03
5.059703015578105010e+02 1.459131899385450879e+03
4.938703015578104782e+02 1.459131899385450879e+03
4.740703015578104669e+02 1.454731899385451015e+03
4.718703015578104782e+02 1.453631899385450879e+03
4.619703015578105010e+02 1.445931899385450834e+03
4.619703015578105010e+02 1.400831899385450924e+03
