3.480855901520637303e+02 3.096880593772628345e+03
3.645855901520637303e+02 3.080380593772628345e+03
3.656855901520636962e+02 3.080380593772628345e+03
3.843855901520637417e+02 3.083680593772628526e+03
3.920855901520637303e+02 3.085880593772628345e+03
4.085855901520637303e+02 3.094680593772628526e+03
4.184855901520637076e+02 3.121080593772628617e+03
4.184855901520637076e+02 3.147480593772628708e+03
3.953855901520637417e+02 3.180480593772628708e+03
3.755855901520637303e+02 3.200280593772628436e+03
3.502855901520637190e+02 3.200280593772628436e+03
3.018855901520637417e+02 3.162880593772628345e+03
3.018855901520637417e+02 3.159580593772628617e+03
3.480855901520637303e+02 3.096880593772628345e+03
