1.770579769353453685e+03 2.673462360446570983e+03
1.774979769353453548e+03 2.664662360446570801e+03
1.814579769353453685e+03 2.664662360446570801e+03
1.857479769353453548e+03 2.674562360446570892e+03
1.858579769353453685e+03 2.675662360446570801e+03
1.864079769353453685e+03 2.685562360446570892e+03
1.864079769353453685e+03 2.697662360446570801e+03
1.862979769353453548e+03 2.705362360446571074e+03
1.860779769353453503e+03 2.719662360446570801e+03
1.859679769353453594e+03 2.725162360446570801e+03
1.856379769353453639e+03 2.739462360446570983e+03
1.849779769353453503e+03 2.753762360446571165e+03
1.848679769353453594e+03 2.755962360446570983e+03
1.844279769353453503e+03 2.761462360446570983e+03
1.837679769353453594e+03 2.769162360446570801e+03
1.836579769353453685e+03 2.770262360446571165e+03
1.803579769353453685e+03 2.801062360446570892e+03
1.778279769353453503e+03 2.801062360446570892e+03
1.745279769353453503e+03 2.768062360446570892e+03
1.745279769353453503e+03 2.766962360446570983e+03
1.770579769353453685e+03 2.673462360446570983e+03
