8.497986727776186626e+02 3.652828530507018058e+03
8.497986727776186626e+02 3.639628530507018240e+03
8.508986727776186854e+02 3.637428530507017967e+03
9.124986727776185944e+02 3.619828530507018058e+03
9.179986727776185944e+02 3.619828530507018058e+03
9.619986727776185944e+02 3.663828530507018058e+03
9.751986727776186399e+02 3.678128530507018240e+03
9.762986727776186626e+02 3.680328530507018058e+03
9.762986727776186626e+02 3.691328530507018058e+03
9.729986727776185944e+02 3.721028530507017877e+03
9.652986727776186626e+02 3.746328530507018058e+03
9.630986727776186171e+02 3.750728530507018149e+03
9.509986727776185944e+02 3.763928530507017967e+03
9.410986727776186171e+02 3.772728530507018149e+03
9.388986727776186854e+02 3.773828530507018058e+03
9.245986727776186171e+02 3.774928530507017967e+03
9.124986727776185944e+02 3.774928530507017967e+03
8.904986727776185944e+02 3.761728530507018149e+03
8.761986727776186399e+02 3.741928530507017967e+03
8.739986727776185944e+02 3.738628530507018240e+03
8.717986727776186626e+02 3.734228530507018149e+03
8.497986727776186626e+02 3.652828530507018058e+03
