-1.137832453192511650e+01 8.153862273963834014e+03
9.532167546807488634e+01 8.132962273963834377e+03
1.294216754680748807e+02 8.126362273963834014e+03
1.459216754680749091e+02 8.126362273963834014e+03
1.734216754680749091e+02 8.134062273963833832e+03
1.855216754680749034e+02 8.139562273963833832e+03
1.899216754680749091e+02 8.141762273963834559e+03
2.097216754680749204e+02 8.153862273963834014e+03
2.218216754680748863e+02 8.172562273963833832e+03
2.218216754680748863e+02 8.183562273963833832e+03
2.020216754680749034e+02 8.203362273963834014e+03
1.954216754680749091e+02 8.207762273963833650e+03
1.932216754680748920e+02 8.208862273963834014e+03
1.657216754680748920e+02 8.219862273963834014e+03
9.862167546807489771e+01 8.225362273963834014e+03
8.762167546807489771e+01 8.225362273963834014e+03
-1.137832453192511650e+01 8.198962273963834377e+03
-1.137832453192511650e+01 8.153862273963834014e+03
