1.806588248175182571e+03 4.754713357664233627e+03
1.839588248175182571e+03 4.706313357664233081e+03
1.856088248175182571e+03 4.705213357664233627e+03
1.868188248175182480e+03 4.705213357664233627e+03
1.871488248175182434e+03 4.706313357664233081e+03
1.872588248175182571e+03 4.707413357664233445e+03
1.872588248175182571e+03 4.798713357664233627e+03
1.857188248175182480e+03 4.798713357664233627e+03
1.806588248175182571e+03 4.795413357664233445e+03
1.806588248175182571e+03 4.754713357664233627e+03
