4.971387223446030248e+02 6.902559151422277864e+03
5.543387223446029566e+02 6.895959151422277500e+03
5.686387223446030248e+02 6.895959151422277500e+03
6.698387223446029566e+02 6.911359151422277137e+03
6.731387223446030248e+02 6.912459151422277500e+03
6.830387223446030021e+02 6.917959151422277500e+03
6.841387223446030248e+02 6.919059151422277864e+03
6.841387223446030248e+02 6.938859151422277137e+03
6.830387223446030021e+02 6.950959151422277500e+03
6.808387223446029566e+02 6.952059151422277864e+03
6.621387223446030248e+02 6.959759151422277682e+03
6.588387223446029566e+02 6.960859151422277137e+03
5.620387223446030021e+02 6.983959151422277500e+03
5.532387223446030475e+02 6.985059151422277864e+03
5.389387223446029793e+02 6.985059151422277864e+03
4.861387223446030248e+02 6.979559151422277864e+03
4.795387223446030021e+02 6.971859151422278046e+03
4.751387223446030248e+02 6.952059151422277864e+03
4.751387223446030248e+02 6.948759151422277682e+03
4.971387223446030248e+02 6.902559151422277864e+03
