-5.480846506884248015e+00 5.476055910249872795e+03
1.101915349311575198e+01 5.462855910249872068e+03
2.751915349311575554e+01 5.462855910249872068e+03
1.045191534931157662e+02 5.477155910249872250e+03
1.133191534931157634e+02 5.479355910249872977e+03
1.155191534931157662e+02 5.480455910249872431e+03
1.298191534931157776e+02 5.490355910249872068e+03
1.320191534931157662e+02 5.492555910249872795e+03
1.342191534931157832e+02 5.495855910249872068e+03
1.353191534931157776e+02 5.498055910249872795e+03
1.364191534931157719e+02 5.501355910249872977e+03
1.364191534931157719e+02 5.512355910249872068e+03
1.353191534931157776e+02 5.516755910249872613e+03
1.309191534931157719e+02 5.528855910249872977e+03
1.287191534931157832e+02 5.531055910249872795e+03
8.471915349311575483e+01 5.565155910249872250e+03
5.061915349311576051e+01 5.573955910249872431e+03
3.961915349311575341e+01 5.576155910249872250e+03
2.641915349311575412e+01 5.576155910249872250e+03
-5.480846506884248015e+00 5.571755910249872613e+03
-5.480846506884248015e+00 5.476055910249872795e+03
