3.087964592274678353e+02 2.650948019898556140e+03
3.142964592274678353e+02 2.619048019898556504e+03
3.263964592274678012e+02 2.588248019898556322e+03
3.318964592274678012e+02 2.581648019898556413e+03
3.362964592274678353e+02 2.578348019898556231e+03
3.384964592274678239e+02 2.577248019898556322e+03
3.549964592274678239e+02 2.577248019898556322e+03
3.615964592274677898e+02 2.579448019898556595e+03
3.659964592274678239e+02 2.581648019898556413e+03
4.011964592274678125e+02 2.616848019898556231e+03
4.022964592274678353e+02 2.619048019898556504e+03
4.022964592274678353e+02 2.628948019898556595e+03
4.000964592274677898e+02 2.670748019898556322e+03
3.967964592274678353e+02 2.718048019898556504e+03
3.692964592274678353e+02 2.745548019898556504e+03
3.582964592274678353e+02 2.745548019898556504e+03
3.494964592274678239e+02 2.744448019898556595e+03
3.461964592274678125e+02 2.743348019898556231e+03
3.439964592274678239e+02 2.742248019898556322e+03
3.230964592274677898e+02 2.723548019898556504e+03
3.219964592274678239e+02 2.722448019898556595e+03
3.186964592274678125e+02 2.716948019898556595e+03
3.175964592274677898e+02 2.714748019898556322e+03
3.120964592274677898e+02 2.702648019898556413e+03
3.087964592274678353e+02 2.689448019898556595e+03
3.076964592274678125e+02 2.676248019898556322e+03
3.076964592274678125e+02 2.666348019898556231e+03
3.087964592274678353e+02 2.650948019898556140e+03
