1.461509884678747994e+03 6.668395481289715462e+03
1.486809884678747949e+03 6.626595481289715281e+03
1.490109884678747903e+03 6.623295481289715099e+03
1.556109884678747903e+03 6.593595481289715281e+03
1.566009884678747994e+03 6.593595481289715281e+03
1.571509884678747994e+03 6.595795481289715099e+03
1.600109884678747903e+03 6.610095481289715281e+03
1.613309884678747949e+03 6.681595481289715281e+03
1.613309884678747949e+03 6.682695481289715644e+03
1.556109884678747903e+03 6.715695481289714735e+03
1.472509884678747994e+03 6.760795481289715099e+03
1.448309884678747949e+03 6.762995481289714917e+03
1.437309884678747949e+03 6.762995481289714917e+03
1.434009884678747994e+03 6.761895481289715462e+03
1.432909884678747858e+03 6.760795481289715099e+03
1.431809884678747949e+03 6.758595481289715281e+03
1.429609884678747903e+03 6.753095481289715281e+03
1.428509884678747994e+03 6.749795481289715099e+03
1.427409884678747858e+03 6.743195481289714735e+03
1.427409884678747858e+03 6.728895481289715462e+03
1.428509884678747994e+03 6.726695481289715644e+03
1.461509884678747994e+03 6.668395481289715462e+03
