9.941023652882205397e+02 6.426576895363408767e+03
9.952023652882205624e+02 6.426576895363408767e+03
1.056802365288220471e+03 6.446376895363408039e+03
1.060102365288220653e+03 6.449676895363408221e+03
1.073302365288220471e+03 6.532176895363408221e+03
1.073302365288220471e+03 6.536576895363408767e+03
1.002902365288220494e+03 6.553076895363408767e+03
9.864023652882204942e+02 6.553076895363408767e+03
9.611023652882205397e+02 6.536576895363408767e+03
9.611023652882205397e+02 6.514576895363408767e+03
9.941023652882205397e+02 6.426576895363408767e+03
