1.500260146882493927e+03 4.967318300359712339e+03
1.506860146882494064e+03 4.922218300359711975e+03
1.551960146882493973e+03 4.911218300359711975e+03
1.598160146882494018e+03 4.967318300359712339e+03
1.598160146882494018e+03 4.993718300359711975e+03
1.597060146882494109e+03 4.994818300359712339e+03
1.539860146882494064e+03 5.039918300359711793e+03
1.505760146882493927e+03 5.039918300359711793e+03
1.500260146882493927e+03 5.034418300359712703e+03
1.500260146882493927e+03 4.967318300359712339e+03
