1.641848142011834398e+03 4.373612390532543941e+03
1.641848142011834398e+03 4.361512390532544487e+03
1.647348142011834398e+03 4.347212390532544305e+03
1.657248142011834261e+03 4.327412390532544123e+03
1.678148142011834352e+03 4.293312390532544669e+03
1.696848142011834398e+03 4.293312390532544669e+03
1.712248142011834261e+03 4.308712390532544305e+03
1.732048142011834443e+03 4.343912390532544123e+03
1.732048142011834443e+03 4.408812390532544669e+03
1.688048142011834443e+03 4.452812390532544669e+03
1.651748142011834261e+03 4.452812390532544669e+03
1.641848142011834398e+03 4.373612390532543941e+03
