8.776581962091231048e+01 6.783984898979379068e+03
8.776581962091231048e+01 6.763084898979379432e+03
1.251658196209123162e+02 6.741084898979379432e+03
1.625658196209123219e+02 6.741084898979379432e+03
1.735658196209123219e+02 6.757584898979379432e+03
1.746658196209123162e+02 6.760884898979379614e+03
1.746658196209123162e+02 6.780684898979378886e+03
1.735658196209123219e+02 6.787284898979379250e+03
1.713658196209123048e+02 6.796084898979379432e+03
1.647658196209123105e+02 6.808184898979379795e+03
1.570658196209123219e+02 6.816984898979379068e+03
1.559658196209123275e+02 6.818084898979379432e+03
1.460658196209123219e+02 6.826884898979379614e+03
1.196658196209123162e+02 6.845584898979379432e+03
1.163658196209123048e+02 6.845584898979379432e+03
8.776581962091231048e+01 6.783984898979379068e+03
