-3.082356523062870224e+00 7.015716760541939038e+03
3.517643476937127645e+00 7.015716760541939038e+03
6.291764347693712978e+01 7.021216760541939038e+03
6.951764347693713830e+01 7.024516760541939220e+03
7.281764347693713546e+01 7.027816760541939402e+03
7.391764347693712978e+01 7.030016760541939220e+03
7.391764347693712978e+01 7.071816760541939402e+03
5.631764347693713546e+01 7.126816760541939402e+03
5.521764347693712693e+01 7.127916760541939766e+03
5.301764347693713120e+01 7.129016760541939220e+03
1.671764347693712693e+01 7.137816760541939402e+03
3.517643476937127645e+00 7.137816760541939402e+03
-3.082356523062870224e+00 7.136716760541939038e+03
-3.082356523062870224e+00 7.015716760541939038e+03
