1.060490614421123837e+03 6.431445472241029165e+03
1.068190614421123882e+03 6.422645472241028983e+03
1.071490614421123837e+03 6.419345472241028801e+03
1.130890614421123928e+03 6.378645472241028983e+03
1.142990614421123837e+03 6.378645472241028983e+03
1.213390614421123928e+03 6.401745472241029347e+03
1.215590614421123973e+03 6.402845472241028801e+03
1.223290614421124019e+03 6.408345472241028801e+03
1.226590614421123973e+03 6.412745472241029347e+03
1.229890614421123928e+03 6.421545472241028619e+03
1.229890614421123928e+03 6.438045472241028619e+03
1.228790614421124019e+03 6.443545472241028619e+03
1.227690614421123882e+03 6.444645472241028983e+03
1.139690614421123882e+03 6.506245472241029347e+03
1.065990614421123837e+03 6.506245472241029347e+03
1.050590614421123973e+03 6.502945472241029165e+03
1.049490614421123837e+03 6.465545472241028619e+03
1.049490614421123837e+03 6.455645472241028983e+03
1.060490614421123837e+03 6.431445472241029165e+03
