9.047098233995584451e+02 4.520066795437822293e+03
9.322098233995584451e+02 4.507966795437821929e+03
9.476098233995585360e+02 4.501366795437821565e+03
9.509098233995584906e+02 4.500266795437822111e+03
9.938098233995584678e+02 4.496966795437821929e+03
9.982098233995585588e+02 4.496966795437821929e+03
9.982098233995585588e+02 4.548666795437821747e+03
9.817098233995585588e+02 4.570666795437821747e+03
9.344098233995584906e+02 4.589366795437821565e+03
9.157098233995584451e+02 4.595966795437821929e+03
9.146098233995585360e+02 4.595966795437821929e+03
9.047098233995584451e+02 4.548666795437821747e+03
9.047098233995584451e+02 4.520066795437822293e+03
