1.606165565836298811e+03 1.361961167259786407e+03
1.606165565836298811e+03 1.336661167259786453e+03
1.651265565836298947e+03 1.293761167259786362e+03
1.669965565836298993e+03 1.293761167259786362e+03
1.726065565836298902e+03 1.367461167259786407e+03
1.726065565836298902e+03 1.376261167259786589e+03
1.704065565836298902e+03 1.398261167259786362e+03
1.665565565836298902e+03 1.430161167259786453e+03
1.651265565836298947e+03 1.430161167259786453e+03
1.649065565836298902e+03 1.427961167259786407e+03
1.606165565836298811e+03 1.361961167259786407e+03
