3.778102869287991439e+02 7.795109458023379148e+02
3.789102869287991666e+02 7.630109458023379148e+02
3.844102869287991666e+02 7.531109458023379375e+02
3.855102869287991325e+02 7.520109458023379148e+02
4.020102869287991325e+02 7.410109458023379148e+02
4.229102869287991666e+02 7.388109458023379830e+02
4.361102869287991552e+02 7.388109458023379830e+02
4.537102869287991780e+02 7.564109458023378920e+02
4.548102869287991439e+02 7.586109458023379375e+02
4.548102869287991439e+02 7.707109458023379602e+02
4.460102869287991325e+02 7.982109458023379602e+02
4.449102869287991666e+02 8.004109458023378920e+02
4.218102869287991439e+02 8.312109458023379602e+02
4.207102869287991780e+02 8.323109458023379830e+02
4.185102869287991325e+02 8.334109458023378920e+02
4.086102869287991552e+02 8.367109458023379602e+02
3.932102869287991780e+02 8.367109458023379602e+02
3.866102869287991552e+02 8.312109458023379602e+02
3.833102869287991439e+02 8.279109458023378920e+02
3.822102869287991211e+02 8.257109458023379602e+02
3.778102869287991439e+02 7.960109458023379148e+02
3.778102869287991439e+02 7.795109458023379148e+02
