1.866143280925541319e+02 5.972018599822011311e+03
2.031143280925541319e+02 5.937918599822010947e+03
2.240143280925541376e+02 5.917018599822011311e+03
2.295143280925541376e+02 5.917018599822011311e+03
2.394143280925541433e+02 5.922518599822011311e+03
2.405143280925541376e+02 5.923618599822011674e+03
2.867143280925541262e+02 5.975318599822011493e+03
2.867143280925541262e+02 5.999518599822011311e+03
2.856143280925541603e+02 6.001718599822011129e+03
2.768143280925541490e+02 6.016018599822011311e+03
2.757143280925541262e+02 6.017118599822011674e+03
2.691143280925541603e+02 6.022618599822011674e+03
2.559143280925541433e+02 6.032518599822011311e+03
2.306143280925541319e+02 6.042418599822010947e+03
2.240143280925541376e+02 6.042418599822010947e+03
2.185143280925541376e+02 6.036918599822010947e+03
1.954143280925541433e+02 6.010518599822011311e+03
1.866143280925541319e+02 5.999518599822011311e+03
1.866143280925541319e+02 5.972018599822011311e+03
