9.078570401519261850e+02 3.350951451437872947e+03
9.078570401519261850e+02 3.336651451437873220e+03
9.111570401519262532e+02 3.323451451437872947e+03
9.661570401519262532e+02 3.293751451437873129e+03
9.936570401519262532e+02 3.293751451437873129e+03
1.014557040151926230e+03 3.317951451437872947e+03
1.015657040151926253e+03 3.336651451437873220e+03
1.015657040151926253e+03 3.350951451437872947e+03
1.003557040151926230e+03 3.380651451437873220e+03
1.002457040151926208e+03 3.382851451437873038e+03
9.925570401519262305e+02 3.398251451437873129e+03
9.683570401519261850e+02 3.409251451437873129e+03
9.584570401519262077e+02 3.410351451437873038e+03
9.452570401519261623e+02 3.410351451437873038e+03
9.430570401519262305e+02 3.409251451437873129e+03
9.320570401519262305e+02 3.401551451437872856e+03
9.309570401519262077e+02 3.400451451437872947e+03
9.100570401519262305e+02 3.357551451437872856e+03
9.078570401519261850e+02 3.350951451437872947e+03
