1.020653265095612142e+03 2.679883527731492450e+03
1.067953265095612096e+03 2.647983527731492359e+03
1.080053265095612232e+03 2.647983527731492359e+03
1.093253265095612278e+03 2.651283527731492541e+03
1.095453265095612096e+03 2.652383527731492450e+03
1.132853265095612187e+03 2.687583527731492723e+03
1.132853265095612187e+03 2.727183527731492632e+03
1.106453265095612096e+03 2.786583527731492723e+03
1.042653265095612142e+03 2.786583527731492723e+03
9.865532650956121188e+02 2.776683527731492632e+03
9.744532650956120960e+02 2.764583527731492723e+03
9.733532650956121870e+02 2.751383527731492450e+03
9.733532650956121870e+02 2.727183527731492632e+03
1.020653265095612142e+03 2.679883527731492450e+03
