1.005507361234787822e+03 7.299582517067378831e+03
1.052807361234787777e+03 7.292982517067379376e+03
1.068207361234787868e+03 7.340282517067378649e+03
1.068207361234787868e+03 7.358982517067379376e+03
1.051707361234787868e+03 7.369982517067379376e+03
1.049507361234787822e+03 7.371082517067378831e+03
1.045107361234787732e+03 7.372182517067379194e+03
1.017607361234787732e+03 7.377682517067379194e+03
1.007707361234787754e+03 7.377682517067379194e+03
1.005507361234787822e+03 7.340282517067378649e+03
1.005507361234787822e+03 7.299582517067378831e+03
