1.623042793143747531e+03 7.076368348266459179e+03
1.632942793143747622e+03 7.042268348266458815e+03
1.639542793143747531e+03 7.042268348266458815e+03
1.667042793143747531e+03 7.044468348266458634e+03
1.678042793143747531e+03 7.045568348266458997e+03
1.683542793143747531e+03 7.046668348266459361e+03
1.705542793143747531e+03 7.055468348266458634e+03
1.708842793143747485e+03 7.058768348266458815e+03
1.713242793143747576e+03 7.064268348266458815e+03
1.715442793143747622e+03 7.068668348266458452e+03
1.718742793143747576e+03 7.077468348266458634e+03
1.718742793143747576e+03 7.091768348266458815e+03
1.717642793143747667e+03 7.096168348266459361e+03
1.711042793143747531e+03 7.102768348266458815e+03
1.702242793143747576e+03 7.110468348266458634e+03
1.628542793143747531e+03 7.126968348266458634e+03
1.623042793143747531e+03 7.126968348266458634e+03
1.623042793143747531e+03 7.076368348266459179e+03
