6.832094668117518665e+01 7.638945565832426837e+03
7.272094668117517813e+01 7.627945565832426837e+03
8.152094668117518950e+01 7.620245565832426109e+03
8.372094668117519234e+01 7.619145565832426655e+03
8.922094668117519234e+01 7.618045565832426291e+03
1.145209466811751895e+02 7.618045565832426291e+03
1.343209466811752009e+02 7.624645565832426655e+03
1.365209466811751895e+02 7.625745565832426109e+03
1.409209466811751952e+02 7.629045565832426291e+03
1.420209466811751895e+02 7.630145565832426655e+03
1.453209466811752009e+02 7.634545565832426291e+03
1.464209466811751952e+02 7.636745565832426109e+03
1.475209466811751895e+02 7.640045565832426291e+03
1.475209466811751895e+02 7.654345565832426473e+03
1.464209466811751952e+02 7.665345565832426473e+03
1.453209466811752009e+02 7.668645565832426655e+03
1.431209466811751838e+02 7.673045565832426291e+03
1.354209466811751952e+02 7.680745565832427019e+03
1.288209466811752009e+02 7.685145565832426655e+03
1.123209466811751867e+02 7.685145565832426655e+03
1.002209466811751923e+02 7.681845565832426473e+03
9.692094668117519518e+01 7.680745565832427019e+03
7.822094668117519234e+01 7.673045565832426291e+03
7.602094668117518950e+01 7.670845565832426473e+03
7.382094668117518665e+01 7.666445565832426837e+03
6.832094668117518665e+01 7.653245565832427019e+03
6.832094668117518665e+01 7.638945565832426837e+03
