1.759314975399754076e+03 6.349493419434194038e+03
1.782414975399753985e+03 6.340693419434193856e+03
1.819814975399754076e+03 6.340693419434193856e+03
1.834114975399754030e+03 6.383593419434194402e+03
1.834114975399754030e+03 6.395693419434193856e+03
1.833014975399754121e+03 6.406693419434194766e+03
1.829714975399753939e+03 6.415493419434194038e+03
1.828614975399754030e+03 6.417693419434193856e+03
1.813214975399753939e+03 6.433093419434194402e+03
1.797814975399754076e+03 6.446293419434194220e+03
1.778014975399753894e+03 6.460593419434194402e+03
1.767014975399753894e+03 6.462793419434194220e+03
1.750514975399753894e+03 6.462793419434194220e+03
1.749414975399753985e+03 6.461693419434194766e+03
1.749414975399753985e+03 6.405593419434194402e+03
1.759314975399754076e+03 6.349493419434194038e+03
