6.703593457309623318e+02 1.308718596443599836e+03
6.791593457309624000e+02 1.299918596443599881e+03
7.253593457309624455e+02 1.259218596443599836e+03
7.275593457309623773e+02 1.258118596443599927e+03
7.330593457309623773e+02 1.255918596443599881e+03
7.605593457309623773e+02 1.255918596443599881e+03
8.078593457309624455e+02 1.308718596443599836e+03
8.078593457309624455e+02 1.309818596443599745e+03
8.067593457309624227e+02 1.315318596443599745e+03
8.034593457309623545e+02 1.325218596443599836e+03
7.704593457309623545e+02 1.358218596443599836e+03
7.165593457309623773e+02 1.367018596443599790e+03
7.154593457309623545e+02 1.365918596443599881e+03
6.703593457309623318e+02 1.315318596443599745e+03
6.703593457309623318e+02 1.308718596443599836e+03
