-1.761286549707602234e+00 8.206635828460039193e+03
2.638713450292396345e+00 8.206635828460039193e+03
7.038713450292396701e+00 8.207735828460039556e+03
9.238713450292397766e+00 8.208835828460038101e+03
1.253871345029239848e+01 8.211035828460038829e+03
2.793871345029239706e+01 8.224235828460039556e+03
3.013871345029239990e+01 8.226435828460038465e+03
4.443871345029239706e+01 8.247335828460038101e+03
4.553871345029239848e+01 8.249535828460038829e+03
4.553871345029239848e+01 8.269335828460039920e+03
4.443871345029239706e+01 8.278135828460039193e+03
4.223871345029240132e+01 8.280335828460039920e+03
1.143871345029239706e+01 8.295735828460039556e+03
4.387134502923970558e-01 8.295735828460039556e+03
-1.761286549707602234e+00 8.294635828460039193e+03
-1.761286549707602234e+00 8.206635828460039193e+03
