3.131057824358510970e+02 4.103624876520901125e+03
3.153057824358510857e+02 4.100324876520900943e+03
3.417057824358511198e+02 4.061824876520900943e+03
3.725057824358511311e+02 4.061824876520900943e+03
4.132057824358511198e+02 4.065124876520901125e+03
4.176057824358510970e+02 4.109124876520901125e+03
4.176057824358510970e+02 4.139924876520901307e+03
4.121057824358510970e+02 4.153124876520901125e+03
4.110057824358511311e+02 4.155324876520900943e+03
4.099057824358511084e+02 4.156424876520901307e+03
4.055057824358510743e+02 4.159724876520901489e+03
4.022057824358511198e+02 4.161924876520901307e+03
3.967057824358511198e+02 4.165224876520901489e+03
3.879057824358511084e+02 4.169624876520901125e+03
3.692057824358511198e+02 4.175124876520901125e+03
3.593057824358510857e+02 4.177324876520900943e+03
3.461057824358510970e+02 4.177324876520900943e+03
3.428057824358510857e+02 4.176224876520901489e+03
3.296057824358510970e+02 4.168524876520900762e+03
3.219057824358511084e+02 4.159724876520901489e+03
3.131057824358510970e+02 4.143224876520901489e+03
3.131057824358510970e+02 4.103624876520901125e+03
