1.196304565106815971e+03 2.966647329603255457e+03
1.259004565106815789e+03 2.942447329603255184e+03
1.271104565106815926e+03 2.941347329603255275e+03
1.286504565106815789e+03 2.941347329603255275e+03
1.288704565106815835e+03 2.942447329603255184e+03
1.296404565106815880e+03 2.947947329603255184e+03
1.300804565106815971e+03 2.952347329603255275e+03
1.308504565106815789e+03 2.962247329603255366e+03
1.310704565106815835e+03 2.991947329603255184e+03
1.310704565106815835e+03 3.008447329603255184e+03
1.308504565106815789e+03 3.019447329603255184e+03
1.303004565106815789e+03 3.032647329603255457e+03
1.300804565106815971e+03 3.037047329603255093e+03
1.242504565106815789e+03 3.097547329603255548e+03
1.196304565106815971e+03 3.016147329603255457e+03
1.196304565106815971e+03 2.966647329603255457e+03
