2.920517123287671097e+02 7.754916438356164690e+03
3.239517123287671438e+02 7.746116438356164508e+03
3.536517123287671325e+02 7.746116438356164508e+03
3.547517123287670984e+02 7.750516438356164144e+03
3.547517123287670984e+02 7.764816438356164326e+03
3.536517123287671325e+02 7.783516438356164144e+03
3.492517123287670984e+02 7.798916438356164690e+03
3.459517123287671438e+02 7.805516438356164144e+03
3.437517123287670984e+02 7.807716438356164872e+03
3.415517123287671097e+02 7.808816438356164326e+03
3.327517123287670984e+02 7.811016438356164144e+03
3.162517123287670984e+02 7.811016438356164144e+03
3.107517123287670984e+02 7.809916438356164690e+03
3.063517123287671211e+02 7.807716438356164872e+03
2.953517123287671211e+02 7.796716438356164872e+03
2.942517123287670984e+02 7.792316438356164326e+03
2.920517123287671097e+02 7.781316438356164326e+03
2.920517123287671097e+02 7.754916438356164690e+03
