1.227775276945132191e+03 1.990546122768148052e+03
1.227775276945132191e+03 1.989446122768148143e+03
1.228875276945132327e+03 1.986146122768147961e+03
1.267375276945132327e+03 1.941046122768148052e+03
1.292675276945132282e+03 1.934446122768148143e+03
1.334475276945132237e+03 1.934446122768148143e+03
1.342175276945132282e+03 2.003746122768148098e+03
1.344375276945132327e+03 2.040046122768148052e+03
1.344375276945132327e+03 2.053246122768147870e+03
1.292675276945132282e+03 2.053246122768147870e+03
1.227775276945132191e+03 1.990546122768148052e+03
