1.694698877080409147e+03 6.864285021054742174e+03
1.694698877080409147e+03 6.858785021054742174e+03
1.741998877080409102e+03 6.822485021054741992e+03
1.750798877080409056e+03 6.822485021054741992e+03
1.801398877080408965e+03 6.873085021054742356e+03
1.801398877080408965e+03 6.877485021054741992e+03
1.800298877080409056e+03 6.882985021054741992e+03
1.741998877080409102e+03 6.915985021054741992e+03
1.710098877080409011e+03 6.915985021054741992e+03
1.702398877080408965e+03 6.902785021054742174e+03
1.699098877080409011e+03 6.896185021054742720e+03
1.694698877080409147e+03 6.864285021054742174e+03
