1.244286674454128843e+03 2.363733848503908575e+03
1.244286674454128843e+03 2.360433848503908848e+03
1.310286674454128843e+03 2.294433848503908848e+03
1.312486674454128888e+03 2.294433848503908848e+03
1.332286674454128843e+03 2.299933848503908848e+03
1.335586674454128797e+03 2.301033848503908757e+03
1.378486674454128888e+03 2.329633848503908666e+03
1.399386674454128752e+03 2.349433848503908848e+03
1.399386674454128752e+03 2.360433848503908848e+03
1.389486674454128888e+03 2.396733848503908575e+03
1.386186674454128934e+03 2.404433848503908848e+03
1.385086674454128797e+03 2.406633848503908666e+03
1.381786674454128843e+03 2.411033848503908757e+03
1.378486674454128888e+03 2.414333848503908939e+03
1.360886674454128752e+03 2.427533848503908757e+03
1.348786674454128843e+03 2.431933848503908848e+03
1.345486674454128888e+03 2.433033848503908757e+03
1.326786674454128843e+03 2.437433848503908848e+03
1.313586674454128797e+03 2.437433848503908848e+03
1.295986674454128888e+03 2.419833848503908939e+03
1.244286674454128843e+03 2.363733848503908575e+03
