1.468885843520782373e+03 6.985169193154034701e+02
1.468885843520782373e+03 6.611169193154033792e+02
1.471085843520782419e+03 6.589169193154034474e+02
1.490885843520782373e+03 6.490169193154034701e+02
1.494185843520782328e+03 6.479169193154034474e+02
1.517285843520782464e+03 6.424169193154034474e+02
1.537085843520782419e+03 6.424169193154034474e+02
1.554685843520782328e+03 6.622169193154034019e+02
1.565685843520782328e+03 6.798169193154034247e+02
1.570085843520782419e+03 6.875169193154034701e+02
1.572285843520782464e+03 6.919169193154034474e+02
1.573385843520782373e+03 6.952169193154034019e+02
1.577785843520782464e+03 7.194169193154034474e+02
1.577785843520782464e+03 7.315169193154034701e+02
1.565685843520782328e+03 7.557169193154034019e+02
1.552485843520782510e+03 7.656169193154033792e+02
1.544785843520782464e+03 7.711169193154034929e+02
1.508485843520782510e+03 7.799169193154034474e+02
1.468885843520782373e+03 6.985169193154034701e+02
