2.012584013336842759e+02 2.867616337632710383e+03
2.012584013336842759e+02 2.842316337632710201e+03
3.013584013336842986e+02 2.810416337632710565e+03
3.123584013336842986e+02 2.810416337632710565e+03
3.222584013336843327e+02 2.811516337632710474e+03
3.288584013336842986e+02 2.812616337632710383e+03
3.321584013336843100e+02 2.814816337632710201e+03
3.827584013336843327e+02 2.853316337632710201e+03
3.827584013336843327e+02 2.867616337632710383e+03
3.299584013336843213e+02 2.933616337632710383e+03
2.683584013336842986e+02 2.933616337632710383e+03
2.408584013336842986e+02 2.907216337632710292e+03
2.012584013336842759e+02 2.867616337632710383e+03
