1.077009887869520981e+03 6.688353024125042793e+03
1.080309887869520935e+03 6.681753024125042430e+03
1.085809887869520935e+03 6.676253024125042430e+03
1.103409887869520844e+03 6.661953024125042248e+03
1.115509887869520981e+03 6.657553024125042612e+03
1.133109887869520890e+03 6.654253024125042430e+03
1.152909887869520844e+03 6.653153024125042066e+03
1.162809887869520935e+03 6.653153024125042066e+03
1.174909887869520844e+03 6.657553024125042612e+03
1.179309887869520935e+03 6.660853024125042793e+03
1.180409887869520844e+03 6.661953024125042248e+03
1.180409887869520844e+03 6.696053024125042612e+03
1.167209887869520799e+03 6.747753024125042430e+03
1.097909887869520844e+03 6.733453024125042248e+03
1.096809887869520935e+03 6.732353024125042793e+03
1.079209887869520799e+03 6.709253024125042430e+03
1.078109887869520890e+03 6.707053024125042612e+03
1.077009887869520981e+03 6.703753024125042430e+03
1.077009887869520981e+03 6.688353024125042793e+03
