5.444305205570292401e+02 1.505989340185676383e+03
5.444305205570292401e+02 1.471889340185676474e+03
5.499305205570292401e+02 1.460889340185676474e+03
5.521305205570291719e+02 1.457589340185676292e+03
5.697305205570291946e+02 1.445489340185676383e+03
5.873305205570292173e+02 1.434489340185676383e+03
5.895305205570291491e+02 1.433389340185676474e+03
5.994305205570292401e+02 1.433389340185676474e+03
6.093305205570292173e+02 1.459789340185676338e+03
6.126305205570291719e+02 1.505989340185676383e+03
6.126305205570291719e+02 1.574189340185676429e+03
6.115305205570291491e+02 1.575289340185676338e+03
5.939305205570292401e+02 1.584089340185676292e+03
5.829305205570291264e+02 1.584089340185676292e+03
5.741305205570291719e+02 1.582989340185676383e+03
5.444305205570292401e+02 1.505989340185676383e+03
