4.504695698924731460e+02 3.521511920122888114e+03
4.735695698924731118e+02 3.421411920122887750e+03
4.768695698924731232e+02 3.421411920122887750e+03
4.801695698924731346e+02 3.423611920122888023e+03
5.219695698924731460e+02 3.489611920122888023e+03
5.340695698924731687e+02 3.513811920122887841e+03
5.340695698924731687e+02 3.523711920122887932e+03
5.307695698924731005e+02 3.550111920122888023e+03
5.296695698924730777e+02 3.552311920122887841e+03
5.274695698924731460e+02 3.555611920122888023e+03
5.252695698924731005e+02 3.557811920122887841e+03
4.933695698924731232e+02 3.585311920122887841e+03
4.515695698924731118e+02 3.593011920122888114e+03
4.504695698924731460e+02 3.593011920122888114e+03
4.504695698924731460e+02 3.521511920122888114e+03
