2.434405477707006185e+02 8.085173464968152985e+03
2.456405477707006355e+02 8.058773464968153348e+03
2.500405477707006412e+02 8.051073464968152621e+03
2.511405477707006355e+02 8.049973464968153166e+03
2.643405477707006526e+02 8.044473464968153166e+03
2.709405477707006185e+02 8.042273464968152439e+03
2.753405477707006526e+02 8.041173464968152985e+03
2.929405477707006185e+02 8.041173464968152985e+03
3.875405477707006412e+02 8.081873464968152803e+03
3.897405477707006298e+02 8.082973464968153166e+03
4.062405477707006298e+02 8.091773464968153348e+03
4.073405477707006526e+02 8.092873464968152803e+03
4.106405477707006639e+02 8.097273464968153348e+03
4.117405477707006298e+02 8.099473464968153166e+03
4.161405477707006639e+02 8.109373464968152803e+03
4.161405477707006639e+02 8.120373464968152803e+03
4.150405477707006412e+02 8.121473464968153166e+03
3.765405477707006412e+02 8.132473464968153166e+03
3.127405477707006298e+02 8.133573464968152621e+03
3.028405477707006526e+02 8.133573464968152621e+03
2.841405477707006071e+02 8.129173464968152985e+03
2.489405477707006185e+02 8.111573464968152621e+03
2.478405477707006241e+02 8.110473464968153166e+03
2.434405477707006185e+02 8.101673464968152985e+03
2.434405477707006185e+02 8.085173464968152985e+03
