4.452262593395998920e+02 1.885888997348758721e+03
4.617262593395998920e+02 1.886988997348758858e+03
4.694262593395998806e+02 1.888088997348758767e+03
4.760262593395999033e+02 1.890288997348758812e+03
4.782262593395998920e+02 1.891388997348758721e+03
4.815262593395999033e+02 1.894688997348758676e+03
5.156262593395998692e+02 1.937588997348758767e+03
5.244262593395999374e+02 1.952988997348758630e+03
5.255262593395999602e+02 1.955188997348758676e+03
5.288262593395999147e+02 1.973888997348758721e+03
5.288262593395999147e+02 1.987088997348758767e+03
5.266262593395998692e+02 2.007988997348758858e+03
4.738262593395999147e+02 2.031088997348758767e+03
4.562262593395998920e+02 2.031088997348758767e+03
4.287262593395998920e+02 2.003588997348758767e+03
4.287262593395998920e+02 1.965088997348758767e+03
4.452262593395998920e+02 1.885888997348758721e+03
