1.444651060504576890e+03 8.443879415048002556e+03
1.453451060504576844e+03 8.425179415048001829e+03
1.454551060504576981e+03 8.422979415048001101e+03
1.458951060504576844e+03 8.418579415048001465e+03
1.461151060504576890e+03 8.417479415048001101e+03
1.480951060504576844e+03 8.409779415048002193e+03
1.488651060504576890e+03 8.408679415048001829e+03
1.502951060504576844e+03 8.408679415048001829e+03
1.554651060504576890e+03 8.431779415048002193e+03
1.554651060504576890e+03 8.452679415048001829e+03
1.549151060504576890e+03 8.458179415048001829e+03
1.489751060504576799e+03 8.480179415048001829e+03
1.447951060504576844e+03 8.480179415048001829e+03
1.445751060504576799e+03 8.474679415048001829e+03
1.444651060504576890e+03 8.462579415048001465e+03
1.444651060504576890e+03 8.443879415048002556e+03
