1.404146295171576185e+03 2.470958836926814456e+03
1.412946295171576139e+03 2.441258836926814638e+03
1.414046295171576048e+03 2.439058836926814365e+03
1.417346295171576003e+03 2.435758836926814638e+03
1.432746295171576094e+03 2.421458836926814456e+03
1.434946295171576139e+03 2.420358836926814547e+03
1.448146295171576185e+03 2.420358836926814547e+03
1.459146295171576185e+03 2.424758836926814638e+03
1.505346295171576003e+03 2.466558836926814365e+03
1.505346295171576003e+03 2.490758836926814638e+03
1.492146295171576185e+03 2.508358836926814547e+03
1.478946295171576139e+03 2.522658836926814274e+03
1.475646295171576185e+03 2.525958836926814456e+03
1.465746295171576094e+03 2.533658836926814274e+03
1.463546295171576048e+03 2.534758836926814638e+03
1.460246295171576094e+03 2.535858836926814547e+03
1.449246295171576094e+03 2.535858836926814547e+03
1.426146295171576185e+03 2.534758836926814638e+03
1.419546295171576048e+03 2.533658836926814274e+03
1.417346295171576003e+03 2.532558836926814365e+03
1.416246295171576094e+03 2.531458836926814456e+03
1.414046295171576048e+03 2.527058836926814365e+03
1.405246295171576094e+03 2.502858836926814547e+03
1.404146295171576185e+03 2.499558836926814365e+03
1.404146295171576185e+03 2.470958836926814456e+03
