1.709592772364924713e+03 5.117395978742250009e+03
1.711792772364924758e+03 5.114095978742249827e+03
1.729392772364924667e+03 5.098695978742249281e+03
1.750292772364924758e+03 5.090995978742249463e+03
1.760192772364924622e+03 5.088795978742249645e+03
1.774492772364924804e+03 5.086595978742249827e+03
1.786592772364924713e+03 5.086595978742249827e+03
1.793192772364924622e+03 5.092095978742249827e+03
1.796492772364924804e+03 5.095395978742250009e+03
1.796492772364924804e+03 5.162495978742249463e+03
1.768992772364924804e+03 5.188895978742250009e+03
1.739292772364924758e+03 5.193295978742249645e+03
1.709592772364924713e+03 5.139395978742250009e+03
1.709592772364924713e+03 5.117395978742250009e+03
