2.247378587091238273e+02 1.106650614929926633e+03
2.522378587091238273e+02 1.034050614929926496e+03
2.566378587091238614e+02 1.029650614929926633e+03
2.621378587091238614e+02 1.027450614929926587e+03
2.654378587091238160e+02 1.026350614929926678e+03
2.797378587091238273e+02 1.026350614929926678e+03
2.841378587091238614e+02 1.028550614929926496e+03
2.929378587091238160e+02 1.037350614929926678e+03
2.940378587091238387e+02 1.039550614929926496e+03
3.083378587091238501e+02 1.074750614929926542e+03
3.149378587091238160e+02 1.094550614929926496e+03
3.314378587091238728e+02 1.149550614929926496e+03
3.314378587091238728e+02 1.162750614929926542e+03
3.270378587091238387e+02 1.167150614929926633e+03
3.094378587091238160e+02 1.180350614929926678e+03
3.072378587091238273e+02 1.181450614929926587e+03
2.489378587091238444e+02 1.199050614929926496e+03
2.346378587091238330e+02 1.199050614929926496e+03
2.170378587091238387e+02 1.184750614929926542e+03
2.159378587091238444e+02 1.182550614929926496e+03
2.159378587091238444e+02 1.166050614929926496e+03
2.247378587091238273e+02 1.106650614929926633e+03
