1.218089092263488283e+03 2.572945333617111828e+03
1.224689092263488419e+03 2.572945333617111828e+03
1.230189092263488419e+03 2.576245333617112010e+03
1.237889092263488237e+03 2.581745333617112010e+03
1.292889092263488465e+03 2.631245333617112010e+03
1.297289092263488328e+03 2.636745333617112010e+03
1.302789092263488328e+03 2.644445333617111828e+03
1.306089092263488283e+03 2.654345333617111919e+03
1.309389092263488465e+03 2.710445333617111828e+03
1.309389092263488465e+03 2.723645333617111646e+03
1.282989092263488374e+03 2.750045333617111737e+03
1.268689092263488419e+03 2.763245333617112010e+03
1.258789092263488328e+03 2.768745333617112010e+03
1.245589092263488283e+03 2.768745333617112010e+03
1.244489092263488374e+03 2.767645333617111646e+03
1.218089092263488283e+03 2.673045333617111737e+03
1.218089092263488283e+03 2.572945333617111828e+03
