8.038165764618486264e+02 2.438223166719728397e+03
8.038165764618486264e+02 2.381023166719728124e+03
8.577165764618487174e+02 2.381023166719728124e+03
9.072165764618487174e+02 2.393123166719728488e+03
9.083165764618486264e+02 2.400823166719728306e+03
9.094165764618486492e+02 2.426123166719728488e+03
9.094165764618486492e+02 2.438223166719728397e+03
9.050165764618486719e+02 2.480023166719728124e+03
8.995165764618486719e+02 2.509723166719728397e+03
8.984165764618486492e+02 2.513023166719728124e+03
8.973165764618486264e+02 2.515223166719728397e+03
8.852165764618487174e+02 2.532823166719728306e+03
8.830165764618486719e+02 2.535023166719728124e+03
8.786165764618486946e+02 2.538323166719728306e+03
8.764165764618486492e+02 2.539423166719728215e+03
8.599165764618486492e+02 2.539423166719728215e+03
8.533165764618486264e+02 2.535023166719728124e+03
8.038165764618486264e+02 2.438223166719728397e+03
