1.650484391034296550e+03 8.080125276802592452e+03
1.650484391034296550e+03 8.077925276802592634e+03
1.694484391034296550e+03 8.066925276802592634e+03
1.725284391034296505e+03 8.066925276802592634e+03
1.730784391034296505e+03 8.076825276802592271e+03
1.731884391034296641e+03 8.079025276802592089e+03
1.738484391034296550e+03 8.113125276802592452e+03
1.738484391034296550e+03 8.125225276802592816e+03
1.735184391034296596e+03 8.129625276802592452e+03
1.734084391034296459e+03 8.130725276802592816e+03
1.729684391034296596e+03 8.132925276802592634e+03
1.708784391034296505e+03 8.137325276802592271e+03
1.696684391034296596e+03 8.137325276802592271e+03
1.694484391034296550e+03 8.136225276802592816e+03
1.676884391034296414e+03 8.124125276802592452e+03
1.674684391034296596e+03 8.121925276802592634e+03
1.658184391034296596e+03 8.103225276802592816e+03
1.650484391034296550e+03 8.080125276802592452e+03
