1.702302910114996394e+03 5.581992337479465277e+03
1.703402910114996530e+03 5.577592337479464732e+03
1.704502910114996439e+03 5.574292337479464550e+03
1.706702910114996484e+03 5.569892337479464913e+03
1.710002910114996439e+03 5.564392337479464913e+03
1.744102910114996575e+03 5.530292337479464550e+03
1.772702910114996484e+03 5.525892337479464913e+03
1.790302910114996394e+03 5.525892337479464913e+03
1.805702910114996484e+03 5.530292337479464550e+03
1.807902910114996530e+03 5.531392337479464913e+03
1.809002910114996439e+03 5.532492337479465277e+03
1.813402910114996530e+03 5.539092337479464732e+03
1.821102910114996575e+03 5.592992337479465277e+03
1.821102910114996575e+03 5.609492337479465277e+03
1.820002910114996439e+03 5.611692337479465095e+03
1.806802910114996394e+03 5.622692337479465095e+03
1.793602910114996575e+03 5.631492337479465277e+03
1.755102910114996575e+03 5.635892337479464913e+03
1.739702910114996484e+03 5.635892337479464913e+03
1.733102910114996575e+03 5.631492337479465277e+03
1.722102910114996575e+03 5.622692337479465095e+03
1.701202910114996484e+03 5.600692337479465095e+03
1.701202910114996484e+03 5.587492337479465277e+03
1.702302910114996394e+03 5.581992337479465277e+03
