1.722318969818913502e+03 3.850973344064386310e+03
1.722318969818913502e+03 3.837773344064386492e+03
1.725618969818913456e+03 3.824573344064386220e+03
1.742118969818913456e+03 3.786073344064386220e+03
1.745418969818913411e+03 3.779473344064386310e+03
1.776218969818913592e+03 3.736573344064386220e+03
1.780618969818913456e+03 3.732173344064386129e+03
1.783918969818913411e+03 3.729973344064386310e+03
1.787218969818913592e+03 3.729973344064386310e+03
1.849918969818913411e+03 3.848773344064386492e+03
1.849918969818913411e+03 3.897173344064386129e+03
1.844418969818913411e+03 3.902673344064386129e+03
1.803718969818913592e+03 3.937873344064386401e+03
1.799318969818913502e+03 3.940073344064386220e+03
1.782818969818913502e+03 3.940073344064386220e+03
1.779518969818913547e+03 3.938973344064386310e+03
1.777318969818913502e+03 3.937873344064386401e+03
1.768518969818913547e+03 3.932373344064386401e+03
1.726718969818913365e+03 3.866373344064386401e+03
1.724518969818913547e+03 3.859773344064386492e+03
1.722318969818913502e+03 3.850973344064386310e+03
