1.787068219053398025e+03 8.500305354975727823e+03
1.793668219053397934e+03 8.450805354975727823e+03
1.811268219053398070e+03 8.450805354975727823e+03
1.873968219053398116e+03 8.488205354975727460e+03
1.873968219053398116e+03 8.587205354975727460e+03
1.859668219053398161e+03 8.587205354975727460e+03
1.839868219053397979e+03 8.577305354975727823e+03
1.804668219053397934e+03 8.557505354975728551e+03
1.787068219053398025e+03 8.546505354975728551e+03
1.787068219053398025e+03 8.500305354975727823e+03
