1.106902139898757468e+03 7.189765416474919220e+03
1.108002139898757378e+03 7.186465416474919039e+03
1.110202139898757423e+03 7.182065416474919402e+03
1.112402139898757468e+03 7.179865416474919584e+03
1.148702139898757423e+03 7.151265416474919220e+03
1.157502139898757378e+03 7.151265416474919220e+03
1.191602139898757514e+03 7.154565416474919402e+03
1.191602139898757514e+03 7.187565416474919402e+03
1.185002139898757378e+03 7.224965416474919039e+03
1.158602139898757514e+03 7.229365416474919584e+03
1.142102139898757514e+03 7.229365416474919584e+03
1.125602139898757514e+03 7.227165416474919766e+03
1.108002139898757378e+03 7.212865416474919584e+03
1.105802139898757559e+03 7.210665416474919766e+03
1.105802139898757559e+03 7.198565416474919402e+03
1.106902139898757468e+03 7.189765416474919220e+03
