-2.702563424947147297e+00 7.370597172304439482e+03
1.709743657505285341e+01 7.365097172304439482e+03
2.699743657505285555e+01 7.365097172304439482e+03
4.899743657505285910e+01 7.377197172304439846e+03
6.109743657505285341e+01 7.391497172304440028e+03
6.879743657505285626e+01 7.402497172304440028e+03
6.879743657505285626e+01 7.414597172304439482e+03
5.779743657505285626e+01 7.429997172304440028e+03
5.559743657505285341e+01 7.432197172304439846e+03
3.139743657505285412e+01 7.446497172304440028e+03
1.709743657505285341e+01 7.447597172304439482e+03
-2.702563424947147297e+00 7.447597172304439482e+03
-2.702563424947147297e+00 7.370597172304439482e+03
