5.093022854008593185e+02 1.888438705548953294e+03
5.093022854008593185e+02 1.871938705548953294e+03
5.104022854008592844e+02 1.867538705548953203e+03
5.159022854008593413e+02 1.860938705548953294e+03
5.434022854008593413e+02 1.832338705548953385e+03
5.456022854008592731e+02 1.830138705548953340e+03
5.533022854008593185e+02 1.825738705548953249e+03
5.555022854008593640e+02 1.824638705548953340e+03
5.676022854008592731e+02 1.824638705548953340e+03
6.028022854008593185e+02 1.836738705548953249e+03
6.259022854008593413e+02 1.853238705548953249e+03
6.314022854008593413e+02 1.857638705548953340e+03
6.325022854008593640e+02 1.858738705548953249e+03
6.358022854008593185e+02 1.864238705548953249e+03
6.369022854008593413e+02 1.866438705548953294e+03
6.435022854008593640e+02 1.920338705548953385e+03
6.435022854008593640e+02 1.922538705548953203e+03
5.731022854008592731e+02 1.965438705548953294e+03
5.280022854008593640e+02 1.965438705548953294e+03
5.269022854008593413e+02 1.964338705548953385e+03
5.104022854008592844e+02 1.897238705548953249e+03
5.093022854008593185e+02 1.888438705548953294e+03
