1.085870410085494768e+03 4.416829705839732924e+03
1.089170410085494950e+03 4.376129705839733106e+03
1.096870410085494768e+03 4.336529705839733651e+03
1.158470410085494905e+03 4.336529705839733651e+03
1.207970410085494905e+03 4.369529705839733651e+03
1.207970410085494905e+03 4.435529705839733651e+03
1.161770410085494859e+03 4.499329705839732924e+03
1.149670410085494950e+03 4.511429705839733288e+03
1.140870410085494768e+03 4.514729705839733469e+03
1.137570410085494814e+03 4.515829705839733833e+03
1.127670410085494950e+03 4.515829705839733833e+03
1.124370410085494768e+03 4.514729705839733469e+03
1.095770410085494859e+03 4.491629705839733106e+03
1.092470410085494905e+03 4.474029705839733651e+03
1.085870410085494768e+03 4.433329705839733833e+03
1.085870410085494768e+03 4.416829705839732924e+03
