1.247481355283307721e+03 6.738755551301684136e+03
1.256281355283307903e+03 6.729955551301684864e+03
1.282681355283307767e+03 6.722255551301684136e+03
1.310181355283307767e+03 6.716755551301684136e+03
1.321181355283307767e+03 6.716755551301684136e+03
1.347581355283307857e+03 6.768455551301684864e+03
1.347581355283307857e+03 6.791555551301684318e+03
1.346481355283307721e+03 6.792655551301684682e+03
1.332181355283307767e+03 6.800355551301684500e+03
1.327781355283307903e+03 6.802555551301684318e+03
1.322281355283307903e+03 6.803655551301684682e+03
1.273881355283307812e+03 6.808055551301684318e+03
1.247481355283307721e+03 6.768455551301684864e+03
1.247481355283307721e+03 6.738755551301684136e+03
