1.409158070012391590e+03 1.852628578066914542e+03
1.419058070012391454e+03 1.833928578066914497e+03
1.426758070012391499e+03 1.825128578066914542e+03
1.432258070012391499e+03 1.819628578066914542e+03
1.447658070012391590e+03 1.809728578066914451e+03
1.449858070012391636e+03 1.808628578066914542e+03
1.464158070012391590e+03 1.803128578066914542e+03
1.477358070012391636e+03 1.803128578066914542e+03
1.480658070012391590e+03 1.804228578066914451e+03
1.485058070012391681e+03 1.806428578066914497e+03
1.497158070012391590e+03 1.818528578066914406e+03
1.511458070012391545e+03 1.838328578066914588e+03
1.513658070012391590e+03 1.844928578066914497e+03
1.529058070012391681e+03 1.892228578066914451e+03
1.530158070012391590e+03 1.901028578066914406e+03
1.530158070012391590e+03 1.905428578066914497e+03
1.471858070012391636e+03 1.905428578066914497e+03
1.409158070012391590e+03 1.859228578066914451e+03
1.409158070012391590e+03 1.852628578066914542e+03
