4.191644596912521479e+02 7.793907375643224441e+03
4.202644596912521138e+02 7.792807375643224987e+03
4.268644596912521365e+02 7.788407375643224441e+03
4.356644596912521479e+02 7.784007375643224805e+03
4.631644596912521479e+02 7.778507375643224805e+03
4.719644596912521592e+02 7.778507375643224805e+03
4.763644596912521365e+02 7.818107375643225168e+03
4.763644596912521365e+02 7.847807375643224987e+03
4.752644596912521706e+02 7.848907375643224441e+03
4.642644596912521706e+02 7.855507375643224805e+03
4.389644596912521592e+02 7.863207375643224623e+03
4.191644596912521479e+02 7.818107375643225168e+03
4.191644596912521479e+02 7.793907375643224441e+03
