6.449189368770763622e+02 6.449440491694352204e+03
6.482189368770764304e+02 6.439540491694352568e+03
6.537189368770764304e+02 6.434040491694352568e+03
6.592189368770764304e+02 6.430740491694352386e+03
6.724189368770763622e+02 6.428540491694352568e+03
6.867189368770764304e+02 6.428540491694352568e+03
7.098189368770764531e+02 6.436240491694352386e+03
7.120189368770763849e+02 6.438440491694352204e+03
7.164189368770763622e+02 6.443940491694352204e+03
7.395189368770763849e+02 6.478040491694352568e+03
7.406189368770764077e+02 6.480240491694352386e+03
7.439189368770763622e+02 6.490140491694352022e+03
7.439189368770763622e+02 6.501140491694352022e+03
7.219189368770763622e+02 6.538540491694352568e+03
7.208189368770764531e+02 6.539640491694352022e+03
7.098189368770764531e+02 6.546240491694352386e+03
6.922189368770764304e+02 6.549540491694352568e+03
6.614189368770763622e+02 6.549540491694352568e+03
6.449189368770763622e+02 6.498940491694352204e+03
6.449189368770763622e+02 6.449440491694352204e+03
