7.895661105749345552e+02 2.348599338204880951e+03
8.038661105749345097e+02 2.334299338204880769e+03
8.742661105749344870e+02 2.297999338204880587e+03
9.039661105749345325e+02 2.297999338204880587e+03
9.116661105749344642e+02 2.314499338204880587e+03
9.160661105749345552e+02 2.328799338204880769e+03
9.160661105749345552e+02 2.341999338204880587e+03
9.138661105749345097e+02 2.362899338204880678e+03
9.105661105749345552e+02 2.370599338204880951e+03
8.918661105749345097e+02 2.405799338204880769e+03
8.742661105749344870e+02 2.405799338204880769e+03
8.038661105749345097e+02 2.389299338204880769e+03
7.972661105749344870e+02 2.383799338204880769e+03
7.895661105749345552e+02 2.355199338204880860e+03
7.895661105749345552e+02 2.348599338204880951e+03
