1.252798540798094109e+02 4.228540321620012037e+03
1.252798540798094109e+02 4.213140321620012401e+03
1.637798540798094109e+02 4.213140321620012401e+03
2.385798540798094223e+02 4.223040321620012037e+03
2.407798540798094109e+02 4.228540321620012037e+03
2.418798540798094336e+02 4.231840321620012219e+03
2.418798540798094336e+02 4.245040321620012037e+03
2.407798540798094109e+02 4.249440321620011673e+03
2.396798540798094166e+02 4.252740321620011855e+03
2.385798540798094223e+02 4.254940321620011673e+03
2.341798540798094166e+02 4.261540321620012037e+03
2.099798540798093995e+02 4.286840321620012219e+03
2.044798540798093995e+02 4.292340321620012219e+03
2.022798540798094109e+02 4.293440321620011673e+03
1.835798540798094223e+02 4.301140321620012401e+03
1.703798540798094052e+02 4.302240321620011855e+03
1.549798540798093995e+02 4.302240321620011855e+03
1.406798540798094166e+02 4.300040321620012037e+03
1.340798540798094223e+02 4.294540321620012037e+03
1.296798540798094166e+02 4.290140321620012401e+03
1.285798540798094223e+02 4.280240321620011855e+03
1.252798540798094109e+02 4.228540321620012037e+03
