7.275966820053281481e+02 7.178140760474690978e+03
7.385966820053281481e+02 7.174840760474690796e+03
7.561966820053281708e+02 7.172640760474690978e+03
7.836966820053281708e+02 7.171540760474691524e+03
8.045966820053281481e+02 7.171540760474691524e+03
8.177966820053281936e+02 7.172640760474690978e+03
8.320966820053281481e+02 7.180340760474691706e+03
8.342966820053281936e+02 7.184740760474691342e+03
8.342966820053281936e+02 7.196840760474690796e+03
8.298966820053282163e+02 7.222140760474690978e+03
8.265966820053281481e+02 7.229840760474691706e+03
8.254966820053281253e+02 7.232040760474691524e+03
8.232966820053281936e+02 7.234240760474691342e+03
7.902966820053281936e+02 7.234240760474691342e+03
7.275966820053281481e+02 7.205640760474690978e+03
7.275966820053281481e+02 7.178140760474690978e+03
