6.163708288482239368e+02 3.116490084918072171e+03
6.218708288482239368e+02 3.102190084918071989e+03
6.229708288482238459e+02 3.101090084918072080e+03
6.251708288482238913e+02 3.099990084918072171e+03
6.284708288482238459e+02 3.098890084918071807e+03
6.405708288482238686e+02 3.098890084918071807e+03
6.482708288482239141e+02 3.099990084918072171e+03
6.504708288482238459e+02 3.101090084918072080e+03
6.570708288482238686e+02 3.106590084918072080e+03
6.581708288482238913e+02 3.107690084918071989e+03
6.592708288482239141e+02 3.110990084918072171e+03
6.911708288482238913e+02 3.214390084918071807e+03
6.911708288482238913e+02 3.230890084918071807e+03
6.845708288482238686e+02 3.270490084918072171e+03
6.801708288482238913e+02 3.273790084918071898e+03
6.757708288482239141e+02 3.275990084918072171e+03
6.625708288482238686e+02 3.281490084918072171e+03
6.438708288482239368e+02 3.281490084918072171e+03
6.405708288482238686e+02 3.278190084918071989e+03
6.119708288482238459e+02 3.247390084918071807e+03
6.064708288482238459e+02 3.233090084918072080e+03
6.053708288482239368e+02 3.214390084918071807e+03
6.053708288482239368e+02 3.204490084918072171e+03
6.163708288482239368e+02 3.116490084918072171e+03
