1.325988973607038133e+03 2.936544563049853423e+03
1.327088973607038042e+03 2.933244563049853241e+03
1.330388973607038224e+03 2.926644563049853332e+03
1.331488973607038133e+03 2.925544563049853423e+03
1.385388973607038224e+03 2.883744563049853241e+03
1.475588973607038042e+03 2.957444563049853514e+03
1.472288973607038088e+03 2.962944563049853514e+03
1.449188973607038179e+03 2.997044563049853423e+03
1.396388973607038224e+03 3.015744563049853241e+03
1.385388973607038224e+03 3.015744563049853241e+03
1.314988973607038133e+03 3.003644563049853332e+03
1.314988973607038133e+03 2.990444563049853514e+03
1.325988973607038133e+03 2.936544563049853423e+03
