1.526928467635402967e+03 9.903291658803548216e+02
1.536828467635402831e+03 9.870291658803547534e+02
1.551128467635403013e+03 9.870291658803547534e+02
1.572028467635402876e+03 9.958291658803548216e+02
1.585228467635402922e+03 1.013429165880354731e+03
1.602828467635402831e+03 1.037629165880354776e+03
1.607228467635402922e+03 1.051929165880354731e+03
1.607228467635402922e+03 1.064029165880354867e+03
1.606128467635403013e+03 1.081629165880354776e+03
1.603928467635402967e+03 1.084929165880354731e+03
1.589628467635403013e+03 1.103629165880354776e+03
1.588528467635402876e+03 1.104729165880354685e+03
1.528028467635402876e+03 1.124529165880354867e+03
1.473028467635402876e+03 1.124529165880354867e+03
1.470828467635402831e+03 1.121229165880354685e+03
1.470828467635402831e+03 1.068429165880354731e+03
1.526928467635402967e+03 9.903291658803548216e+02
