7.617605047657403929e+02 1.361248234662370805e+03
7.639605047657403247e+02 1.352448234662370851e+03
7.980605047657403475e+02 1.318348234662370714e+03
8.090605047657403475e+02 1.318348234662370714e+03
8.156605047657403702e+02 1.320548234662370760e+03
8.354605047657403247e+02 1.328248234662370805e+03
8.497605047657403929e+02 1.342548234662370760e+03
8.640605047657403475e+02 1.357948234662370851e+03
8.640605047657403475e+02 1.365648234662370669e+03
8.508605047657404157e+02 1.421748234662370805e+03
8.288605047657404157e+02 1.443748234662370805e+03
8.101605047657403702e+02 1.443748234662370805e+03
7.463605047657404157e+02 1.423948234662370851e+03
7.617605047657403929e+02 1.361248234662370805e+03
