4.997785886353974547e+02 3.320900510131783903e+03
4.997785886353974547e+02 3.286800510131783994e+03
5.283785886353974774e+02 3.258200510131784085e+03
5.294785886353975002e+02 3.258200510131784085e+03
5.547785886353974547e+02 3.268100510131784176e+03
5.646785886353974320e+02 3.272500510131783813e+03
5.910785886353975229e+02 3.302200510131784085e+03
5.921785886353974320e+02 3.306600510131784176e+03
5.976785886353974320e+02 3.336300510131783994e+03
5.976785886353974320e+02 3.347300510131783994e+03
5.745785886353975229e+02 3.371500510131784267e+03
5.734785886353975002e+02 3.372600510131784176e+03
5.591785886353974320e+02 3.383600510131784176e+03
5.448785886353974774e+02 3.383600510131784176e+03
5.162785886353974547e+02 3.378100510131784176e+03
4.997785886353974547e+02 3.320900510131783903e+03
