7.504126552613076910e+02 2.357314506679165618e+02
7.526126552613077365e+02 2.324314506679165788e+02
7.680126552613077138e+02 2.170314506679165731e+02
7.768126552613076683e+02 2.093314506679165561e+02
8.021126552613077365e+02 1.873314506679165561e+02
8.065126552613077138e+02 1.840314506679165731e+02
8.494126552613076910e+02 2.434314506679165788e+02
8.494126552613076910e+02 2.467314506679165618e+02
7.988126552613076683e+02 2.731314506679165675e+02
7.680126552613077138e+02 2.731314506679165675e+02
7.394126552613076910e+02 2.709314506679165788e+02
7.394126552613076910e+02 2.621314506679165675e+02
7.416126552613077365e+02 2.555314506679165731e+02
7.460126552613077138e+02 2.445314506679165731e+02
7.504126552613076910e+02 2.357314506679165618e+02
