1.707709413965087379e+03 1.887347119700748181e+03
1.708809413965087288e+03 1.882947119700748090e+03
1.709909413965087197e+03 1.880747119700748044e+03
1.747309413965087288e+03 1.858747119700748044e+03
1.774809413965087288e+03 1.858747119700748044e+03
1.848509413965087333e+03 1.878547119700748226e+03
1.849609413965087242e+03 1.882947119700748090e+03
1.849609413965087242e+03 1.915947119700748090e+03
1.847409413965087197e+03 1.931347119700748181e+03
1.846309413965087288e+03 1.933547119700748226e+03
1.843009413965087333e+03 1.939047119700748226e+03
1.774809413965087288e+03 1.942347119700748181e+03
1.707709413965087379e+03 1.942347119700748181e+03
1.707709413965087379e+03 1.887347119700748181e+03
