1.080230503795721233e+03 7.851145111571198868e+03
1.084630503795721097e+03 7.832445111571198140e+03
1.085730503795721233e+03 7.831345111571198686e+03
1.094530503795721188e+03 7.825845111571198686e+03
1.108830503795721143e+03 7.820345111571198686e+03
1.118730503795721233e+03 7.820345111571198686e+03
1.131930503795721279e+03 7.823645111571198868e+03
1.136330503795721143e+03 7.825845111571198686e+03
1.149530503795721188e+03 7.833545111571198504e+03
1.150630503795721097e+03 7.834645111571198868e+03
1.159430503795721279e+03 7.846745111571198322e+03
1.160530503795721188e+03 7.848945111571198140e+03
1.162730503795721233e+03 7.862145111571198868e+03
1.162730503795721233e+03 7.877545111571198504e+03
1.159430503795721279e+03 7.888545111571198504e+03
1.158330503795721143e+03 7.890745111571198322e+03
1.157230503795721233e+03 7.891845111571198686e+03
1.153930503795721279e+03 7.894045111571198504e+03
1.151730503795721233e+03 7.895145111571198868e+03
1.141830503795721143e+03 7.897345111571198686e+03
1.107730503795721233e+03 7.897345111571198686e+03
1.101130503795721097e+03 7.894045111571198504e+03
1.087930503795721279e+03 7.880845111571198686e+03
1.084630503795721097e+03 7.876445111571198140e+03
1.081330503795721143e+03 7.869845111571198686e+03
1.080230503795721233e+03 7.866545111571198504e+03
1.080230503795721233e+03 7.851145111571198868e+03
