1.144391224113184364e+02 6.438350563871232225e+03
1.540391224113184307e+02 6.411950563871232589e+03
1.672391224113184478e+02 6.411950563871232589e+03
1.848391224113184421e+02 6.414150563871232407e+03
1.870391224113184307e+02 6.415250563871231861e+03
1.980391224113184307e+02 6.437250563871231861e+03
1.980391224113184307e+02 6.451550563871232043e+03
1.969391224113184364e+02 6.454850563871232225e+03
1.881391224113184535e+02 6.474650563871232407e+03
1.848391224113184421e+02 6.481250563871232771e+03
1.804391224113184364e+02 6.487850563871232225e+03
1.771391224113184251e+02 6.491150563871232407e+03
1.661391224113184251e+02 6.495550563871232043e+03
1.606391224113184251e+02 6.496650563871232407e+03
1.364391224113184364e+02 6.496650563871232407e+03
1.155391224113184307e+02 6.492250563871231861e+03
1.144391224113184364e+02 6.491150563871232407e+03
1.100391224113184307e+02 6.485650563871232407e+03
1.078391224113184279e+02 6.482350563871232225e+03
1.078391224113184279e+02 6.466950563871232589e+03
1.144391224113184364e+02 6.438350563871232225e+03
