1.845248132444982616e+02 3.134719745608721951e+03
2.307248132444982787e+02 3.070919745608722224e+03
2.318248132444982730e+02 3.069819745608721860e+03
2.406248132444982843e+02 3.066519745608722133e+03
2.538248132444982730e+02 3.066519745608722133e+03
2.560248132444982616e+02 3.067619745608722042e+03
2.769248132444982957e+02 3.078619745608722042e+03
3.099248132444982957e+02 3.105019745608722133e+03
3.143248132444982730e+02 3.109419745608721769e+03
3.264248132444982957e+02 3.145719745608721951e+03
3.121248132444982843e+02 3.164419745608722224e+03
2.791248132444982843e+02 3.197419745608722224e+03
2.659248132444982957e+02 3.200719745608721951e+03
2.549248132444982957e+02 3.200719745608721951e+03
2.296248132444982843e+02 3.198519745608722133e+03
2.230248132444982900e+02 3.194119745608722042e+03
1.845248132444982616e+02 3.144619745608722042e+03
1.845248132444982616e+02 3.134719745608721951e+03
