8.779204560260586732e+02 3.017598931596091006e+03
8.867204560260586277e+02 2.995598931596091006e+03
8.878204560260586504e+02 2.993398931596091188e+03
8.933204560260586504e+02 2.988998931596091097e+03
8.966204560260586049e+02 2.986798931596091279e+03
9.197204560260586277e+02 2.976898931596091188e+03
9.285204560260585822e+02 2.974698931596091370e+03
9.890204560260585822e+02 2.995598931596091006e+03
9.901204560260586049e+02 2.996698931596091370e+03
9.912204560260586277e+02 2.998898931596091188e+03
9.912204560260586277e+02 3.012098931596091006e+03
9.857204560260586277e+02 3.051698931596091370e+03
9.780204560260585822e+02 3.061598931596091006e+03
9.670204560260585822e+02 3.073698931596091370e+03
9.109204560260586732e+02 3.108898931596091188e+03
8.779204560260586732e+02 3.039598931596091006e+03
8.779204560260586732e+02 3.017598931596091006e+03
