9.153588106210225988e+02 8.229598200570550034e+03
9.241588106210225533e+02 8.192198200570550398e+03
9.329588106210226215e+02 8.192198200570550398e+03
9.560588106210226442e+02 8.193298200570550762e+03
9.626588106210225533e+02 8.194398200570551126e+03
9.846588106210225533e+02 8.198798200570550762e+03
9.868588106210225988e+02 8.202098200570550034e+03
9.879588106210226215e+02 8.204298200570550762e+03
9.945588106210226442e+02 8.228498200570551489e+03
9.956588106210225533e+02 8.243898200570551126e+03
9.956588106210225533e+02 8.255998200570551489e+03
9.868588106210225988e+02 8.265898200570551126e+03
9.846588106210225533e+02 8.266998200570551489e+03
9.703588106210225988e+02 8.272498200570551489e+03
9.659588106210226215e+02 8.273598200570550034e+03
9.604588106210226215e+02 8.274698200570550398e+03
9.417588106210225760e+02 8.276898200570551126e+03
9.362588106210225760e+02 8.276898200570551126e+03
9.153588106210225988e+02 8.250498200570551489e+03
9.153588106210225988e+02 8.229598200570550034e+03
