1.664964451279797913e+03 5.956162957266835292e+03
1.664964451279797913e+03 5.939662957266835292e+03
1.666064451279797822e+03 5.935262957266834746e+03
1.667164451279797959e+03 5.931962957266835474e+03
1.680364451279797777e+03 5.918762957266834746e+03
1.704564451279797822e+03 5.900062957266834928e+03
1.708964451279797913e+03 5.896762957266834746e+03
1.712264451279797868e+03 5.894562957266834928e+03
1.714464451279797913e+03 5.893462957266835474e+03
1.726564451279797822e+03 5.893462957266835474e+03
1.734264451279797868e+03 5.896762957266834746e+03
1.737564451279797822e+03 5.898962957266835474e+03
1.758464451279797913e+03 5.919862957266835110e+03
1.760664451279797959e+03 5.924262957266834746e+03
1.768364451279797777e+03 5.975962957266835474e+03
1.768364451279797777e+03 6.005662957266835292e+03
1.767264451279797868e+03 6.014462957266835474e+03
1.761764451279797868e+03 6.024362957266835110e+03
1.751864451279797777e+03 6.035362957266835110e+03
1.721064451279797822e+03 6.035362957266835110e+03
1.673764451279797868e+03 5.999062957266834928e+03
1.669364451279797777e+03 5.981462957266835474e+03
1.664964451279797913e+03 5.956162957266835292e+03
