1.414443636363636415e+03 7.703914573643411131e+03
1.418843636363636278e+03 7.683014573643410586e+03
1.421043636363636324e+03 7.673114573643410949e+03
1.422143636363636460e+03 7.670914573643411131e+03
1.433143636363636460e+03 7.656614573643410949e+03
1.437543636363636324e+03 7.652214573643410404e+03
1.439743636363636369e+03 7.651114573643410949e+03
1.472743636363636369e+03 7.651114573643410949e+03
1.479343636363636278e+03 7.653314573643410768e+03
1.481543636363636324e+03 7.654414573643411131e+03
1.489243636363636369e+03 7.658814573643410768e+03
1.505743636363636369e+03 7.681914573643411131e+03
1.514543636363636324e+03 7.703914573643411131e+03
1.516743636363636369e+03 7.718214573643411313e+03
1.516743636363636369e+03 7.730314573643410768e+03
1.515643636363636460e+03 7.738014573643410586e+03
1.513443636363636415e+03 7.741314573643410768e+03
1.506843636363636278e+03 7.747914573643411131e+03
1.502443636363636415e+03 7.750114573643410949e+03
1.498043636363636324e+03 7.751214573643411313e+03
1.483743636363636369e+03 7.753414573643411131e+03
1.470543636363636324e+03 7.753414573643411131e+03
1.457343636363636278e+03 7.752314573643410768e+03
1.449643636363636460e+03 7.751214573643411313e+03
1.432043636363636324e+03 7.747914573643411131e+03
1.429843636363636278e+03 7.746814573643410768e+03
1.418843636363636278e+03 7.730314573643410768e+03
1.414443636363636415e+03 7.721514573643410586e+03
1.414443636363636415e+03 7.703914573643411131e+03
