1.030055654918463915e+03 3.387875618095738901e+03
1.027855654918463870e+03 3.377975618095739264e+03
1.027855654918463870e+03 3.373575618095739173e+03
1.080655654918464052e+03 3.366975618095739264e+03
1.111455654918464006e+03 3.366975618095739264e+03
1.111455654918464006e+03 3.392275618095738992e+03
1.108155654918464052e+03 3.414275618095738992e+03
1.080655654918464052e+03 3.441775618095738992e+03
1.059755654918463961e+03 3.441775618095738992e+03
1.045455654918464006e+03 3.425275618095738992e+03
1.044355654918463870e+03 3.423075618095739173e+03
1.030055654918463915e+03 3.387875618095738901e+03
