1.280252750470612909e+03 6.316683873666596810e+03
1.294552750470612864e+03 6.302383873666596628e+03
1.331952750470612955e+03 6.281483873666596992e+03
1.334152750470612773e+03 6.281483873666596992e+03
1.368252750470612909e+03 6.297983873666596992e+03
1.371552750470612864e+03 6.301283873666597174e+03
1.379252750470612909e+03 6.311183873666596810e+03
1.381452750470612955e+03 6.315583873666596446e+03
1.382552750470612864e+03 6.318883873666596628e+03
1.383652750470612773e+03 6.327683873666596810e+03
1.383652750470612773e+03 6.330983873666596992e+03
1.334152750470612773e+03 6.377183873666596810e+03
1.306652750470612773e+03 6.377183873666596810e+03
1.305552750470612864e+03 6.376083873666597356e+03
1.297852750470612818e+03 6.363983873666596992e+03
1.280252750470612909e+03 6.316683873666596810e+03
