4.245013088079235786e+02 6.582866448532012328e+03
4.245013088079235786e+02 6.569666448532012510e+03
4.267013088079236240e+02 6.564166448532012510e+03
4.498013088079235899e+02 6.530066448532013055e+03
4.509013088079236127e+02 6.528966448532012691e+03
4.641013088079236013e+02 6.521266448532012873e+03
4.663013088079235899e+02 6.520166448532012510e+03
4.850013088079235786e+02 6.512466448532012691e+03
4.883013088079235899e+02 6.511366448532012328e+03
5.136013088079236013e+02 6.511366448532012328e+03
5.345013088079235786e+02 6.515766448532012873e+03
5.378013088079236468e+02 6.516866448532012328e+03
5.411013088079236013e+02 6.519066448532013055e+03
5.433013088079236468e+02 6.521266448532012873e+03
5.477013088079236240e+02 6.544366448532012328e+03
5.543013088079236468e+02 6.626866448532012328e+03
5.543013088079236468e+02 6.642266448532012873e+03
5.521013088079236013e+02 6.646666448532012510e+03
5.389013088079235558e+02 6.659866448532012328e+03
5.279013088079235558e+02 6.665366448532012328e+03
5.213013088079236468e+02 6.667566448532013055e+03
5.059013088079236127e+02 6.667566448532013055e+03
4.861013088079236013e+02 6.663166448532012510e+03
4.817013088079235672e+02 6.659866448532012328e+03
4.762013088079236240e+02 6.654366448532012328e+03
4.245013088079235786e+02 6.582866448532012328e+03
