1.173671846635367729e+03 2.887922848200313183e+03
1.220971846635367683e+03 2.881322848200312819e+03
1.269371846635367774e+03 2.881322848200312819e+03
1.280371846635367774e+03 2.892322848200312819e+03
1.280371846635367774e+03 2.893422848200313183e+03
1.274871846635367774e+03 2.929722848200312910e+03
1.273771846635367865e+03 2.934122848200313001e+03
1.272671846635367729e+03 2.937422848200313183e+03
1.267171846635367729e+03 2.947322848200312819e+03
1.257271846635367638e+03 2.955022848200313092e+03
1.248471846635367683e+03 2.957222848200312910e+03
1.224271846635367865e+03 2.961622848200313001e+03
1.185771846635367638e+03 2.962722848200312910e+03
1.172571846635367820e+03 2.962722848200312910e+03
1.160471846635367683e+03 2.960522848200313092e+03
1.158271846635367638e+03 2.959422848200313183e+03
1.157171846635367729e+03 2.958322848200312819e+03
1.154971846635367683e+03 2.953922848200313183e+03
1.153871846635367774e+03 2.950622848200313001e+03
1.153871846635367774e+03 2.938522848200313092e+03
1.173671846635367729e+03 2.887922848200313183e+03
