1.233994371633030369e+03 1.845606842486130063e+03
1.242794371633030551e+03 1.840106842486130063e+03
1.279094371633030505e+03 1.822506842486130154e+03
1.292294371633030551e+03 1.822506842486130154e+03
1.296694371633030414e+03 1.823606842486130063e+03
1.306594371633030505e+03 1.826906842486130017e+03
1.312094371633030505e+03 1.830206842486129972e+03
1.315394371633030460e+03 1.832406842486130017e+03
1.320894371633030460e+03 1.837906842486130017e+03
1.357194371633030414e+03 1.879706842486129972e+03
1.362694371633030414e+03 1.890706842486129972e+03
1.362694371633030414e+03 1.901706842486130199e+03
1.360494371633030369e+03 1.906106842486130063e+03
1.337394371633030460e+03 1.943506842486130154e+03
1.199894371633030460e+03 1.963306842486130108e+03
1.197694371633030414e+03 1.963306842486130108e+03
1.197694371633030414e+03 1.896206842486129972e+03
1.233994371633030369e+03 1.845606842486130063e+03
