9.863897037208942038e+02 2.145451411773806740e+03
9.863897037208942038e+02 2.134451411773806740e+03
9.874897037208942265e+02 2.124551411773806649e+03
9.885897037208942493e+02 2.117951411773806740e+03
9.951897037208942720e+02 2.100351411773806831e+03
9.984897037208942265e+02 2.092651411773806558e+03
1.012789703720894295e+03 2.073951411773806740e+03
1.014989703720894227e+03 2.071751411773806922e+03
1.044689703720894158e+03 2.058551411773806649e+03
1.060089703720894249e+03 2.058551411773806649e+03
1.062289703720894295e+03 2.059651411773806558e+03
1.063389703720894204e+03 2.060751411773806922e+03
1.088689703720894158e+03 2.101451411773806740e+03
1.106289703720894295e+03 2.149851411773806831e+03
1.110689703720894158e+03 2.167451411773806740e+03
1.110689703720894158e+03 2.179551411773806649e+03
1.109589703720894249e+03 2.188351411773806831e+03
1.096389703720894204e+03 2.221351411773806831e+03
1.093089703720894249e+03 2.224651411773806558e+03
1.090889703720894204e+03 2.225751411773806922e+03
1.073289703720894295e+03 2.233451411773806740e+03
1.065589703720894249e+03 2.236751411773806922e+03
1.053489703720894340e+03 2.236751411773806922e+03
1.036989703720894340e+03 2.233451411773806740e+03
1.033689703720894158e+03 2.231251411773806922e+03
1.029289703720894295e+03 2.226851411773806831e+03
1.007289703720894295e+03 2.200451411773806740e+03
9.984897037208942265e+02 2.181751411773806922e+03
9.863897037208942038e+02 2.145451411773806740e+03
