1.576311385172798282e+03 4.501512541806019954e+02
1.576311385172798282e+03 4.391512541806019954e+02
1.591711385172798146e+03 4.215512541806019726e+02
1.597211385172798146e+03 4.160512541806019726e+02
1.600511385172798100e+03 4.138512541806019840e+02
1.608211385172798146e+03 4.094512541806020067e+02
1.614811385172798282e+03 4.061512541806019954e+02
1.618111385172798236e+03 4.050512541806019726e+02
1.633511385172798327e+03 4.050512541806019726e+02
1.636811385172798282e+03 4.061512541806019954e+02
1.659911385172798191e+03 4.193512541806019840e+02
1.672011385172798327e+03 4.303512541806019840e+02
1.673111385172798236e+03 4.314512541806020067e+02
1.676411385172798191e+03 4.369512541806020067e+02
1.684111385172798236e+03 4.633512541806019840e+02
1.684111385172798236e+03 4.754512541806020067e+02
1.675311385172798282e+03 4.919512541806020067e+02
1.674211385172798146e+03 4.930512541806020295e+02
1.661011385172798327e+03 5.029512541806020067e+02
1.653311385172798282e+03 5.073512541806020408e+02
1.646711385172798146e+03 5.106512541806019954e+02
1.634611385172798236e+03 5.106512541806019954e+02
1.597211385172798146e+03 5.029512541806020067e+02
1.584011385172798327e+03 4.963512541806020408e+02
1.578511385172798100e+03 4.908512541806019840e+02
1.577411385172798191e+03 4.875512541806020295e+02
1.576311385172798282e+03 4.501512541806019954e+02
