3.208658456639819860e+02 2.915640391459074635e+03
3.736658456639819974e+02 2.848540391459074726e+03
3.835658456639820315e+02 2.850740391459074544e+03
3.923658456639820429e+02 2.852940391459074817e+03
4.594658456639820088e+02 2.878240391459074544e+03
4.693658456639820429e+02 2.915640391459074635e+03
4.748658456639820429e+02 2.961840391459074908e+03
4.748658456639820429e+02 2.966240391459074544e+03
4.022658456639820201e+02 2.976140391459074635e+03
3.714658456639820088e+02 2.976140391459074635e+03
3.395658456639820315e+02 2.947540391459074726e+03
3.208658456639819860e+02 2.928840391459074908e+03
3.208658456639819860e+02 2.915640391459074635e+03
