1.004746221232368271e+03 3.638499717891610999e+03
1.005846221232368180e+03 3.634099717891610908e+03
1.011346221232368180e+03 3.623099717891610908e+03
1.013546221232368225e+03 3.619799717891611181e+03
1.017946221232368202e+03 3.615399717891611090e+03
1.021246221232368271e+03 3.613199717891610817e+03
1.023446221232368202e+03 3.612099717891610908e+03
1.027846221232368180e+03 3.610999717891610999e+03
1.033346221232368180e+03 3.609899717891611090e+03
1.053146221232368134e+03 3.609899717891611090e+03
1.072946221232368316e+03 3.610999717891610999e+03
1.077346221232368180e+03 3.612099717891610908e+03
1.093846221232368180e+03 3.619799717891611181e+03
1.098246221232368271e+03 3.621999717891610999e+03
1.099346221232368180e+03 3.623099717891610908e+03
1.102646221232368134e+03 3.628599717891610908e+03
1.103746221232368271e+03 3.632999717891610999e+03
1.103746221232368271e+03 3.646199717891610817e+03
1.102646221232368134e+03 3.695699717891610817e+03
1.039946221232368316e+03 3.695699717891610817e+03
9.948462212323681797e+02 3.692399717891611090e+03
9.948462212323681797e+02 3.680299717891611181e+03
1.004746221232368271e+03 3.638499717891610999e+03
