1.273836308219830471e+03 8.474429869511381185e+03
1.277136308219830426e+03 8.460129869511381912e+03
1.290336308219830471e+03 8.431529869511381548e+03
1.291436308219830380e+03 8.429329869511382640e+03
1.306836308219830471e+03 8.415029869511381548e+03
1.310136308219830426e+03 8.413929869511383004e+03
1.325536308219830516e+03 8.409529869511381548e+03
1.342036308219830516e+03 8.409529869511381548e+03
1.350836308219830471e+03 8.412829869511382640e+03
1.375036308219830516e+03 8.422729869511382276e+03
1.377236308219830562e+03 8.424929869511381185e+03
1.380536308219830516e+03 8.429329869511382640e+03
1.381636308219830426e+03 8.431529869511381548e+03
1.382736308219830562e+03 8.434829869511382640e+03
1.392636308219830426e+03 8.466729869511382276e+03
1.392636308219830426e+03 8.478829869511382640e+03
1.391536308219830516e+03 8.483229869511382276e+03
1.390436308219830380e+03 8.486529869511381548e+03
1.389336308219830471e+03 8.488729869511382276e+03
1.322236308219830562e+03 8.598729869511382276e+03
1.321136308219830426e+03 8.599829869511382640e+03
1.313436308219830380e+03 8.599829869511382640e+03
1.277136308219830426e+03 8.511829869511382640e+03
1.274936308219830380e+03 8.503029869511381548e+03
1.273836308219830471e+03 8.488729869511382276e+03
1.273836308219830471e+03 8.474429869511381185e+03
