1.230188608644168198e+03 6.140483730017762355e+03
1.259888608644168244e+03 6.079983730017762355e+03
1.281888608644168244e+03 6.079983730017762355e+03
1.363288608644168107e+03 6.126183730017762173e+03
1.366588608644168062e+03 6.129483730017762355e+03
1.366588608644168062e+03 6.130583730017761809e+03
1.363288608644168107e+03 6.148183730017762173e+03
1.358888608644168244e+03 6.164683730017762173e+03
1.356688608644168198e+03 6.169083730017761809e+03
1.351188608644168198e+03 6.176783730017761627e+03
1.342388608644168244e+03 6.185583730017761809e+03
1.340188608644168198e+03 6.186683730017762173e+03
1.330288608644168107e+03 6.191083730017761809e+03
1.326988608644168153e+03 6.192183730017762173e+03
1.277488608644168153e+03 6.194383730017761991e+03
1.260988608644168153e+03 6.194383730017761991e+03
1.258788608644168107e+03 6.193283730017761627e+03
1.246688608644168198e+03 6.182283730017761627e+03
1.230188608644168198e+03 6.166883730017761991e+03
1.230188608644168198e+03 6.140483730017762355e+03
