8.790570771934568484e+02 2.050505705015546937e+03
8.889570771934568256e+02 2.021905705015546800e+03
8.955570771934568484e+02 2.013105705015546846e+03
8.966570771934567574e+02 2.012005705015546937e+03
9.197570771934567802e+02 2.005405705015546800e+03
9.252570771934567802e+02 2.004305705015546891e+03
9.340570771934568484e+02 2.003205705015546755e+03
9.472570771934567802e+02 2.003205705015546755e+03
9.516570771934567574e+02 2.004305705015546891e+03
9.703570771934568029e+02 2.009805705015546891e+03
9.769570771934568256e+02 2.013105705015546846e+03
9.802570771934567802e+02 2.029605705015546846e+03
9.802570771934567802e+02 2.049405705015547028e+03
9.791570771934567574e+02 2.087905705015547028e+03
9.780570771934568484e+02 2.090105705015546846e+03
9.670570771934568484e+02 2.106605705015546846e+03
9.659570771934568256e+02 2.107705705015546755e+03
9.483570771934568029e+02 2.109905705015547028e+03
9.274570771934568256e+02 2.109905705015547028e+03
9.142570771934567802e+02 2.104405705015547028e+03
9.032570771934567802e+02 2.098905705015547028e+03
8.889570771934568256e+02 2.086805705015546664e+03
8.878570771934568029e+02 2.084605705015546846e+03
8.845570771934568484e+02 2.076905705015547028e+03
8.790570771934568484e+02 2.062605705015546846e+03
8.790570771934568484e+02 2.050505705015546937e+03
