1.510842055979643646e+03 1.210879989821882873e+03
1.509742055979643737e+03 1.200979989821883009e+03
1.571342055979643646e+03 1.171279989821882964e+03
1.695642055979643828e+03 1.171279989821882964e+03
1.696742055979643737e+03 1.172379989821882873e+03
1.704442055979643783e+03 1.185579989821882918e+03
1.704442055979643783e+03 1.199879989821882873e+03
1.694542055979643692e+03 1.219679989821883055e+03
1.693442055979643783e+03 1.220779989821882964e+03
1.571342055979643646e+03 1.274679989821883055e+03
1.546042055979643692e+03 1.274679989821883055e+03
1.544942055979643783e+03 1.273579989821882918e+03
1.538342055979643646e+03 1.264779989821882964e+03
1.536142055979643828e+03 1.261479989821883009e+03
1.519642055979643828e+03 1.236179989821883055e+03
1.515242055979643737e+03 1.224079989821882918e+03
1.510842055979643646e+03 1.210879989821882873e+03
