7.982103688239387793e+02 3.140590591510090235e+03
8.004103688239387111e+02 3.126290591510090508e+03
8.015103688239387338e+02 3.124090591510090235e+03
8.114103688239387111e+02 3.106490591510090326e+03
8.301103688239387566e+02 3.086690591510090599e+03
8.488103688239388021e+02 3.086690591510090599e+03
9.016103688239387566e+02 3.113090591510090235e+03
9.027103688239387793e+02 3.143890591510090417e+03
9.027103688239387793e+02 3.157090591510090690e+03
8.961103688239387566e+02 3.175790591510090508e+03
8.631103688239387566e+02 3.205490591510090326e+03
8.488103688239388021e+02 3.205490591510090326e+03
8.004103688239387111e+02 3.165890591510090417e+03
7.982103688239387793e+02 3.151590591510090690e+03
7.982103688239387793e+02 3.140590591510090235e+03
