3.489262950322336110e+02 4.199352142586272748e+03
3.511262950322335996e+02 4.194952142586272203e+03
3.533262950322335882e+02 4.192752142586272385e+03
3.665262950322335769e+02 4.186152142586272021e+03
3.753262950322335882e+02 4.183952142586272203e+03
3.863262950322335882e+02 4.183952142586272203e+03
4.248262950322335882e+02 4.200452142586272203e+03
4.270262950322336337e+02 4.202652142586272021e+03
4.347262950322336224e+02 4.213652142586272021e+03
4.534262950322336110e+02 4.258752142586272385e+03
4.589262950322336110e+02 4.287352142586272748e+03
4.589262950322336110e+02 4.299452142586272203e+03
4.556262950322335996e+02 4.307152142586272021e+03
4.534262950322336110e+02 4.311552142586272566e+03
4.413262950322335882e+02 4.326952142586272203e+03
4.160262950322335769e+02 4.354452142586272203e+03
3.962262950322336224e+02 4.354452142586272203e+03
3.830262950322335769e+02 4.353352142586272748e+03
3.665262950322335769e+02 4.345652142586272021e+03
3.159262950322336110e+02 4.295052142586272566e+03
3.489262950322336110e+02 4.199352142586272748e+03
