1.191295407618369609e+03 7.270226682093271847e+03
1.194595407618369563e+03 7.269126682093271484e+03
1.222095407618369563e+03 7.268026682093272029e+03
1.237495407618369427e+03 7.268026682093272029e+03
1.248495407618369427e+03 7.272426682093271666e+03
1.255095407618369563e+03 7.275726682093271847e+03
1.266095407618369563e+03 7.284526682093272029e+03
1.268295407618369609e+03 7.286726682093271847e+03
1.288095407618369563e+03 7.308726682093271847e+03
1.288095407618369563e+03 7.318626682093271484e+03
1.269395407618369518e+03 7.339526682093272029e+03
1.256195407618369472e+03 7.352726682093271847e+03
1.251795407618369609e+03 7.353826682093271302e+03
1.191295407618369609e+03 7.353826682093271302e+03
1.191295407618369609e+03 7.270226682093271847e+03
