2.855357085281315221e+02 5.640735063678865117e+03
2.954357085281315562e+02 5.623135063678864753e+03
3.229357085281315562e+02 5.595635063678864753e+03
3.273357085281315335e+02 5.592335063678864572e+03
3.295357085281315790e+02 5.591235063678865117e+03
3.515357085281315790e+02 5.591235063678865117e+03
3.548357085281315335e+02 5.592335063678864572e+03
3.581357085281315449e+02 5.595635063678864753e+03
3.581357085281315449e+02 5.661635063678864753e+03
3.548357085281315335e+02 5.711135063678864753e+03
3.174357085281315562e+02 5.712235063678865117e+03
3.042357085281315676e+02 5.712235063678865117e+03
2.998357085281315335e+02 5.711135063678864753e+03
2.954357085281315562e+02 5.706735063678865117e+03
2.888357085281315335e+02 5.697935063678864935e+03
2.800357085281315221e+02 5.677035063678865299e+03
2.800357085281315221e+02 5.662735063678865117e+03
2.855357085281315221e+02 5.640735063678865117e+03
