1.093189902979308044e+03 1.293909023782948452e+03
1.090989902979307999e+03 1.264209023782948407e+03
1.114089902979307908e+03 1.241109023782948498e+03
1.148189902979308044e+03 1.241109023782948498e+03
1.242789902979307954e+03 1.251009023782948361e+03
1.250489902979307999e+03 1.258709023782948407e+03
1.250489902979307999e+03 1.260909023782948452e+03
1.193289902979307954e+03 1.363209023782948407e+03
1.183389902979308090e+03 1.379709023782948407e+03
1.180089902979307908e+03 1.383009023782948361e+03
1.177889902979307863e+03 1.384109023782948498e+03
1.166889902979307863e+03 1.387409023782948452e+03
1.159189902979308044e+03 1.388509023782948361e+03
1.133889902979307863e+03 1.388509023782948361e+03
1.130589902979307908e+03 1.387409023782948452e+03
1.129489902979307999e+03 1.386309023782948316e+03
1.125089902979307908e+03 1.379709023782948407e+03
1.093189902979308044e+03 1.293909023782948452e+03
