4.013058763500297346e+02 1.152112518071264503e+03
4.057058763500297687e+02 1.152112518071264503e+03
5.091058763500297459e+02 1.186212518071264640e+03
5.168058763500297346e+02 1.193912518071264458e+03
5.179058763500297573e+02 1.196112518071264503e+03
5.212058763500297118e+02 1.204912518071264458e+03
5.245058763500297800e+02 1.217012518071264594e+03
5.256058763500298028e+02 1.290712518071264640e+03
5.256058763500298028e+02 1.306112518071264503e+03
5.245058763500297800e+02 1.309412518071264458e+03
4.651058763500297459e+02 1.309412518071264458e+03
4.453058763500297346e+02 1.296212518071264640e+03
4.013058763500297346e+02 1.252212518071264640e+03
4.013058763500297346e+02 1.152112518071264503e+03
