8.212031773879142520e+02 3.051155068226120875e+03
8.707031773879142520e+02 3.010455068226121057e+03
8.828031773879142747e+02 3.014855068226120693e+03
9.158031773879142747e+02 3.068755068226120784e+03
9.158031773879142747e+02 3.106155068226120875e+03
9.136031773879142293e+02 3.108355068226120693e+03
9.004031773879141838e+02 3.119355068226120693e+03
8.729031773879141838e+02 3.119355068226120693e+03
8.289031773879141838e+02 3.092955068226121057e+03
8.212031773879142520e+02 3.051155068226120875e+03
