4.501315245981490420e+02 2.647374427666828979e+03
4.501315245981490420e+02 2.589074427666829251e+03
4.974315245981490534e+02 2.589074427666829251e+03
5.348315245981490307e+02 2.598974427666828888e+03
5.513315245981490307e+02 2.647374427666828979e+03
5.513315245981490307e+02 2.707874427666828979e+03
5.480315245981490762e+02 2.721074427666829251e+03
5.337315245981490079e+02 2.751874427666828979e+03
5.304315245981490534e+02 2.752974427666828888e+03
5.161315245981490989e+02 2.756274427666829069e+03
5.040315245981490762e+02 2.756274427666829069e+03
4.985315245981490762e+02 2.755174427666829160e+03
4.974315245981490534e+02 2.754074427666829251e+03
4.765315245981490193e+02 2.724374427666828979e+03
4.501315245981490420e+02 2.647374427666828979e+03
