1.257305137426149486e+03 8.227259440020548936e+03
1.256205137426149577e+03 8.223959440020549664e+03
1.249605137426149440e+03 8.201959440020549664e+03
1.249605137426149440e+03 8.200859440020549300e+03
1.290305137426149486e+03 8.170059440020550028e+03
1.332105137426149440e+03 8.170059440020550028e+03
1.334305137426149486e+03 8.172259440020549846e+03
1.336505137426149531e+03 8.175559440020550028e+03
1.355205137426149577e+03 8.248159440020550392e+03
1.355205137426149577e+03 8.278959440020549664e+03
1.350805137426149486e+03 8.296559440020550028e+03
1.349705137426149577e+03 8.298759440020548936e+03
1.347505137426149531e+03 8.300959440020549664e+03
1.333205137426149577e+03 8.308659440020550392e+03
1.321105137426149440e+03 8.308659440020550392e+03
1.312305137426149486e+03 8.306459440020549664e+03
1.309005137426149531e+03 8.305359440020549300e+03
1.304605137426149440e+03 8.303159440020550392e+03
1.303505137426149531e+03 8.302059440020550028e+03
1.257305137426149486e+03 8.227259440020548936e+03
