4.934721553884711511e+02 3.116753132832080155e+03
4.967721553884711625e+02 3.059553132832080337e+03
5.055721553884711739e+02 3.055153132832080246e+03
5.154721553884711511e+02 3.050753132832080155e+03
5.363721553884711284e+02 3.050753132832080155e+03
5.627721553884712193e+02 3.063953132832079973e+03
5.682721553884712193e+02 3.069453132832079973e+03
5.726721553884711966e+02 3.079353132832080064e+03
5.781721553884711966e+02 3.104653132832080246e+03
5.781721553884711966e+02 3.114553132832080337e+03
5.704721553884711511e+02 3.149753132832080155e+03
5.660721553884711739e+02 3.159653132832080246e+03
5.572721553884712193e+02 3.171753132832080155e+03
5.385721553884711739e+02 3.190453132832079973e+03
5.341721553884711966e+02 3.191553132832080337e+03
5.231721553884711966e+02 3.191553132832080337e+03
5.110721553884711739e+02 3.188253132832080155e+03
5.077721553884711625e+02 3.187153132832080246e+03
5.033721553884711852e+02 3.184953132832079973e+03
4.934721553884711511e+02 3.162953132832079973e+03
4.934721553884711511e+02 3.116753132832080155e+03
