7.853848781423911305e+02 4.607274246785646028e+03
8.084848781423910395e+02 4.584174246785645664e+03
8.579848781423911532e+02 4.584174246785645664e+03
8.854848781423911532e+02 4.611674246785645664e+03
8.854848781423911532e+02 4.629274246785646028e+03
8.656848781423910850e+02 4.665574246785645300e+03
8.370848781423910623e+02 4.687574246785646210e+03
8.293848781423911305e+02 4.687574246785646210e+03
8.216848781423910850e+02 4.679874246785645482e+03
7.853848781423911305e+02 4.629274246785646028e+03
7.853848781423911305e+02 4.607274246785646028e+03
