5.495514132821075464e+02 2.041674217892425986e+03
5.561514132821075691e+02 1.992174217892425986e+03
5.935514132821075464e+02 1.992174217892425986e+03
6.639514132821075236e+02 2.011974217892425941e+03
6.639514132821075236e+02 2.026274217892425895e+03
6.628514132821076146e+02 2.028474217892425941e+03
6.210514132821075464e+02 2.094474217892425713e+03
6.199514132821075236e+02 2.095574217892426077e+03
6.012514132821075918e+02 2.103274217892425895e+03
5.880514132821075464e+02 2.103274217892425895e+03
5.781514132821075691e+02 2.101074217892426077e+03
5.748514132821076146e+02 2.099974217892425713e+03
5.726514132821075691e+02 2.098874217892425804e+03
5.693514132821076146e+02 2.096674217892425986e+03
5.649514132821075236e+02 2.092274217892425895e+03
5.627514132821075918e+02 2.088974217892425713e+03
5.517514132821075918e+02 2.065874217892425804e+03
5.495514132821075464e+02 2.053774217892425895e+03
5.495514132821075464e+02 2.041674217892425986e+03
