1.352099624765478438e+03 8.243428258045894836e+03
1.354299624765478484e+03 8.240128258045893745e+03
1.363099624765478438e+03 8.231328258045894472e+03
1.367499624765478302e+03 8.229128258045893745e+03
1.380699624765478347e+03 8.223628258045893745e+03
1.396099624765478438e+03 8.223628258045893745e+03
1.468699624765478347e+03 8.230228258045894108e+03
1.473099624765478438e+03 8.231328258045894472e+03
1.478599624765478438e+03 8.233528258045893381e+03
1.484099624765478438e+03 8.236828258045894472e+03
1.486299624765478484e+03 8.239028258045893381e+03
1.487399624765478393e+03 8.241228258045894108e+03
1.487399624765478393e+03 8.253328258045894472e+03
1.485199624765478347e+03 8.262128258045893745e+03
1.482999624765478529e+03 8.266528258045893381e+03
1.476399624765478393e+03 8.275328258045894472e+03
1.465399624765478393e+03 8.286328258045894472e+03
1.454399624765478393e+03 8.294028258045893381e+03
1.440099624765478438e+03 8.298428258045894836e+03
1.415899624765478393e+03 8.299528258045893381e+03
1.392799624765478484e+03 8.299528258045893381e+03
1.389499624765478302e+03 8.298428258045894836e+03
1.387299624765478484e+03 8.297328258045894472e+03
1.358699624765478347e+03 8.281928258045894836e+03
1.355399624765478393e+03 8.279728258045894108e+03
1.353199624765478347e+03 8.277528258045893381e+03
1.350999624765478529e+03 8.270928258045894836e+03
1.350999624765478529e+03 8.261028258045893381e+03
1.352099624765478438e+03 8.243428258045894836e+03
