8.471976908118618894e+02 1.316448468643655815e+03
8.768976908118619349e+02 1.286748468643655769e+03
9.098976908118619349e+02 1.286748468643655769e+03
9.560976908118619804e+02 1.303248468643655769e+03
9.560976908118619804e+02 1.347248468643655769e+03
9.197976908118619122e+02 1.422048468643655724e+03
9.098976908118619349e+02 1.422048468643655724e+03
8.636976908118618894e+02 1.395648468643655860e+03
8.416976908118618894e+02 1.347248468643655769e+03
8.416976908118618894e+02 1.346148468643655860e+03
8.471976908118618894e+02 1.316448468643655815e+03
