1.349670760832480482e+03 1.457492494029341515e+03
1.349670760832480482e+03 1.445392494029341606e+03
1.350770760832480391e+03 1.440992494029341515e+03
1.359570760832480346e+03 1.416792494029341469e+03
1.360670760832480482e+03 1.414592494029341424e+03
1.369470760832480437e+03 1.404692494029341560e+03
1.376070760832480346e+03 1.400292494029341469e+03
1.385970760832480437e+03 1.400292494029341469e+03
1.394770760832480391e+03 1.404692494029341560e+03
1.466270760832480391e+03 1.477292494029341469e+03
1.466270760832480391e+03 1.479492494029341515e+03
1.403570760832480346e+03 1.548792494029341469e+03
1.401370760832480300e+03 1.548792494029341469e+03
1.374970760832480437e+03 1.537792494029341469e+03
1.369470760832480437e+03 1.534492494029341515e+03
1.367270760832480391e+03 1.532292494029341469e+03
1.356270760832480391e+03 1.511392494029341606e+03
1.352970760832480437e+03 1.504792494029341469e+03
1.349670760832480482e+03 1.457492494029341515e+03
