1.844822854958914604e+02 6.117685610548442128e+03
2.328822854958914661e+02 6.081385610548442855e+03
2.768822854958914377e+02 6.081385610548442855e+03
2.801822854958914490e+02 6.082485610548442310e+03
2.834822854958914604e+02 6.084685610548442128e+03
2.856822854958914490e+02 6.086885610548442855e+03
2.878822854958914377e+02 6.090185610548442128e+03
2.966822854958914490e+02 6.122085610548442673e+03
2.966822854958914490e+02 6.133085610548442673e+03
2.944822854958914604e+02 6.135285610548442492e+03
2.713822854958914377e+02 6.152885610548442855e+03
2.306822854958914490e+02 6.169385610548442855e+03
1.844822854958914604e+02 6.123185610548442128e+03
1.844822854958914604e+02 6.117685610548442128e+03
