4.876019902120717688e+02 1.532623148450244798e+03
4.876019902120717688e+02 1.517223148450244707e+03
4.898019902120717575e+02 1.507323148450244616e+03
4.909019902120717802e+02 1.505123148450244798e+03
5.074019902120717802e+02 1.487523148450244662e+03
5.085019902120718029e+02 1.486423148450244753e+03
5.151019902120717688e+02 1.480923148450244753e+03
5.173019902120718143e+02 1.479823148450244616e+03
5.371019902120717688e+02 1.472123148450244798e+03
5.481019902120717688e+02 1.468823148450244616e+03
5.778019902120718143e+02 1.532623148450244798e+03
5.778019902120718143e+02 1.579923148450244753e+03
5.690019902120717461e+02 1.588723148450244707e+03
5.536019902120717688e+02 1.598623148450244798e+03
5.327019902120717916e+02 1.606323148450244616e+03
5.272019902120717916e+02 1.600823148450244616e+03
4.876019902120717688e+02 1.532623148450244798e+03
