6.011032716927452668e+01 7.165908122332859421e+03
7.331032716927452952e+01 7.150508122332858875e+03
7.441032716927452384e+01 7.149408122332859421e+03
7.771032716927453521e+01 7.147208122332858693e+03
9.201032716927453237e+01 7.139508122332858875e+03
9.861032716927454089e+01 7.136208122332858693e+03
1.074103271692745381e+02 7.132908122332859421e+03
1.272103271692745352e+02 7.127408122332859421e+03
1.503103271692745295e+02 7.126308122332859057e+03
1.613103271692745579e+02 7.126308122332859057e+03
1.800103271692745466e+02 7.131808122332859057e+03
1.888103271692745579e+02 7.136208122332858693e+03
1.932103271692745352e+02 7.140608122332859239e+03
1.943103271692745579e+02 7.142808122332859057e+03
1.954103271692745238e+02 7.147208122332858693e+03
1.954103271692745238e+02 7.157108122332859239e+03
1.932103271692745352e+02 7.171408122332859421e+03
1.921103271692745409e+02 7.174708122332859602e+03
1.888103271692745579e+02 7.181308122332859057e+03
1.877103271692745352e+02 7.182408122332859421e+03
1.206103271692745409e+02 7.204408122332859421e+03
1.096103271692745409e+02 7.206608122332859239e+03
9.641032716927453805e+01 7.208808122332859057e+03
7.991032716927452384e+01 7.208808122332859057e+03
6.781032716927452952e+01 7.205508122332858875e+03
6.451032716927453237e+01 7.203308122332859057e+03
6.231032716927452952e+01 7.201108122332859239e+03
5.681032716927452952e+01 7.194508122332858875e+03
5.571032716927453521e+01 7.191208122332859602e+03
5.571032716927453521e+01 7.175808122332859057e+03
5.901032716927453237e+01 7.168108122332859239e+03
6.011032716927452668e+01 7.165908122332859421e+03
