8.732879701492537379e+02 4.313190417910447650e+03
8.831879701492537151e+02 4.293390417910447468e+03
8.930879701492536924e+02 4.275790417910448014e+03
9.337879701492537379e+02 4.275790417910448014e+03
1.054787970149253852e+03 4.286790417910448014e+03
1.072387970149253761e+03 4.304390417910447468e+03
1.055887970149253761e+03 4.323090417910447286e+03
1.054787970149253852e+03 4.324190417910447650e+03
9.557879701492537379e+02 4.401190417910447650e+03
9.535879701492536924e+02 4.402290417910448014e+03
9.381879701492537151e+02 4.405590417910447286e+03
9.271879701492537151e+02 4.405590417910447286e+03
9.227879701492537379e+02 4.404490417910447832e+03
9.018879701492537606e+02 4.397890417910447468e+03
8.798879701492537606e+02 4.389090417910448195e+03
8.787879701492537379e+02 4.387990417910447832e+03
8.677879701492537379e+02 4.369290417910448014e+03
8.666879701492537151e+02 4.352790417910448014e+03
8.666879701492537151e+02 4.337390417910447468e+03
8.732879701492537379e+02 4.313190417910447650e+03
