1.164440930327036313e+03 2.272432717177872746e+03
1.173240930327036267e+03 2.235032717177872655e+03
1.174340930327036403e+03 2.231732717177872473e+03
1.182040930327036449e+03 2.214132717177872564e+03
1.193040930327036449e+03 2.203132717177872564e+03
1.208440930327036313e+03 2.197632717177872564e+03
1.246940930327036313e+03 2.194332717177872382e+03
1.260140930327036358e+03 2.194332717177872382e+03
1.261240930327036267e+03 2.195432717177872746e+03
1.288740930327036267e+03 2.232832717177872382e+03
1.319540930327036449e+03 2.302132717177872564e+03
1.252440930327036313e+03 2.372532717177872655e+03
1.244740930327036267e+03 2.372532717177872655e+03
1.235940930327036313e+03 2.368132717177872564e+03
1.227140930327036358e+03 2.361532717177872655e+03
1.212840930327036403e+03 2.350532717177872655e+03
1.191940930327036313e+03 2.327432717177872746e+03
1.185340930327036403e+03 2.319732717177872473e+03
1.165540930327036449e+03 2.292232717177872473e+03
1.164440930327036313e+03 2.283432717177872746e+03
1.164440930327036313e+03 2.272432717177872746e+03
