5.248970302449705514e+02 1.958899507321746341e+03
6.117970302449705287e+02 1.915999507321746250e+03
6.392970302449705287e+02 1.915999507321746250e+03
6.568970302449705514e+02 1.937999507321746250e+03
6.601970302449706196e+02 1.944599507321746160e+03
6.634970302449705741e+02 1.955599507321746160e+03
6.678970302449705514e+02 1.980899507321746341e+03
6.678970302449705514e+02 1.995199507321746296e+03
6.645970302449705969e+02 2.009499507321746250e+03
6.623970302449705514e+02 2.018299507321746205e+03
6.117970302449705287e+02 2.018299507321746205e+03
5.545970302449705969e+02 1.998499507321746250e+03
5.248970302449705514e+02 1.958899507321746341e+03
