1.656156781153676775e+03 8.190389718185821039e+03
1.657256781153676684e+03 8.187089718185820857e+03
1.660556781153676866e+03 8.179389718185821039e+03
1.663856781153676820e+03 8.172789718185821584e+03
1.667156781153676775e+03 8.168389718185821039e+03
1.670456781153676729e+03 8.165089718185820857e+03
1.673756781153676684e+03 8.162889718185821039e+03
1.684756781153676911e+03 8.157389718185821039e+03
1.689156781153676775e+03 8.156289718185821584e+03
1.702356781153676820e+03 8.156289718185821584e+03
1.723256781153676911e+03 8.157389718185821039e+03
1.732056781153676866e+03 8.158489718185821403e+03
1.745256781153676911e+03 8.161789718185821584e+03
1.759556781153676866e+03 8.170589718185820857e+03
1.769456781153676729e+03 8.180489718185821403e+03
1.778256781153676911e+03 8.193689718185820311e+03
1.790356781153676820e+03 8.215689718185822130e+03
1.791456781153676729e+03 8.226689718185822130e+03
1.791456781153676729e+03 8.236589718185821766e+03
1.789256781153676911e+03 8.240989718185821403e+03
1.788156781153676775e+03 8.242089718185821766e+03
1.773856781153676820e+03 8.249789718185820675e+03
1.747456781153676729e+03 8.261889718185821039e+03
1.721056781153676866e+03 8.261889718185821039e+03
1.642956781153676729e+03 8.239889718185821039e+03
1.656156781153676775e+03 8.190389718185821039e+03
