4.026761508211889691e+02 7.114190469581309117e+03
4.037761508211889918e+02 7.108690469581309117e+03
4.048761508211889577e+02 7.106490469581309299e+03
4.092761508211889918e+02 7.098790469581309480e+03
4.114761508211889804e+02 7.096590469581309662e+03
4.246761508211889691e+02 7.089990469581309299e+03
4.378761508211890146e+02 7.089990469581309299e+03
4.543761508211890146e+02 7.091090469581309662e+03
4.620761508211890032e+02 7.092190469581309117e+03
4.862761508211889918e+02 7.099890469581308935e+03
4.895761508211890032e+02 7.100990469581309299e+03
4.917761508211889918e+02 7.102090469581309662e+03
4.950761508211890032e+02 7.105390469581308935e+03
4.972761508211889918e+02 7.108690469581309117e+03
4.983761508211890146e+02 7.110890469581308935e+03
4.994761508211889804e+02 7.114190469581309117e+03
4.994761508211889804e+02 7.128490469581309299e+03
4.983761508211890146e+02 7.130690469581309117e+03
4.884761508211889804e+02 7.142790469581309480e+03
4.818761508211890146e+02 7.147190469581309117e+03
4.675761508211890032e+02 7.154890469581308935e+03
4.433761508211890146e+02 7.166990469581309299e+03
4.026761508211889691e+02 7.126290469581309480e+03
4.026761508211889691e+02 7.114190469581309117e+03
