1.194625768967874251e+02 3.165589661654135398e+03
1.194625768967874251e+02 3.164489661654135489e+03
1.469625768967874251e+02 3.136989661654135489e+03
1.678625768967874308e+02 3.136989661654135489e+03
1.920625768967874194e+02 3.140289661654135216e+03
2.305625768967874194e+02 3.178789661654135216e+03
2.305625768967874194e+02 3.188689661654135307e+03
2.107625768967874365e+02 3.206289661654135216e+03
1.898625768967874308e+02 3.223889661654135125e+03
1.623625768967874308e+02 3.227189661654135307e+03
1.491625768967874137e+02 3.227189661654135307e+03
1.469625768967874251e+02 3.226089661654135398e+03
1.348625768967874023e+02 3.215089661654135398e+03
1.326625768967874137e+02 3.211789661654135216e+03
1.315625768967874194e+02 3.209589661654135398e+03
1.205625768967874194e+02 3.185389661654135125e+03
1.194625768967874251e+02 3.165589661654135398e+03
