9.943204750204749871e+02 3.686528364728364977e+03
1.037220475020475078e+03 3.686528364728364977e+03
1.105420475020475124e+03 3.689828364728364704e+03
1.107620475020474942e+03 3.690928364728364613e+03
1.146120475020474942e+03 3.722828364728364704e+03
1.148320475020474987e+03 3.725028364728364977e+03
1.150520475020475033e+03 3.729428364728364613e+03
1.150520475020475033e+03 3.730528364728364977e+03
1.037220475020475078e+03 3.773428364728364613e+03
9.943204750204749871e+02 3.773428364728364613e+03
9.899204750204750098e+02 3.769028364728364977e+03
9.822204750204749644e+02 3.758028364728364977e+03
9.822204750204749644e+02 3.747028364728364977e+03
9.943204750204749871e+02 3.686528364728364977e+03
