1.572654029532111736e+03 4.835525573741327207e+03
1.579254029532111645e+03 4.813525573741327207e+03
1.580354029532111781e+03 4.811325573741327389e+03
1.585854029532111781e+03 4.803625573741327571e+03
1.590254029532111645e+03 4.799225573741327025e+03
1.593554029532111599e+03 4.797025573741327207e+03
1.648554029532111826e+03 4.772825573741327389e+03
1.651854029532111781e+03 4.771725573741327025e+03
1.673854029532111781e+03 4.771725573741327025e+03
1.678254029532111645e+03 4.775025573741327207e+03
1.681554029532111599e+03 4.778325573741327389e+03
1.685954029532111690e+03 4.784925573741326843e+03
1.690354029532111781e+03 4.792625573741327571e+03
1.705754029532111645e+03 4.831125573741327571e+03
1.706854029532111781e+03 4.835525573741327207e+03
1.706854029532111781e+03 4.845425573741326843e+03
1.702454029532111690e+03 4.868525573741327207e+03
1.699154029532111736e+03 4.878425573741326843e+03
1.698054029532111826e+03 4.880625573741327571e+03
1.671654029532111736e+03 4.907025573741327207e+03
1.633154029532111736e+03 4.907025573741327207e+03
1.581454029532111690e+03 4.879525573741327207e+03
1.580354029532111781e+03 4.878425573741326843e+03
1.578154029532111736e+03 4.871825573741327389e+03
1.575954029532111690e+03 4.864125573741327571e+03
1.572654029532111736e+03 4.852025573741327207e+03
1.572654029532111736e+03 4.835525573741327207e+03
