1.845705708983735462e+02 6.683205326929374905e+02
1.845705708983735462e+02 6.485205326929374223e+02
1.889705708983735235e+02 6.364205326929375133e+02
1.933705708983735292e+02 6.320205326929374223e+02
1.966705708983735406e+02 6.298205326929374905e+02
2.175705708983735462e+02 6.221205326929374451e+02
2.450705708983735462e+02 6.144205326929373996e+02
2.637705708983735349e+02 6.144205326929373996e+02
2.692705708983735349e+02 6.155205326929374223e+02
2.714705708983735235e+02 6.166205326929374451e+02
2.747705708983735349e+02 6.188205326929374905e+02
2.758705708983735576e+02 6.199205326929373996e+02
2.780705708983735462e+02 6.232205326929374678e+02
2.956705708983735690e+02 6.518205326929374905e+02
2.989705708983735235e+02 6.584205326929375133e+02
3.000705708983735462e+02 6.804205326929375133e+02
3.000705708983735462e+02 6.925205326929374223e+02
2.824705708983735235e+02 7.233205326929374905e+02
2.670705708983735462e+02 7.497205326929374678e+02
2.527705708983735349e+02 7.497205326929374678e+02
2.439705708983735519e+02 7.464205326929375133e+02
2.241705708983735406e+02 7.288205326929374905e+02
2.230705708983735462e+02 7.277205326929374678e+02
1.878705708983735292e+02 6.892205326929374678e+02
1.867705708983735349e+02 6.870205326929374223e+02
1.845705708983735462e+02 6.683205326929374905e+02
