1.029856625683060201e+03 3.341524817850637646e+03
1.030956625683060111e+03 3.337124817850637555e+03
1.032056625683060020e+03 3.333824817850637373e+03
1.033156625683060156e+03 3.331624817850637555e+03
1.034256625683060065e+03 3.330524817850637646e+03
1.058456625683060111e+03 3.308524817850637646e+03
1.073856625683060201e+03 3.308524817850637646e+03
1.117856625683060201e+03 3.325024817850637646e+03
1.131056625683060020e+03 3.338224817850637464e+03
1.131056625683060020e+03 3.351424817850637737e+03
1.111256625683060065e+03 3.371224817850637464e+03
1.073856625683060201e+03 3.377824817850637373e+03
1.027656625683060156e+03 3.377824817850637373e+03
1.027656625683060156e+03 3.367924817850637737e+03
1.029856625683060201e+03 3.341524817850637646e+03
