2.597619700888338912e+02 2.510952906780613830e+03
2.597619700888338912e+02 2.448252906780614012e+03
2.641619700888339253e+02 2.443852906780613921e+03
2.993619700888339139e+02 2.424052906780613739e+03
3.081619700888339253e+02 2.424052906780613739e+03
3.191619700888339253e+02 2.441652906780614103e+03
3.587619700888338912e+02 2.510952906780613830e+03
3.587619700888338912e+02 2.560452906780613830e+03
3.543619700888339139e+02 2.565952906780613830e+03
3.499619700888339366e+02 2.570352906780613921e+03
3.477619700888338912e+02 2.571452906780613830e+03
3.356619700888339253e+02 2.574752906780614012e+03
3.158619700888339139e+02 2.579152906780614103e+03
2.971619700888339253e+02 2.579152906780614103e+03
2.905619700888339025e+02 2.578052906780613739e+03
2.696619700888339253e+02 2.559352906780613921e+03
2.597619700888338912e+02 2.510952906780613830e+03
