9.392819216061185443e+02 5.644175697896749625e+03
9.447819216061185443e+02 5.613375697896749443e+03
9.458819216061185671e+02 5.610075697896749261e+03
9.953819216061185671e+02 5.571575697896749261e+03
1.030581921606118613e+03 5.571575697896749261e+03
1.043781921606118658e+03 5.651875697896749443e+03
1.043781921606118658e+03 5.689275697896749989e+03
1.033881921606118567e+03 5.703575697896749261e+03
1.028381921606118567e+03 5.709075697896749261e+03
1.023981921606118590e+03 5.711275697896749989e+03
9.821819216061185216e+02 5.728875697896749443e+03
9.722819216061185443e+02 5.728875697896749443e+03
9.535819216061184989e+02 5.723375697896749443e+03
9.513819216061185671e+02 5.722275697896749989e+03
9.480819216061184989e+02 5.718975697896749807e+03
9.458819216061185671e+02 5.714575697896749261e+03
9.425819216061184989e+02 5.701375697896749443e+03
9.403819216061185671e+02 5.683775697896749989e+03
9.392819216061185443e+02 5.658475697896749807e+03
9.392819216061185443e+02 5.644175697896749625e+03
