1.055726441487546936e+03 4.010290947344478354e+03
1.055726441487546936e+03 3.984990947344478627e+03
1.097526441487546890e+03 3.943190947344478445e+03
1.126126441487547027e+03 3.943190947344478445e+03
1.127226441487546936e+03 3.944290947344478809e+03
1.144826441487546845e+03 3.967390947344478718e+03
1.152526441487546890e+03 4.003690947344478445e+03
1.153626441487547027e+03 4.012490947344478627e+03
1.153626441487547027e+03 4.026790947344478809e+03
1.152526441487546890e+03 4.028990947344478627e+03
1.145926441487546981e+03 4.038890947344478718e+03
1.098626441487546799e+03 4.107090947344478991e+03
1.095326441487546845e+03 4.110390947344478263e+03
1.090926441487546981e+03 4.113690947344478445e+03
1.087626441487546799e+03 4.115890947344478263e+03
1.085426441487546981e+03 4.116990947344478627e+03
1.072226441487546936e+03 4.116990947344478627e+03
1.055726441487546936e+03 4.010290947344478354e+03
