3.491900413133290044e+02 5.748529745596868452e+03
3.513900413133289931e+02 5.745229745596869179e+03
3.524900413133289589e+02 5.744129745596868815e+03
3.755900413133289817e+02 5.726529745596868452e+03
3.942900413133289703e+02 5.716629745596868815e+03
3.986900413133290044e+02 5.714429745596868997e+03
4.096900413133290044e+02 5.714429745596868997e+03
4.305900413133289817e+02 5.722129745596868815e+03
4.393900413133289931e+02 5.726529745596868452e+03
4.470900413133289817e+02 5.732029745596868452e+03
4.547900413133289703e+02 5.739729745596869179e+03
4.591900413133290044e+02 5.746329745596868634e+03
4.679900413133290158e+02 5.766129745596868815e+03
4.679900413133290158e+02 5.777129745596868815e+03
4.668900413133289931e+02 5.779329745596868634e+03
4.250900413133289817e+02 5.832129745596868815e+03
4.129900413133290158e+02 5.839829745596868634e+03
4.085900413133289817e+02 5.840929745596868997e+03
3.909900413133289589e+02 5.840929745596868997e+03
3.887900413133289703e+02 5.839829745596868634e+03
3.832900413133289703e+02 5.836529745596869361e+03
3.315900413133289817e+02 5.784829745596868634e+03
3.315900413133289817e+02 5.783729745596869179e+03
3.491900413133290044e+02 5.748529745596868452e+03
