5.276685670010602962e+02 2.633645045265475801e+03
5.276685670010602962e+02 2.600645045265475801e+03
5.815685670010602735e+02 2.546745045265475710e+03
6.079685670010602507e+02 2.546745045265475710e+03
6.090685670010602735e+02 2.547845045265476074e+03
6.354685670010602507e+02 2.603945045265475983e+03
6.453685670010602280e+02 2.653445045265475983e+03
6.453685670010602280e+02 2.666645045265475801e+03
6.299685670010602507e+02 2.691945045265475983e+03
6.211685670010602962e+02 2.702945045265475983e+03
5.980685670010602735e+02 2.726045045265475892e+03
5.705685670010602735e+02 2.721645045265475801e+03
5.441685670010602962e+02 2.710645045265475801e+03
5.276685670010602962e+02 2.633645045265475801e+03
