6.789334734187854110e+02 7.773434818239125889e+03
6.833334734187855020e+02 7.761334818239125525e+03
6.855334734187854338e+02 7.759134818239125707e+03
6.954334734187854110e+02 7.750334818239125525e+03
7.009334734187854110e+02 7.745934818239125889e+03
7.064334734187854110e+02 7.743734818239126071e+03
7.218334734187855020e+02 7.738234818239126071e+03
7.339334734187854110e+02 7.738234818239126071e+03
7.471334734187854565e+02 7.743734818239126071e+03
7.625334734187854338e+02 7.752534818239126253e+03
7.636334734187854565e+02 7.753634818239125707e+03
7.647334734187854792e+02 7.765734818239126071e+03
7.658334734187855020e+02 7.783334818239125525e+03
7.658334734187855020e+02 7.796534818239126253e+03
7.559334734187854110e+02 7.814134818239125707e+03
7.548334734187855020e+02 7.815234818239126071e+03
7.526334734187854565e+02 7.816334818239125525e+03
7.273334734187855020e+02 7.817434818239125889e+03
7.141334734187854565e+02 7.817434818239125889e+03
7.097334734187854792e+02 7.816334818239125525e+03
7.031334734187854565e+02 7.814134818239125707e+03
6.855334734187854338e+02 7.804234818239126071e+03
6.822334734187854792e+02 7.802034818239126253e+03
6.778334734187855020e+02 7.797634818239125707e+03
6.778334734187855020e+02 7.784434818239125889e+03
6.789334734187854110e+02 7.773434818239125889e+03
