1.277098519458544843e+03 2.739674069373942530e+03
1.302398519458544797e+03 2.714374069373942348e+03
1.348598519458544843e+03 2.715474069373942257e+03
1.357398519458544797e+03 2.719874069373942348e+03
1.365098519458544843e+03 2.727574069373942621e+03
1.374998519458544934e+03 2.738574069373942621e+03
1.378298519458544888e+03 2.742974069373942257e+03
1.384898519458544797e+03 2.756174069373942530e+03
1.388198519458544752e+03 2.777074069373942621e+03
1.388198519458544752e+03 2.789174069373942530e+03
1.379398519458544797e+03 2.825474069373942712e+03
1.372798519458544888e+03 2.838674069373942530e+03
1.335398519458544797e+03 2.838674069373942530e+03
1.267198519458544752e+03 2.815574069373942621e+03
1.267198519458544752e+03 2.814474069373942257e+03
1.270498519458544934e+03 2.786974069373942257e+03
1.277098519458544843e+03 2.739674069373942530e+03
