1.376910575296108391e+03 1.589043459586099061e+03
1.379110575296108209e+03 1.586843459586099243e+03
1.381310575296108254e+03 1.585743459586099107e+03
1.398910575296108391e+03 1.583543459586099061e+03
1.409910575296108391e+03 1.583543459586099061e+03
1.444010575296108300e+03 1.593443459586099152e+03
1.481410575296108391e+03 1.636343459586099243e+03
1.488010575296108300e+03 1.660543459586099061e+03
1.488010575296108300e+03 1.725443459586099152e+03
1.482510575296108300e+03 1.787043459586099289e+03
1.480310575296108254e+03 1.790343459586099243e+03
1.473710575296108345e+03 1.796943459586099152e+03
1.464910575296108391e+03 1.804643459586099198e+03
1.448410575296108391e+03 1.804643459586099198e+03
1.400010575296108300e+03 1.784843459586099243e+03
1.376910575296108391e+03 1.702343459586099243e+03
1.376910575296108391e+03 1.589043459586099061e+03
