1.319403112774281453e+03 3.953906412655213444e+03
1.320503112774281362e+03 3.946206412655213626e+03
1.322703112774281408e+03 3.935206412655213626e+03
1.323803112774281317e+03 3.930806412655213535e+03
1.324903112774281453e+03 3.927506412655213353e+03
1.327103112774281271e+03 3.922006412655213353e+03
1.328203112774281408e+03 3.919806412655213535e+03
1.333703112774281408e+03 3.912106412655213717e+03
1.338103112774281271e+03 3.907706412655213626e+03
1.341403112774281453e+03 3.905506412655213353e+03
1.359003112774281362e+03 3.900006412655213353e+03
1.372203112774281408e+03 3.900006412655213353e+03
1.389803112774281317e+03 3.915406412655213444e+03
1.395303112774281317e+03 3.927506412655213353e+03
1.399703112774281408e+03 3.937406412655213444e+03
1.400803112774281317e+03 3.945106412655213717e+03
1.400803112774281317e+03 3.979206412655213626e+03
1.399703112774281408e+03 3.981406412655213444e+03
1.393103112774281271e+03 3.990206412655213626e+03
1.390903112774281453e+03 3.992406412655213444e+03
1.378803112774281317e+03 3.999006412655213353e+03
1.376603112774281271e+03 4.000106412655213717e+03
1.366703112774281408e+03 4.001206412655213626e+03
1.345803112774281317e+03 4.003406412655213444e+03
1.329303112774281317e+03 4.003406412655213444e+03
1.327103112774281271e+03 4.002306412655213535e+03
1.321603112774281271e+03 3.996806412655213535e+03
1.319403112774281453e+03 3.992406412655213444e+03
1.319403112774281453e+03 3.953906412655213444e+03
