9.352327179808092978e+02 4.008419910304547557e+03
9.363327179808093206e+02 4.004019910304547466e+03
9.660327179808093661e+02 3.979819910304547193e+03
1.015532717980809366e+03 3.958919910304547557e+03
1.036432717980809457e+03 3.958919910304547557e+03
1.062832717980809321e+03 3.985319910304547193e+03
1.079332717980809321e+03 4.026019910304547466e+03
1.079332717980809321e+03 4.114019910304547011e+03
9.396327179808092751e+02 4.033719910304547284e+03
9.363327179808093206e+02 4.030419910304547557e+03
9.352327179808092978e+02 4.028219910304547284e+03
9.352327179808092978e+02 4.008419910304547557e+03
