1.362373744263921708e+03 6.015460523378395010e+03
1.408573744263921526e+03 6.011060523378395374e+03
1.409673744263921662e+03 6.011060523378395374e+03
1.465773744263921571e+03 6.067160523378394828e+03
1.461373744263921708e+03 6.079260523378395192e+03
1.452573744263921526e+03 6.096860523378394646e+03
1.438273744263921571e+03 6.113360523378394646e+03
1.436073744263921526e+03 6.115560523378395374e+03
1.419573744263921526e+03 6.128760523378395192e+03
1.416273744263921571e+03 6.130960523378395010e+03
1.356873744263921708e+03 6.135360523378395555e+03
1.355773744263921571e+03 6.135360523378395555e+03
1.352473744263921617e+03 6.132060523378395374e+03
1.352473744263921617e+03 6.081460523378395010e+03
1.362373744263921708e+03 6.015460523378395010e+03
