2.311341799868622786e+02 5.863832384497482053e+03
2.322341799868622729e+02 5.855032384497481871e+03
2.399341799868622616e+02 5.842932384497481507e+03
2.905341799868622843e+02 5.784632384497482235e+03
3.202341799868622729e+02 5.864932384497481507e+03
3.202341799868622729e+02 5.886932384497482417e+03
3.191341799868622502e+02 5.888032384497481871e+03
3.147341799868622729e+02 5.890232384497481689e+03
2.586341799868622502e+02 5.912232384497481689e+03
2.487341799868622729e+02 5.912232384497481689e+03
2.388341799868622672e+02 5.899032384497481871e+03
2.377341799868622729e+02 5.896832384497482053e+03
2.311341799868622786e+02 5.875932384497482417e+03
2.311341799868622786e+02 5.863832384497482053e+03
