1.257581983568075202e+03 5.057885865191146877e+03
1.276281983568075020e+03 5.012785865191146513e+03
1.283981983568075066e+03 4.999585865191146695e+03
1.323581983568075202e+03 4.940185865191147059e+03
1.325781983568075020e+03 4.937985865191147241e+03
1.326881983568075157e+03 4.937985865191147241e+03
1.377481983568075066e+03 5.032585865191146695e+03
1.382981983568075066e+03 5.044685865191147059e+03
1.382981983568075066e+03 5.060085865191146695e+03
1.381881983568075157e+03 5.071085865191146695e+03
1.373081983568075202e+03 5.096385865191146877e+03
1.366481983568075066e+03 5.104085865191146695e+03
1.364281983568075020e+03 5.106285865191146513e+03
1.332381983568075157e+03 5.126085865191146695e+03
1.320281983568075020e+03 5.132685865191147059e+03
1.308181983568075111e+03 5.132685865191147059e+03
1.286181983568075111e+03 5.131585865191146695e+03
1.277381983568075157e+03 5.130485865191147241e+03
1.266381983568075157e+03 5.122785865191146513e+03
1.263081983568075202e+03 5.116185865191147059e+03
1.258681983568075111e+03 5.105185865191147059e+03
1.257581983568075202e+03 5.069985865191147241e+03
1.257581983568075202e+03 5.057885865191146877e+03
