1.543888657540549957e+03 1.268771321753134771e+03
1.612088657540549775e+03 1.225871321753134680e+03
1.636288657540549821e+03 1.225871321753134680e+03
1.686888657540549957e+03 1.252271321753134771e+03
1.690188657540549912e+03 1.254471321753134589e+03
1.692388657540549957e+03 1.256671321753134634e+03
1.697888657540549957e+03 1.264371321753134680e+03
1.698988657540549866e+03 1.267671321753134634e+03
1.698988657540549866e+03 1.284171321753134634e+03
1.696788657540549821e+03 1.294071321753134725e+03
1.691288657540549821e+03 1.301771321753134771e+03
1.612088657540549775e+03 1.343571321753134725e+03
1.609888657540549957e+03 1.343571321753134725e+03
1.565888657540549957e+03 1.339171321753134634e+03
1.546088657540549775e+03 1.285271321753134771e+03
1.543888657540549957e+03 1.268771321753134771e+03
