4.646666962752412928e+02 2.441444081245928828e+03
4.646666962752412928e+02 2.432644081245928646e+03
5.669666962752413610e+02 2.367744081245929010e+03
5.768666962752413383e+02 2.365544081245928737e+03
5.878666962752413383e+02 2.365544081245928737e+03
7.099666962752413610e+02 2.421644081245928646e+03
6.978666962752413383e+02 2.459044081245928737e+03
6.967666962752413156e+02 2.461244081245929010e+03
6.857666962752413156e+02 2.482144081245928646e+03
6.725666962752413838e+02 2.500844081245928919e+03
6.714666962752413610e+02 2.501944081245928828e+03
5.977666962752413156e+02 2.519544081245928737e+03
5.823666962752413383e+02 2.519544081245928737e+03
5.702666962752413156e+02 2.518444081245928828e+03
4.877666962752413156e+02 2.479944081245928828e+03
4.745666962752413269e+02 2.466744081245929010e+03
4.723666962752413383e+02 2.463444081245928828e+03
4.679666962752413042e+02 2.451344081245928919e+03
4.646666962752412928e+02 2.441444081245928828e+03
