1.254701582349008220e+02 4.630936806329395949e+03
1.353701582349008277e+02 4.585836806329395586e+03
1.408701582349008277e+02 4.583636806329395768e+03
1.441701582349008106e+02 4.582536806329396313e+03
1.606701582349008106e+02 4.579236806329396131e+03
1.694701582349008220e+02 4.578136806329395768e+03
1.848701582349008277e+02 4.578136806329395768e+03
2.321701582349008390e+02 4.619936806329395949e+03
2.519701582349008504e+02 4.640836806329395586e+03
2.541701582349008390e+02 4.644136806329395768e+03
2.332701582349008333e+02 4.665036806329396313e+03
1.738701582349008277e+02 4.704636806329395768e+03
1.254701582349008220e+02 4.704636806329395768e+03
1.254701582349008220e+02 4.630936806329395949e+03
