1.197629823709050470e+03 9.098785605219322861e+02
1.213029823709050561e+03 8.834785605219321951e+02
1.215229823709050606e+03 8.812785605219322633e+02
1.217429823709050424e+03 8.801785605219322406e+02
1.252629823709050470e+03 8.658785605219322861e+02
1.266929823709050652e+03 8.658785605219322861e+02
1.273529823709050561e+03 8.680785605219322179e+02
1.277929823709050652e+03 8.702785605219322633e+02
1.281229823709050606e+03 8.735785605219322179e+02
1.290029823709050561e+03 8.933785605219322861e+02
1.295529823709050561e+03 9.219785605219323088e+02
1.298829823709050515e+03 9.406785605219322406e+02
1.301029823709050561e+03 9.571785605219322406e+02
1.301029823709050561e+03 9.758785605219322861e+02
1.292229823709050606e+03 1.028678560521932241e+03
1.273529823709050561e+03 1.050678560521932241e+03
1.266929823709050652e+03 1.057278560521932377e+03
1.251529823709050561e+03 1.063878560521932286e+03
1.224029823709050561e+03 1.064978560521932195e+03
1.210829823709050515e+03 1.064978560521932195e+03
1.204229823709050606e+03 1.058378560521932286e+03
1.187729823709050606e+03 9.813785605219322861e+02
1.187729823709050606e+03 9.703785605219322861e+02
1.197629823709050470e+03 9.098785605219322861e+02
