1.473652301143921250e+03 5.542127387603086390e+03
1.476952301143921204e+03 5.538827387603086208e+03
1.480252301143921159e+03 5.536627387603085481e+03
1.482452301143921204e+03 5.535527387603086027e+03
1.493452301143921204e+03 5.535527387603086027e+03
1.502252301143921159e+03 5.537727387603085845e+03
1.507752301143921159e+03 5.539927387603085663e+03
1.512152301143921250e+03 5.544327387603086208e+03
1.513252301143921159e+03 5.546527387603086027e+03
1.566052301143921341e+03 5.670827387603086208e+03
1.489052301143921341e+03 5.703827387603086208e+03
1.460452301143921204e+03 5.703827387603086208e+03
1.460452301143921204e+03 5.660927387603085663e+03
1.473652301143921250e+03 5.542127387603086390e+03
