3.892234167002823710e+02 3.167905506252521263e+03
4.123234167002823938e+02 3.118405506252521263e+03
4.310234167002823824e+02 3.118405506252521263e+03
5.014234167002823597e+02 3.158005506252521172e+03
5.113234167002823938e+02 3.167905506252521263e+03
5.113234167002823938e+02 3.178905506252521263e+03
4.530234167002823824e+02 3.213005506252521172e+03
4.310234167002823824e+02 3.213005506252521172e+03
3.892234167002823710e+02 3.176705506252520991e+03
3.892234167002823710e+02 3.167905506252521263e+03
