4.301735152487961500e+02 5.669978432803151918e+03
4.433735152487961386e+02 5.645778432803152100e+03
4.576735152487961500e+02 5.627078432803152282e+03
4.807735152487961727e+02 5.614978432803151918e+03
4.961735152487961500e+02 5.614978432803151918e+03
5.137735152487961159e+02 5.624878432803151554e+03
5.247735152487961159e+02 5.633678432803151736e+03
5.280735152487961841e+02 5.636978432803151918e+03
5.302735152487961159e+02 5.641378432803151554e+03
5.324735152487961614e+02 5.647978432803151918e+03
5.335735152487961841e+02 5.652378432803151554e+03
5.346735152487962068e+02 5.657878432803151554e+03
5.346735152487962068e+02 5.669978432803151918e+03
5.324735152487961614e+02 5.676578432803152282e+03
5.313735152487961386e+02 5.678778432803152100e+03
5.225735152487961841e+02 5.695278432803152100e+03
5.192735152487961159e+02 5.699678432803151736e+03
5.126735152487962068e+02 5.707378432803151554e+03
5.082735152487961727e+02 5.711778432803152100e+03
5.049735152487961614e+02 5.713978432803151918e+03
5.027735152487961727e+02 5.715078432803152282e+03
4.950735152487961273e+02 5.718378432803151554e+03
4.752735152487961727e+02 5.722778432803152100e+03
4.620735152487961273e+02 5.722778432803152100e+03
4.565735152487961273e+02 5.721678432803151736e+03
4.532735152487961727e+02 5.720578432803152282e+03
4.510735152487961273e+02 5.719478432803151918e+03
4.422735152487961159e+02 5.708478432803151918e+03
4.334735152487961614e+02 5.690878432803151554e+03
4.301735152487961500e+02 5.682078432803152282e+03
4.301735152487961500e+02 5.669978432803151918e+03
