1.805346829268292595e+03 3.630949616724738917e+03
1.805346829268292595e+03 3.616649616724738735e+03
1.831746829268292686e+03 3.584749616724738644e+03
1.865846829268292595e+03 3.574849616724738553e+03
1.872446829268292731e+03 3.574849616724738553e+03
1.872446829268292731e+03 3.658449616724738917e+03
1.861446829268292731e+03 3.689249616724738644e+03
1.860346829268292595e+03 3.691449616724738917e+03
1.848246829268292686e+03 3.703549616724738826e+03
1.837246829268292686e+03 3.703549616724738826e+03
1.806446829268292731e+03 3.634249616724738644e+03
1.805346829268292595e+03 3.630949616724738917e+03
