9.761805039096437895e+02 3.215790721112076426e+03
1.041080503909643767e+03 3.168490721112076244e+03
1.065280503909643812e+03 3.168490721112076244e+03
1.131280503909643812e+03 3.208090721112076608e+03
1.118080503909643767e+03 3.239990721112076244e+03
1.116980503909643858e+03 3.242190721112076517e+03
1.112580503909643767e+03 3.245490721112076699e+03
1.069680503909643903e+03 3.267490721112076699e+03
1.065280503909643812e+03 3.267490721112076699e+03
9.805805039096437667e+02 3.237790721112076426e+03
9.761805039096437895e+02 3.233390721112076335e+03
9.761805039096437895e+02 3.215790721112076426e+03
