7.704323552735924068e+02 2.869081033571239914e+03
7.704323552735924068e+02 2.860281033571239732e+03
8.188323552735923840e+02 2.820681033571239823e+03
8.331323552735923386e+02 2.820681033571239823e+03
8.859323552735924068e+02 2.885581033571239914e+03
8.859323552735924068e+02 2.900981033571240005e+03
8.617323552735923613e+02 2.938381033571239641e+03
8.188323552735923840e+02 2.954881033571239641e+03
8.034323552735924068e+02 2.954881033571239641e+03
7.902323552735923613e+02 2.941681033571239823e+03
7.825323552735924295e+02 2.925181033571239823e+03
7.748323552735923840e+02 2.902081033571239914e+03
7.737323552735923613e+02 2.897681033571239823e+03
7.704323552735924068e+02 2.869081033571239914e+03
