6.950644524459895592e+02 2.760493791904643786e+02
7.434644524459895365e+02 2.639493791904643558e+02
7.698644524459896274e+02 2.639493791904643558e+02
7.709644524459895365e+02 2.650493791904643786e+02
8.248644524459896274e+02 3.222493791904643672e+02
8.248644524459896274e+02 3.233493791904643899e+02
8.226644524459895820e+02 3.288493791904643899e+02
8.204644524459895365e+02 3.321493791904643444e+02
8.094644524459895365e+02 3.431493791904643444e+02
7.236644524459895820e+02 3.970493791904643786e+02
7.214644524459895365e+02 3.981493791904644013e+02
7.137644524459896047e+02 4.003493791904643899e+02
7.115644524459895592e+02 4.003493791904643899e+02
6.950644524459895592e+02 3.244493791904643558e+02
6.950644524459895592e+02 2.760493791904643786e+02
