-2.542100977198700207e+00 6.496992236699239584e+03
2.055789902280130121e+01 6.496992236699239584e+03
8.545789902280129979e+01 6.533292236699239766e+03
8.545789902280129979e+01 6.536592236699239947e+03
7.885789902280130548e+01 6.543192236699240311e+03
2.385789902280130192e+01 6.581692236699240311e+03
2.165789902280130264e+01 6.582792236699239766e+03
6.257899022801300504e+00 6.587192236699240311e+03
1.857899022801301925e+00 6.588292236699239766e+03
-2.542100977198700207e+00 6.588292236699239766e+03
-2.542100977198700207e+00 6.496992236699239584e+03
