1.551025232480903469e+03 6.155336499501826438e+03
1.551025232480903469e+03 6.124536499501826256e+03
1.553225232480903287e+03 6.122336499501826438e+03
1.577425232480903333e+03 6.105836499501826438e+03
1.598325232480903423e+03 6.095936499501826802e+03
1.601625232480903378e+03 6.094836499501826438e+03
1.622525232480903469e+03 6.094836499501826438e+03
1.632425232480903333e+03 6.099236499501826984e+03
1.639025232480903469e+03 6.102536499501826256e+03
1.664325232480903423e+03 6.116836499501826438e+03
1.670925232480903333e+03 6.121236499501826984e+03
1.672025232480903469e+03 6.122336499501826438e+03
1.675325232480903423e+03 6.127836499501826438e+03
1.676425232480903333e+03 6.130036499501826256e+03
1.678625232480903378e+03 6.135536499501826256e+03
1.678625232480903378e+03 6.153136499501826620e+03
1.658825232480903423e+03 6.271936499501826802e+03
1.615925232480903333e+03 6.271936499501826802e+03
1.586225232480903287e+03 6.255436499501826802e+03
1.553225232480903287e+03 6.178436499501826802e+03
1.551025232480903469e+03 6.155336499501826438e+03
