8.513950017914726232e+02 6.032067233966320600e+03
8.513950017914726232e+02 6.013367233966319873e+03
8.986950017914725777e+02 5.990267233966320418e+03
9.327950017914726004e+02 5.990267233966320418e+03
9.393950017914726232e+02 6.032067233966320600e+03
9.393950017914726232e+02 6.079367233966320782e+03
9.184950017914725322e+02 6.094767233966320418e+03
9.151950017914725777e+02 6.095867233966320782e+03
9.030950017914725549e+02 6.098067233966320600e+03
8.876950017914725777e+02 6.098067233966320600e+03
8.777950017914726004e+02 6.088167233966320055e+03
8.513950017914726232e+02 6.032067233966320600e+03
