7.834292124105012363e+02 5.440252585521081528e+03
7.845292124105011453e+02 5.438052585521081710e+03
7.867292124105011908e+02 5.435852585521081892e+03
8.021292124105011681e+02 5.423752585521081528e+03
8.065292124105011453e+02 5.421552585521081710e+03
8.252292124105011908e+02 5.419352585521081892e+03
8.417292124105011908e+02 5.419352585521081892e+03
8.516292124105011681e+02 5.420452585521082256e+03
8.604292124105012363e+02 5.427052585521081710e+03
8.615292124105011453e+02 5.428152585521082074e+03
8.648292124105012135e+02 5.440252585521081528e+03
8.659292124105012363e+02 5.456752585521081528e+03
8.659292124105012363e+02 5.468852585521081892e+03
8.593292124105012135e+02 5.504052585521081710e+03
8.582292124105011908e+02 5.505152585521082074e+03
8.351292124105011681e+02 5.523852585521081892e+03
8.252292124105011908e+02 5.526052585521081710e+03
8.142292124105011908e+02 5.526052585521081710e+03
8.021292124105011681e+02 5.522752585521082437e+03
7.768292124105012135e+02 5.495252585521082437e+03
7.768292124105012135e+02 5.476552585521081710e+03
7.834292124105012363e+02 5.440252585521081528e+03
