1.624923854494578563e+03 8.280905817885040960e+03
1.624923854494578563e+03 8.269905817885040960e+03
1.626023854494578472e+03 8.266605817885041688e+03
1.631523854494578472e+03 8.251205817885042052e+03
1.641423854494578563e+03 8.236905817885040960e+03
1.644723854494578518e+03 8.233605817885041688e+03
1.701923854494578563e+03 8.233605817885041688e+03
1.750323854494578427e+03 8.255605817885041688e+03
1.751423854494578563e+03 8.256705817885042052e+03
1.758023854494578472e+03 8.268805817885040597e+03
1.761323854494578427e+03 8.275405817885040960e+03
1.765723854494578518e+03 8.290805817885040597e+03
1.765723854494578518e+03 8.294105817885041688e+03
1.748123854494578609e+03 8.315005817885041324e+03
1.743723854494578518e+03 8.319405817885040960e+03
1.712923854494578563e+03 8.335905817885040960e+03
1.703023854494578472e+03 8.335905817885040960e+03
1.654623854494578609e+03 8.320505817885041324e+03
1.642523854494578472e+03 8.313905817885040960e+03
1.632623854494578609e+03 8.304005817885041324e+03
1.624923854494578563e+03 8.280905817885040960e+03
