1.659176810293237622e+03 5.970184769599042056e+02
1.660276810293237531e+03 5.948184769599042738e+02
1.675676810293237622e+03 5.849184769599042966e+02
1.716376810293237668e+03 5.684184769599042966e+02
1.727376810293237668e+03 5.684184769599042966e+02
1.740576810293237486e+03 5.926184769599042284e+02
1.741676810293237622e+03 5.948184769599042738e+02
1.746076810293237486e+03 6.080184769599042056e+02
1.746076810293237486e+03 6.333184769599042738e+02
1.738376810293237668e+03 6.575184769599042056e+02
1.733976810293237577e+03 6.652184769599042511e+02
1.726276810293237531e+03 6.751184769599042284e+02
1.725176810293237622e+03 6.762184769599042511e+02
1.717476810293237577e+03 6.817184769599042511e+02
1.713076810293237486e+03 6.839184769599042966e+02
1.702076810293237486e+03 6.839184769599042966e+02
1.675676810293237622e+03 6.817184769599042511e+02
1.672376810293237668e+03 6.806184769599042284e+02
1.663576810293237486e+03 6.751184769599042284e+02
1.659176810293237622e+03 6.707184769599042511e+02
1.658076810293237486e+03 6.663184769599042738e+02
1.656976810293237577e+03 6.597184769599042511e+02
1.656976810293237577e+03 6.487184769599042511e+02
1.659176810293237622e+03 5.970184769599042056e+02
