6.297688953488371908e+02 7.182298019622093307e+03
6.374688953488372363e+02 7.174598019622092579e+03
6.484688953488372363e+02 7.165798019622093307e+03
6.506688953488371681e+02 7.164698019622092943e+03
6.682688953488371908e+02 7.161398019622092761e+03
6.803688953488372135e+02 7.161398019622092761e+03
6.880688953488372590e+02 7.162498019622093125e+03
7.375688953488372590e+02 7.177898019622092761e+03
7.375688953488372590e+02 7.206498019622093125e+03
7.243688953488372135e+02 7.219698019622092943e+03
6.737688953488371908e+02 7.246098019622093489e+03
6.528688953488372135e+02 7.246098019622093489e+03
6.275688953488372590e+02 7.233998019622093125e+03
6.209688953488372363e+02 7.213098019622093489e+03
6.297688953488371908e+02 7.182298019622093307e+03
