1.115894565428738133e+03 1.152134979583900531e+03
1.118094565428738179e+03 1.151034979583900395e+03
1.156594565428738179e+03 1.134534979583900395e+03
1.207194565428738088e+03 1.134534979583900395e+03
1.240194565428738088e+03 1.212634979583900531e+03
1.240194565428738088e+03 1.259934979583900486e+03
1.156594565428738179e+03 1.259934979583900486e+03
1.112594565428738179e+03 1.250034979583900395e+03
1.112594565428738179e+03 1.212634979583900531e+03
1.115894565428738133e+03 1.152134979583900531e+03
