1.388547917978235546e+03 5.199645004047126349e+03
1.394047917978235546e+03 5.186445004047126531e+03
1.396247917978235364e+03 5.182045004047126895e+03
1.407247917978235364e+03 5.171045004047126895e+03
1.418247917978235364e+03 5.171045004047126895e+03
1.462247917978235364e+03 5.206245004047126713e+03
1.464447917978235409e+03 5.208445004047126531e+03
1.479847917978235500e+03 5.227145004047126349e+03
1.487547917978235546e+03 5.237045004047126895e+03
1.495247917978235364e+03 5.251345004047126167e+03
1.495247917978235364e+03 5.261245004047126713e+03
1.494147917978235455e+03 5.264545004047126895e+03
1.488647917978235455e+03 5.275545004047126895e+03
1.471047917978235546e+03 5.301945004047126531e+03
1.450147917978235455e+03 5.318445004047126531e+03
1.433647917978235455e+03 5.323945004047126531e+03
1.429247917978235364e+03 5.325045004047126895e+03
1.399547917978235546e+03 5.329445004047126531e+03
1.381947917978235409e+03 5.329445004047126531e+03
1.367647917978235455e+03 5.321745004047126713e+03
1.366547917978235546e+03 5.319545004047126895e+03
1.366547917978235546e+03 5.304145004047126349e+03
1.367647917978235455e+03 5.293145004047126349e+03
1.388547917978235546e+03 5.199645004047126349e+03
