1.202656310810810737e+03 4.364554229729729741e+03
1.204856310810810783e+03 4.362354229729729923e+03
1.221356310810810783e+03 4.362354229729729923e+03
1.224656310810810737e+03 4.364554229729729741e+03
1.227956310810810919e+03 4.367854229729729923e+03
1.229056310810810828e+03 4.372254229729729559e+03
1.241156310810810737e+03 4.427254229729729559e+03
1.241156310810810737e+03 4.476754229729729559e+03
1.234556310810810828e+03 4.531754229729729559e+03
1.232356310810810783e+03 4.537254229729729559e+03
1.231256310810810874e+03 4.539454229729729377e+03
1.230156310810810737e+03 4.540554229729729741e+03
1.225756310810810874e+03 4.541654229729730105e+03
1.200456310810810692e+03 4.541654229729730105e+03
1.183956310810810692e+03 4.533954229729729377e+03
1.181756310810810874e+03 4.531754229729729559e+03
1.177356310810810783e+03 4.526254229729729559e+03
1.175156310810810737e+03 4.522954229729729377e+03
1.156456310810810692e+03 4.494354229729729923e+03
1.156456310810810692e+03 4.476754229729729559e+03
1.202656310810810737e+03 4.364554229729729741e+03
