1.785473357167177255e+02 1.783062997957099014e+03
1.818473357167177369e+02 1.769862997957098969e+03
1.829473357167177312e+02 1.766562997957099014e+03
1.906473357167177483e+02 1.746762997957099060e+03
1.917473357167177426e+02 1.744562997957099014e+03
1.961473357167177483e+02 1.737962997957099105e+03
1.972473357167177426e+02 1.736862997957099196e+03
2.159473357167177312e+02 1.726962997957099105e+03
2.258473357167177369e+02 1.726962997957099105e+03
2.390473357167177539e+02 1.736862997957099196e+03
2.478473357167177369e+02 1.745662997957099151e+03
2.775473357167177255e+02 1.777562997957099014e+03
2.797473357167177710e+02 1.780862997957099196e+03
2.830473357167177255e+02 1.787462997957099105e+03
2.830473357167177255e+02 1.802862997957098969e+03
2.819473357167177596e+02 1.842462997957099105e+03
2.808473357167177369e+02 1.845762997957099060e+03
2.654473357167177596e+02 1.885362997957099196e+03
2.555473357167177539e+02 1.895262997957099060e+03
2.533473357167177369e+02 1.896362997957099196e+03
2.236473357167177483e+02 1.896362997957099196e+03
2.170473357167177255e+02 1.894162997957099151e+03
2.126473357167177483e+02 1.890862997957099196e+03
1.796473357167177483e+02 1.861162997957099151e+03
1.785473357167177255e+02 1.860062997957099014e+03
1.708473357167177369e+02 1.850162997957099151e+03
1.697473357167177426e+02 1.845762997957099060e+03
1.697473357167177426e+02 1.831462997957099105e+03
1.708473357167177369e+02 1.823762997957099060e+03
1.785473357167177255e+02 1.783062997957099014e+03
