2.981517323911556900e+02 4.612606485069523842e+03
3.058517323911556787e+02 4.604906485069523114e+03
3.080517323911556673e+02 4.604906485069523114e+03
4.488517323911556787e+02 4.606006485069523478e+03
4.488517323911556787e+02 4.656606485069523842e+03
4.059517323911557014e+02 4.717106485069523842e+03
3.388517323911556787e+02 4.688506485069523478e+03
3.168517323911556787e+02 4.675306485069523660e+03
2.981517323911556900e+02 4.656606485069523842e+03
2.981517323911556900e+02 4.612606485069523842e+03
