6.921996060407091136e+02 5.665679995622674141e+03
7.097996060407091363e+02 5.661279995622674505e+03
7.196996060407091136e+02 5.661279995622674505e+03
7.438996060407091591e+02 5.665679995622674141e+03
7.460996060407090908e+02 5.666779995622674505e+03
7.581996060407091136e+02 5.674479995622674323e+03
7.691996060407091136e+02 5.684379995622674869e+03
7.713996060407091591e+02 5.686579995622674687e+03
7.757996060407091363e+02 5.705279995622674505e+03
7.757996060407091363e+02 5.719579995622674687e+03
7.669996060407090681e+02 5.740479995622674323e+03
7.658996060407091591e+02 5.741579995622674687e+03
7.603996060407091591e+02 5.744879995622674869e+03
7.306996060407091136e+02 5.744879995622674869e+03
6.921996060407091136e+02 5.706379995622674869e+03
6.921996060407091136e+02 5.665679995622674141e+03
