7.405342095451155728e+02 1.058977293064876903e+03
7.427342095451156183e+02 1.054577293064877040e+03
7.471342095451155956e+02 1.049077293064877040e+03
7.493342095451155274e+02 1.046877293064876994e+03
7.625342095451155728e+02 1.034777293064876858e+03
7.669342095451155501e+02 1.032577293064877040e+03
7.878342095451155274e+02 1.022677293064876949e+03
8.043342095451156410e+02 1.020477293064876903e+03
8.219342095451155501e+02 1.020477293064876903e+03
8.340342095451155728e+02 1.021577293064876926e+03
8.395342095451155728e+02 1.022677293064876949e+03
8.472342095451156183e+02 1.027077293064877040e+03
8.494342095451155501e+02 1.029277293064876858e+03
8.494342095451155501e+02 1.051277293064876858e+03
8.483342095451156410e+02 1.055677293064876949e+03
8.450342095451155728e+02 1.067777293064876858e+03
8.197342095451156183e+02 1.109577293064877040e+03
8.010342095451155728e+02 1.109577293064877040e+03
7.394342095451155501e+02 1.073277293064876858e+03
7.394342095451155501e+02 1.072177293064876949e+03
7.405342095451155728e+02 1.058977293064876903e+03
