3.130453982985305288e+02 2.445563659018647286e+03
3.416453982985305515e+02 2.402663659018647195e+03
3.438453982985305402e+02 2.400463659018647377e+03
3.581453982985305515e+02 2.390563659018647286e+03
3.603453982985305402e+02 2.389463659018647377e+03
3.702453982985305743e+02 2.389463659018647377e+03
3.746453982985305515e+02 2.390563659018647286e+03
3.867453982985305743e+02 2.396063659018647286e+03
3.878453982985305402e+02 2.397163659018647195e+03
3.999453982985305629e+02 2.410363659018647468e+03
4.241453982985305515e+02 2.440063659018647286e+03
4.307453982985305743e+02 2.451063659018647286e+03
4.329453982985305629e+02 2.455463659018647377e+03
4.406453982985305515e+02 2.475263659018647559e+03
4.406453982985305515e+02 2.503863659018647468e+03
4.318453982985305402e+02 2.524763659018647559e+03
4.175453982985305856e+02 2.541263659018647559e+03
4.142453982985305743e+02 2.544563659018647286e+03
4.120453982985305856e+02 2.545663659018647195e+03
3.526453982985305515e+02 2.564363659018647468e+03
3.130453982985305288e+02 2.475263659018647559e+03
3.130453982985305288e+02 2.445563659018647286e+03
