1.570952663730643508e+03 4.651763702230430681e+03
1.570952663730643508e+03 4.635263702230430681e+03
1.572052663730643644e+03 4.627563702230430863e+03
1.575352663730643599e+03 4.618763702230430681e+03
1.591852663730643599e+03 4.600063702230430863e+03
1.595152663730643553e+03 4.596763702230430681e+03
1.609452663730643508e+03 4.596763702230430681e+03
1.619352663730643599e+03 4.597863702230430135e+03
1.628152663730643553e+03 4.601163702230430317e+03
1.661152663730643553e+03 4.617663702230430317e+03
1.662252663730643462e+03 4.618763702230430681e+03
1.662252663730643462e+03 4.656163702230430317e+03
1.645752663730643462e+03 4.705663702230430317e+03
1.644652663730643553e+03 4.706763702230430681e+03
1.628152663730643553e+03 4.716663702230430317e+03
1.621552663730643644e+03 4.717763702230430681e+03
1.608352663730643599e+03 4.717763702230430681e+03
1.598452663730643508e+03 4.712263702230430681e+03
1.596252663730643462e+03 4.710063702230430863e+03
1.581952663730643508e+03 4.692463702230430499e+03
1.579752663730643462e+03 4.689163702230430317e+03
1.578652663730643553e+03 4.685863702230430135e+03
1.573152663730643553e+03 4.664963702230430499e+03
1.570952663730643508e+03 4.651763702230430681e+03
