1.004505321100917399e+03 6.880296763969974563e+03
1.006705321100917445e+03 6.878096763969974745e+03
1.019905321100917376e+03 6.870396763969974927e+03
1.024305321100917354e+03 6.868196763969975109e+03
1.041905321100917490e+03 6.868196763969975109e+03
1.045205321100917445e+03 6.869296763969974563e+03
1.047405321100917490e+03 6.870396763969974927e+03
1.082605321100917536e+03 6.905596763969974745e+03
1.083705321100917445e+03 6.908896763969974927e+03
1.083705321100917445e+03 6.927596763969974745e+03
1.073805321100917354e+03 6.955096763969974745e+03
1.072705321100917445e+03 6.957296763969974563e+03
1.054005321100917399e+03 6.961696763969975109e+03
1.039705321100917445e+03 6.964996763969975291e+03
1.024305321100917354e+03 6.964996763969975291e+03
1.010005321100917399e+03 6.961696763969975109e+03
1.004505321100917399e+03 6.959496763969975291e+03
1.002305321100917467e+03 6.958396763969974927e+03
9.825053211009173992e+02 6.947396763969974927e+03
9.748053211009174674e+02 6.942996763969975291e+03
9.748053211009174674e+02 6.927596763969974745e+03
1.004505321100917399e+03 6.880296763969974563e+03
