1.046992601276540199e+03 3.036675107463853237e+03
1.055792601276540381e+03 3.019075107463852873e+03
1.057992601276540427e+03 3.016875107463853055e+03
1.084392601276540290e+03 3.000375107463853055e+03
1.097592601276540336e+03 3.000375107463853055e+03
1.134992601276540427e+03 3.011375107463853055e+03
1.138292601276540381e+03 3.059775107463853146e+03
1.138292601276540381e+03 3.107075107463852873e+03
1.088792601276540381e+03 3.120275107463853146e+03
1.065692601276540245e+03 3.120275107463853146e+03
1.062392601276540290e+03 3.118075107463852873e+03
1.061292601276540381e+03 3.116975107463852964e+03
1.049192601276540245e+03 3.097175107463853237e+03
1.041492601276540199e+03 3.082875107463853055e+03
1.039292601276540381e+03 3.078475107463852964e+03
1.039292601276540381e+03 3.064175107463853237e+03
1.046992601276540199e+03 3.036675107463853237e+03
