1.259733278883278899e+03 5.688336961686961331e+03
1.259733278883278899e+03 5.678436961686961695e+03
1.266333278883278808e+03 5.637736961686961877e+03
1.291633278883278763e+03 5.637736961686961877e+03
1.385133278883278990e+03 5.677336961686961331e+03
1.390633278883278990e+03 5.682836961686961331e+03
1.392833278883278808e+03 5.687236961686961877e+03
1.395033278883278854e+03 5.700436961686961695e+03
1.395033278883278854e+03 5.711436961686961695e+03
1.391733278883278899e+03 5.740036961686962059e+03
1.390633278883278990e+03 5.742236961686961877e+03
1.385133278883278990e+03 5.747736961686961877e+03
1.381833278883278808e+03 5.748836961686961331e+03
1.360933278883278945e+03 5.748836961686961331e+03
1.357633278883278990e+03 5.747736961686961877e+03
1.277333278883278808e+03 5.713636961686961513e+03
1.272933278883278945e+03 5.709236961686961877e+03
1.269633278883278763e+03 5.704836961686961331e+03
1.259733278883278899e+03 5.688336961686961331e+03
