1.696584873515746040e+03 1.391673864223025248e+03
1.718584873515746040e+03 1.359773864223025384e+03
1.730684873515745949e+03 1.359773864223025384e+03
1.736184873515745949e+03 1.360873864223025294e+03
1.740584873515746040e+03 1.361973864223025203e+03
1.781284873515746085e+03 1.394973864223025203e+03
1.783484873515745903e+03 1.397173864223025248e+03
1.787884873515745994e+03 1.402673864223025248e+03
1.791184873515745949e+03 1.409273864223025384e+03
1.797784873515746085e+03 1.449973864223025203e+03
1.797784873515746085e+03 1.468673864223025248e+03
1.796684873515745949e+03 1.470873864223025294e+03
1.738384873515745994e+03 1.507173864223025248e+03
1.732884873515745994e+03 1.507173864223025248e+03
1.696584873515746040e+03 1.437873864223025294e+03
1.696584873515746040e+03 1.391673864223025248e+03
