1.024712828218918048e+03 5.574447991142043975e+03
1.034612828218918139e+03 5.552447991142043975e+03
1.043412828218918094e+03 5.552447991142043975e+03
1.045612828218918139e+03 5.553547991142043429e+03
1.048912828218918094e+03 5.556847991142043611e+03
1.103912828218918094e+03 5.614047991142043429e+03
1.109412828218918094e+03 5.620647991142043793e+03
1.111612828218918139e+03 5.625047991142043429e+03
1.111612828218918139e+03 5.641547991142043429e+03
1.110512828218918003e+03 5.652547991142043429e+03
1.109412828218918094e+03 5.655847991142043611e+03
1.108312828218918185e+03 5.658047991142043429e+03
1.107212828218918048e+03 5.659147991142043793e+03
1.061012828218918003e+03 5.691047991142043429e+03
1.037912828218918094e+03 5.691047991142043429e+03
1.024712828218918048e+03 5.641547991142043429e+03
1.024712828218918048e+03 5.574447991142043975e+03
