1.119289380960077551e+03 6.887070615807338072e+03
1.120389380960077460e+03 6.885970615807337708e+03
1.130289380960077551e+03 6.877170615807337526e+03
1.132489380960077597e+03 6.876070615807338072e+03
1.145689380960077642e+03 6.871670615807337526e+03
1.158889380960077460e+03 6.871670615807337526e+03
1.225989380960077597e+03 6.880470615807337708e+03
1.240289380960077551e+03 6.887070615807338072e+03
1.242489380960077597e+03 6.889270615807337890e+03
1.246889380960077688e+03 6.902470615807337708e+03
1.246889380960077688e+03 6.923370615807338254e+03
1.244689380960077642e+03 6.925570615807338072e+03
1.238089380960077506e+03 6.931070615807338072e+03
1.223789380960077551e+03 6.937670615807338436e+03
1.219389380960077688e+03 6.938770615807337890e+03
1.150089380960077506e+03 6.951970615807337708e+03
1.148989380960077597e+03 6.951970615807337708e+03
1.119289380960077551e+03 6.909070615807338072e+03
1.119289380960077551e+03 6.887070615807338072e+03
