7.266258927166902595e+02 7.475037045776309242e+03
7.717258927166902822e+02 7.475037045776309242e+03
7.882258927166902822e+02 7.479437045776309787e+03
7.948258927166903050e+02 7.482737045776309969e+03
8.278258927166903050e+02 7.505837045776309424e+03
8.289258927166902140e+02 7.506937045776309787e+03
8.311258927166902595e+02 7.510237045776309969e+03
8.322258927166902822e+02 7.512437045776309787e+03
8.333258927166903050e+02 7.515737045776309969e+03
8.355258927166902367e+02 7.524537045776309242e+03
8.355258927166902367e+02 7.537737045776309969e+03
8.333258927166903050e+02 7.544337045776309424e+03
8.234258927166902140e+02 7.548737045776309969e+03
8.179258927166902140e+02 7.550937045776309787e+03
8.047258927166902822e+02 7.555337045776309424e+03
7.959258927166902140e+02 7.557537045776309242e+03
7.860258927166902367e+02 7.558637045776309606e+03
7.706258927166902595e+02 7.558637045776309606e+03
7.266258927166902595e+02 7.554237045776309969e+03
7.266258927166902595e+02 7.475037045776309242e+03
