1.114189321409784270e+03 1.760522422409258297e+03
1.119689321409784270e+03 1.739622422409258206e+03
1.120789321409784407e+03 1.737422422409258161e+03
1.122989321409784225e+03 1.734122422409258206e+03
1.125189321409784270e+03 1.731922422409258161e+03
1.133989321409784225e+03 1.725322422409258252e+03
1.136189321409784270e+03 1.724222422409258343e+03
1.155989321409784225e+03 1.718722422409258343e+03
1.164789321409784407e+03 1.717622422409258206e+03
1.175789321409784407e+03 1.717622422409258206e+03
1.176889321409784316e+03 1.718722422409258343e+03
1.192289321409784407e+03 1.736322422409258252e+03
1.205489321409784225e+03 1.753922422409258161e+03
1.220889321409784316e+03 1.780322422409258252e+03
1.224189321409784270e+03 1.786922422409258161e+03
1.225289321409784407e+03 1.791322422409258252e+03
1.226389321409784316e+03 1.817722422409258343e+03
1.226389321409784316e+03 1.824322422409258252e+03
1.160389321409784316e+03 1.824322422409258252e+03
1.135089321409784361e+03 1.817722422409258343e+03
1.108689321409784270e+03 1.791322422409258252e+03
1.114189321409784270e+03 1.760522422409258297e+03
