1.638285380116959004e+03 7.180525690663440400e+03
1.649285380116959004e+03 7.164025690663440400e+03
1.650385380116959141e+03 7.162925690663440037e+03
1.662485380116959050e+03 7.157425690663440037e+03
1.673485380116959050e+03 7.153025690663440400e+03
1.698785380116959004e+03 7.149725690663440218e+03
1.713085380116959186e+03 7.149725690663440218e+03
1.729585380116959186e+03 7.156325690663440582e+03
1.733985380116959050e+03 7.158525690663440400e+03
1.737285380116959004e+03 7.160725690663440218e+03
1.742785380116959004e+03 7.166225690663440218e+03
1.742785380116959004e+03 7.176125690663439855e+03
1.739485380116959050e+03 7.194825690663440582e+03
1.729585380116959186e+03 7.208025690663440400e+03
1.728485380116959050e+03 7.209125690663439855e+03
1.726285380116959004e+03 7.210225690663440218e+03
1.699885380116959141e+03 7.220125690663439855e+03
1.684485380116959050e+03 7.221225690663440218e+03
1.669085380116959186e+03 7.221225690663440218e+03
1.654785380116959004e+03 7.219025690663440400e+03
1.645985380116959050e+03 7.213525690663440400e+03
1.643785380116959004e+03 7.211325690663440582e+03
1.638285380116959004e+03 7.193725690663440218e+03
1.638285380116959004e+03 7.180525690663440400e+03
