1.019881660377358457e+03 6.538343773584905421e+02
1.020981660377358480e+03 6.483343773584905421e+02
1.030881660377358457e+03 6.285343773584905875e+02
1.031981660377358367e+03 6.274343773584905648e+02
1.038581660377358503e+03 6.230343773584905875e+02
1.040781660377358548e+03 6.219343773584905648e+02
1.044081660377358503e+03 6.208343773584905421e+02
1.079281660377358548e+03 6.120343773584905875e+02
1.093581660377358503e+03 6.120343773584905875e+02
1.099081660377358503e+03 6.142343773584905193e+02
1.100181660377358412e+03 6.153343773584905421e+02
1.112281660377358548e+03 6.318343773584905421e+02
1.113381660377358457e+03 6.340343773584905875e+02
1.113381660377358457e+03 6.494343773584905648e+02
1.112281660377358548e+03 6.560343773584905875e+02
1.111181660377358412e+03 6.604343773584905648e+02
1.110081660377358503e+03 6.637343773584905193e+02
1.104581660377358503e+03 6.736343773584906103e+02
1.102381660377358457e+03 6.758343773584905421e+02
1.084781660377358548e+03 6.879343773584905648e+02
1.081481660377358367e+03 6.901343773584906103e+02
1.074881660377358457e+03 6.934343773584905648e+02
1.051781660377358548e+03 7.011343773584906103e+02
1.036381660377358457e+03 7.011343773584906103e+02
1.033081660377358503e+03 7.000343773584905875e+02
1.029781660377358548e+03 6.978343773584905421e+02
1.026481660377358367e+03 6.934343773584905648e+02
1.024281660377358548e+03 6.890343773584905875e+02
1.023181660377358526e+03 6.857343773584905193e+02
1.019881660377358457e+03 6.681343773584906103e+02
1.019881660377358457e+03 6.538343773584905421e+02
