1.115816794085524634e+03 1.861096068218096207e+03
1.135616794085524589e+03 1.808296068218096252e+03
1.153216794085524725e+03 1.808296068218096252e+03
1.225816794085524634e+03 1.814896068218096389e+03
1.235716794085524725e+03 1.830296068218096252e+03
1.243416794085524543e+03 1.846796068218096252e+03
1.243416794085524543e+03 1.861096068218096207e+03
1.207116794085524589e+03 1.964496068218096298e+03
1.197216794085524725e+03 1.964496068218096298e+03
1.186216794085524725e+03 1.963396068218096389e+03
1.169716794085524725e+03 1.961196068218096343e+03
1.115816794085524634e+03 1.951296068218096252e+03
1.115816794085524634e+03 1.861096068218096207e+03
