4.462920674192051820e+02 4.033932225143033975e+03
4.451920674192051592e+02 4.031732225143033702e+03
4.451920674192051592e+02 4.017432225143033975e+03
5.254920674192052275e+02 3.980032225143033884e+03
5.276920674192051592e+02 3.980032225143033884e+03
5.848920674192052047e+02 4.015232225143033702e+03
5.881920674192051592e+02 4.042732225143033702e+03
5.881920674192051592e+02 4.059232225143033702e+03
5.870920674192052502e+02 4.061432225143033975e+03
5.848920674192052047e+02 4.063632225143033793e+03
5.606920674192051592e+02 4.084532225143033884e+03
5.584920674192052275e+02 4.085632225143033793e+03
5.463920674192052047e+02 4.085632225143033793e+03
5.276920674192051592e+02 4.081232225143033702e+03
4.528920674192052047e+02 4.041632225143033793e+03
4.517920674192051820e+02 4.040532225143033884e+03
4.462920674192051820e+02 4.033932225143033975e+03
