4.682403584672434818e+02 7.778108652657601851e+03
4.715403584672434931e+02 7.774808652657601669e+03
4.737403584672434818e+02 7.773708652657602215e+03
4.880403584672434931e+02 7.773708652657602215e+03
4.979403584672435272e+02 7.775908652657602033e+03
5.232403584672434818e+02 7.790208652657602215e+03
5.265403584672435500e+02 7.792408652657602033e+03
5.408403584672435045e+02 7.806708652657602215e+03
5.408403584672435045e+02 7.816608652657601851e+03
5.254403584672435272e+02 7.832008652657602397e+03
5.188403584672435045e+02 7.836408652657602033e+03
5.144403584672435272e+02 7.838608652657601851e+03
5.001403584672435159e+02 7.844108652657601851e+03
4.726403584672435159e+02 7.847408652657602033e+03
4.682403584672434818e+02 7.814408652657602033e+03
4.682403584672434818e+02 7.778108652657601851e+03
