1.575521054604523215e+03 3.147402636511308174e+03
1.574421054604523306e+03 3.145202636511308356e+03
1.574421054604523306e+03 3.138602636511308447e+03
1.592021054604523215e+03 3.121002636511308083e+03
1.640421054604523306e+03 3.081402636511308174e+03
1.642621054604523351e+03 3.081402636511308174e+03
1.684421054604523306e+03 3.108902636511308174e+03
1.684421054604523306e+03 3.169402636511308174e+03
1.644821054604523397e+03 3.235402636511308174e+03
1.640421054604523306e+03 3.239802636511308265e+03
1.622821054604523397e+03 3.239802636511308265e+03
1.575521054604523215e+03 3.147402636511308174e+03
