7.279298784308811037e+02 4.606352537912019216e+03
7.499298784308811037e+02 4.590952537912018670e+03
7.642298784308810582e+02 4.590952537912018670e+03
7.752298784308810582e+02 4.592052537912019034e+03
7.774298784308811037e+02 4.593152537912019397e+03
7.917298784308810582e+02 4.604152537912019397e+03
8.280298784308811264e+02 4.662452537912018670e+03
8.280298784308811264e+02 4.676752537912018852e+03
7.708298784308810809e+02 4.713052537912019034e+03
7.037298784308810582e+02 4.713052537912019034e+03
7.037298784308810582e+02 4.709752537912018852e+03
7.279298784308811037e+02 4.606352537912019216e+03
