2.172060215253293620e+02 3.633197142326962421e+03
2.183060215253293563e+02 3.629897142326962239e+03
2.227060215253293620e+02 3.622197142326962421e+03
2.293060215253293563e+02 3.612297142326962330e+03
2.304060215253293791e+02 3.611197142326962421e+03
2.370060215253293734e+02 3.606797142326962330e+03
2.469060215253293791e+02 3.606797142326962330e+03
2.579060215253293791e+02 3.612297142326962330e+03
2.700060215253294018e+02 3.621097142326962512e+03
2.711060215253293677e+02 3.622197142326962421e+03
2.821060215253293677e+02 3.659597142326962512e+03
3.151060215253293677e+02 3.793797142326962330e+03
3.151060215253293677e+02 3.819097142326962512e+03
3.129060215253293791e+02 3.821297142326962330e+03
2.821060215253293677e+02 3.845497142326962148e+03
2.579060215253293791e+02 3.845497142326962148e+03
2.139060215253293791e+02 3.809197142326962421e+03
2.139060215253293791e+02 3.793797142326962330e+03
2.172060215253293620e+02 3.633197142326962421e+03
