3.443389290041192226e+02 5.107758677005088430e+03
4.169389290041191884e+02 5.009858677005088794e+03
4.719389290041192453e+02 5.009858677005088794e+03
5.731389290041191771e+02 5.081358677005088794e+03
5.885389290041192680e+02 5.095658677005088066e+03
5.907389290041191998e+02 5.097858677005088794e+03
5.907389290041191998e+02 5.111058677005088612e+03
5.819389290041192453e+02 5.125358677005088794e+03
5.797389290041191998e+02 5.127558677005088612e+03
5.742389290041191998e+02 5.131958677005088248e+03
5.280389290041192680e+02 5.161658677005088066e+03
5.049389290041192453e+02 5.175958677005088248e+03
4.664389290041192453e+02 5.189158677005088066e+03
4.532389290041191998e+02 5.189158677005088066e+03
3.685389290041192112e+02 5.172658677005088066e+03
3.652389290041191998e+02 5.171558677005088612e+03
3.520389290041192112e+02 5.166058677005088612e+03
3.487389290041191998e+02 5.162758677005088430e+03
3.443389290041192226e+02 5.147358677005088794e+03
3.443389290041192226e+02 5.107758677005088430e+03
