6.196032783547138933e+02 3.593690765628181452e+03
6.207032783547139161e+02 3.584890765628181725e+03
6.229032783547138479e+02 3.571690765628181452e+03
6.240032783547138706e+02 3.566190765628181452e+03
6.251032783547138933e+02 3.562890765628181725e+03
6.284032783547138479e+02 3.556290765628181816e+03
6.405032783547138706e+02 3.535390765628181725e+03
6.416032783547138933e+02 3.534290765628181816e+03
6.449032783547138479e+02 3.532090765628181543e+03
6.570032783547138706e+02 3.532090765628181543e+03
7.120032783547138706e+02 3.549690765628181452e+03
7.142032783547139161e+02 3.550790765628181816e+03
7.175032783547138706e+02 3.554090765628181543e+03
7.549032783547138479e+02 3.596990765628181634e+03
7.549032783547138479e+02 3.629990765628181634e+03
6.779032783547138479e+02 3.654190765628181452e+03
6.669032783547138479e+02 3.656390765628181725e+03
6.559032783547138479e+02 3.656390765628181725e+03
6.339032783547138479e+02 3.646490765628181634e+03
6.240032783547138706e+02 3.637690765628181452e+03
6.218032783547139388e+02 3.635490765628181634e+03
6.196032783547138933e+02 3.620090765628181543e+03
6.196032783547138933e+02 3.593690765628181452e+03
