5.994821324979695873e+02 1.623718702865761770e+03
6.005821324979696101e+02 1.610518702865761725e+03
6.093821324979695646e+02 1.563218702865761770e+03
6.192821324979695419e+02 1.563218702865761770e+03
6.390821324979696101e+02 1.565418702865761588e+03
6.445821324979696101e+02 1.566518702865761725e+03
6.566821324979696328e+02 1.573118702865761634e+03
6.852821324979696556e+02 1.591818702865761679e+03
6.852821324979696556e+02 1.651218702865761770e+03
6.489821324979695873e+02 1.730418702865761588e+03
6.159821324979695873e+02 1.712818702865761679e+03
6.082821324979695419e+02 1.708418702865761588e+03
6.027821324979695419e+02 1.702918702865761588e+03
5.972821324979695419e+02 1.668818702865761679e+03
5.972821324979695419e+02 1.655618702865761634e+03
5.994821324979695873e+02 1.623718702865761770e+03
