9.915901247522443782e+02 4.495568077416345659e+03
9.926901247522444010e+02 4.494468077416346205e+03
1.001490124752244355e+03 4.488968077416346205e+03
1.003690124752244401e+03 4.487868077416345841e+03
1.008090124752244378e+03 4.486768077416346387e+03
1.030090124752244492e+03 4.486768077416346387e+03
1.057590124752244492e+03 4.503268077416346387e+03
1.064190124752244401e+03 4.508768077416346387e+03
1.072990124752244355e+03 4.516468077416346205e+03
1.074090124752244492e+03 4.517568077416345659e+03
1.076290124752244310e+03 4.520868077416345841e+03
1.080690124752244401e+03 4.528568077416345659e+03
1.080690124752244401e+03 4.563768077416346387e+03
1.057590124752244492e+03 4.613268077416346387e+03
1.056490124752244355e+03 4.614368077416345841e+03
1.025690124752244401e+03 4.630868077416345841e+03
1.012490124752244355e+03 4.630868077416345841e+03
1.010290124752244424e+03 4.629768077416346387e+03
1.004790124752244424e+03 4.624268077416346387e+03
9.750901247522443782e+02 4.569268077416346387e+03
9.750901247522443782e+02 4.563768077416346387e+03
9.915901247522443782e+02 4.495568077416345659e+03
