1.742628359173126682e+03 2.089549315245477828e+03
1.744828359173126501e+03 2.089549315245477828e+03
1.843828359173126728e+03 2.187449315245477919e+03
1.841628359173126682e+03 2.191849315245478010e+03
1.840528359173126546e+03 2.192949315245477919e+03
1.797628359173126682e+03 2.231449315245477919e+03
1.744828359173126501e+03 2.231449315245477919e+03
1.663428359173126637e+03 2.195149315245478192e+03
1.663428359173126637e+03 2.187449315245477919e+03
1.742628359173126682e+03 2.089549315245477828e+03
