1.024632739861523305e+03 4.984965784701615121e+03
1.031232739861523214e+03 4.969565784701615485e+03
1.035632739861523305e+03 4.960765784701615303e+03
1.037832739861523351e+03 4.958565784701615485e+03
1.068632739861523305e+03 4.949765784701615303e+03
1.092832739861523123e+03 4.944265784701615303e+03
1.110432739861523260e+03 4.942065784701615485e+03
1.143432739861523260e+03 4.940965784701615121e+03
1.155532739861523169e+03 4.940965784701615121e+03
1.163232739861523214e+03 4.942065784701615485e+03
1.165432739861523260e+03 4.943165784701615848e+03
1.169832739861523351e+03 4.946465784701615121e+03
1.174232739861523214e+03 4.950865784701615667e+03
1.180832739861523351e+03 4.961865784701615667e+03
1.181932739861523260e+03 4.965165784701615848e+03
1.185232739861523214e+03 4.987165784701615848e+03
1.185232739861523214e+03 5.005865784701615667e+03
1.183032739861523169e+03 5.014665784701615848e+03
1.177532739861523169e+03 5.035565784701615485e+03
1.092832739861523123e+03 5.058665784701615848e+03
1.062032739861523169e+03 5.058665784701615848e+03
1.042232739861523214e+03 5.045465784701616030e+03
1.038932739861523260e+03 5.042165784701615848e+03
1.022432739861523260e+03 5.004765784701615303e+03
1.022432739861523260e+03 4.997065784701615485e+03
1.024632739861523305e+03 4.984965784701615121e+03
