3.066157023465123643e+02 2.155548505303760976e+03
3.506157023465123643e+02 2.135748505303760794e+03
3.825157023465123984e+02 2.135748505303760794e+03
3.869157023465123757e+02 2.139048505303760976e+03
3.891157023465123643e+02 2.141248505303760794e+03
4.012157023465123871e+02 2.155548505303760976e+03
4.133157023465123530e+02 2.194048505303760976e+03
4.133157023465123530e+02 2.203948505303760612e+03
4.122157023465123871e+02 2.205048505303760976e+03
3.704157023465123757e+02 2.225948505303760612e+03
3.671157023465123643e+02 2.227048505303760976e+03
3.627157023465123871e+02 2.228148505303760885e+03
3.418157023465123530e+02 2.228148505303760885e+03
2.967157023465123871e+02 2.218248505303760794e+03
2.967157023465123871e+02 2.184148505303760885e+03
3.066157023465123643e+02 2.155548505303760976e+03
