1.545701960054583878e+03 4.925537030145143035e+03
1.545701960054583878e+03 4.913437030145143581e+03
1.546801960054583787e+03 4.910137030145143399e+03
1.547901960054583697e+03 4.909037030145143035e+03
1.588601960054583742e+03 4.872737030145142853e+03
1.609501960054583833e+03 4.872737030145142853e+03
1.674401960054583697e+03 4.899137030145143399e+03
1.683201960054583878e+03 4.935437030145143581e+03
1.683201960054583878e+03 4.946437030145143581e+03
1.674401960054583697e+03 4.957437030145143581e+03
1.673301960054583787e+03 4.958537030145143035e+03
1.609501960054583833e+03 4.994837030145143217e+03
1.593001960054583833e+03 4.998137030145143399e+03
1.591901960054583697e+03 4.998137030145143399e+03
1.545701960054583878e+03 4.925537030145143035e+03
