5.988512067840835016e+02 1.315489771689497729e+03
5.999512067840835243e+02 1.312189771689497775e+03
6.450512067840835471e+02 1.305589771689497638e+03
6.791512067840834561e+02 1.305589771689497638e+03
7.242512067840834789e+02 1.356189771689497775e+03
7.242512067840834789e+02 1.360589771689497638e+03
6.450512067840835471e+02 1.410089771689497638e+03
6.186512067840834561e+02 1.410089771689497638e+03
5.933512067840835016e+02 1.386989771689497729e+03
5.911512067840834561e+02 1.384789771689497684e+03
5.889512067840835243e+02 1.381489771689497729e+03
5.867512067840834789e+02 1.367189771689497775e+03
5.867512067840834789e+02 1.356189771689497775e+03
5.988512067840835016e+02 1.315489771689497729e+03
