1.694123714105395948e+03 3.897287156831808375e+02
1.694123714105395948e+03 3.743287156831808034e+02
1.699623714105395948e+03 3.545287156831807920e+02
1.700723714105396084e+03 3.523287156831808034e+02
1.705123714105395948e+03 3.479287156831808261e+02
1.715023714105396039e+03 3.424287156831808261e+02
1.721623714105395948e+03 3.391287156831808147e+02
1.726023714105396039e+03 3.380287156831807920e+02
1.753523714105396039e+03 3.380287156831807920e+02
1.756823714105395993e+03 3.402287156831807806e+02
1.771123714105395948e+03 3.545287156831807920e+02
1.772223714105396084e+03 3.567287156831807806e+02
1.773323714105395993e+03 3.611287156831808147e+02
1.776623714105395948e+03 4.161287156831808147e+02
1.776623714105395948e+03 4.304287156831808261e+02
1.775523714105396039e+03 4.326287156831808147e+02
1.764523714105396039e+03 4.447287156831808375e+02
1.762323714105395993e+03 4.469287156831808261e+02
1.759023714105396039e+03 4.491287156831808147e+02
1.754623714105395948e+03 4.513287156831808034e+02
1.742523714105396039e+03 4.513287156831808034e+02
1.716123714105395948e+03 4.392287156831808375e+02
1.713923714105395902e+03 4.381287156831808147e+02
1.709523714105396039e+03 4.337287156831808375e+02
1.698523714105396039e+03 4.161287156831808147e+02
1.694123714105395948e+03 3.897287156831808375e+02
