1.153260178748758790e+03 5.970971956305858839e+03
1.157660178748758653e+03 5.965471956305858839e+03
1.163160178748758653e+03 5.959971956305858839e+03
1.168660178748758653e+03 5.956671956305858657e+03
1.177460178748758608e+03 5.952271956305859021e+03
1.192860178748758699e+03 5.946771956305859021e+03
1.228060178748758744e+03 5.946771956305859021e+03
1.243460178748758608e+03 5.951171956305858657e+03
1.253360178748758699e+03 5.959971956305858839e+03
1.254460178748758608e+03 5.961071956305859203e+03
1.258860178748758699e+03 6.008371956305859385e+03
1.204960178748758608e+03 6.024871956305859385e+03
1.189560178748758744e+03 6.024871956305859385e+03
1.153260178748758790e+03 5.988571956305859203e+03
1.153260178748758790e+03 5.970971956305858839e+03
