1.294452093852093867e+03 7.475671339471339707e+03
1.323052093852093776e+03 7.475671339471339707e+03
1.349452093852093867e+03 7.480071339471339343e+03
1.352752093852093822e+03 7.481171339471339707e+03
1.353852093852093958e+03 7.482271339471339161e+03
1.353852093852093958e+03 7.514171339471339707e+03
1.342852093852093731e+03 7.552671339471339707e+03
1.310952093852093867e+03 7.553771339471339161e+03
1.298852093852093731e+03 7.553771339471339161e+03
1.294452093852093867e+03 7.514171339471339707e+03
1.294452093852093867e+03 7.475671339471339707e+03
