2.967240329283887377e+02 5.301153516624041004e+03
3.000240329283887490e+02 5.297853516624040822e+03
3.022240329283887377e+02 5.296753516624040458e+03
3.121240329283887718e+02 5.296753516624040458e+03
3.352240329283887377e+02 5.303353516624040822e+03
3.572240329283887377e+02 5.437553516624040640e+03
3.572240329283887377e+02 5.449653516624041004e+03
3.528240329283887604e+02 5.462853516624040822e+03
3.066240329283887718e+02 5.564053516624040640e+03
3.044240329283887263e+02 5.562953516624041185e+03
3.011240329283887718e+02 5.559653516624041004e+03
2.395240329283887490e+02 5.482653516624041004e+03
2.384240329283887547e+02 5.480453516624041185e+03
2.384240329283887547e+02 5.465053516624040640e+03
2.417240329283887377e+02 5.438653516624041004e+03
2.967240329283887377e+02 5.301153516624041004e+03
