1.741289671187070326e+03 7.370346052387144482e+03
1.741289671187070326e+03 7.356046052387144300e+03
1.743489671187070371e+03 7.348346052387144482e+03
1.744589671187070508e+03 7.345046052387144300e+03
1.745689671187070417e+03 7.342846052387144482e+03
1.747889671187070462e+03 7.340646052387144664e+03
1.809489671187070371e+03 7.340646052387144664e+03
1.828189671187070417e+03 7.359346052387144482e+03
1.847989671187070371e+03 7.380246052387145028e+03
1.847989671187070371e+03 7.400046052387145210e+03
1.836989671187070371e+03 7.411046052387144300e+03
1.828189671187070417e+03 7.415446052387144846e+03
1.811689671187070417e+03 7.416546052387144300e+03
1.798489671187070371e+03 7.416546052387144300e+03
1.780889671187070462e+03 7.412146052387144664e+03
1.776489671187070371e+03 7.409946052387144846e+03
1.748989671187070371e+03 7.393446052387144846e+03
1.744589671187070508e+03 7.390146052387144664e+03
1.742389671187070462e+03 7.385746052387145028e+03
1.741289671187070326e+03 7.370346052387144482e+03
