1.291727678018575943e+03 5.150743111455108192e+03
1.299427678018575762e+03 5.150743111455108192e+03
1.319227678018575943e+03 5.151843111455108556e+03
1.324727678018575943e+03 5.152943111455108010e+03
1.330227678018575943e+03 5.155143111455108738e+03
1.347827678018575853e+03 5.162843111455108556e+03
1.354427678018575762e+03 5.166143111455108738e+03
1.356627678018575807e+03 5.168343111455108556e+03
1.359927678018575762e+03 5.174943111455108010e+03
1.362127678018575807e+03 5.194743111455108192e+03
1.362127678018575807e+03 5.211243111455108192e+03
1.356627678018575807e+03 5.228843111455108556e+03
1.355527678018575898e+03 5.232143111455108738e+03
1.354427678018575762e+03 5.234343111455108556e+03
1.352227678018575943e+03 5.237643111455108738e+03
1.348927678018575762e+03 5.242043111455108374e+03
1.342327678018575853e+03 5.248643111455108738e+03
1.328027678018575898e+03 5.257443111455108010e+03
1.313727678018575943e+03 5.261843111455108556e+03
1.300527678018575898e+03 5.261843111455108556e+03
1.273027678018575898e+03 5.259643111455108738e+03
1.271927678018575762e+03 5.258543111455108374e+03
1.271927678018575762e+03 5.211243111455108192e+03
1.291727678018575943e+03 5.150743111455108192e+03
