1.357536298649722085e+03 4.246347047921631201e+03
1.357536298649722085e+03 4.234247047921630838e+03
1.361936298649721948e+03 4.216647047921631383e+03
1.391636298649721994e+03 4.216647047921631383e+03
1.433436298649721948e+03 4.235347047921631201e+03
1.438936298649721948e+03 4.244147047921631383e+03
1.440036298649722085e+03 4.246347047921631201e+03
1.440036298649722085e+03 4.262847047921631201e+03
1.438936298649721948e+03 4.265047047921631020e+03
1.427936298649721948e+03 4.278247047921630838e+03
1.420236298649721903e+03 4.287047047921631020e+03
1.386136298649721994e+03 4.287047047921631020e+03
1.379536298649722085e+03 4.285947047921630656e+03
1.377336298649722039e+03 4.284847047921631201e+03
1.364136298649721994e+03 4.271647047921631383e+03
1.359736298649721903e+03 4.266147047921631383e+03
1.358636298649721994e+03 4.261747047921630838e+03
1.357536298649722085e+03 4.246347047921631201e+03
