9.202263670773938884e+02 5.801517991463316321e+03
9.202263670773938884e+02 5.789417991463316866e+03
9.290263670773938429e+02 5.745417991463315957e+03
9.565263670773938429e+02 5.731117991463316685e+03
9.587263670773938884e+02 5.730017991463316321e+03
9.653263670773939111e+02 5.727817991463316503e+03
9.807263670773938884e+02 5.727817991463316503e+03
1.015926367077393934e+03 5.738817991463316503e+03
1.018126367077393866e+03 5.741017991463316321e+03
1.066526367077393843e+03 5.799317991463316503e+03
1.069826367077394025e+03 5.811417991463316866e+03
1.070926367077393934e+03 5.819117991463316685e+03
1.070926367077393934e+03 5.831217991463316139e+03
1.069826367077394025e+03 5.848817991463316503e+03
1.059926367077393934e+03 5.863117991463316685e+03
1.058826367077394025e+03 5.864217991463316139e+03
1.015926367077393934e+03 5.875217991463316139e+03
9.961263670773938657e+02 5.875217991463316139e+03
9.697263670773938884e+02 5.873017991463316321e+03
9.631263670773938657e+02 5.871917991463316866e+03
9.609263670773939339e+02 5.869717991463316139e+03
9.543263670773939111e+02 5.860917991463316866e+03
9.202263670773938884e+02 5.801517991463316321e+03
