1.290075966410887531e+03 2.452649370204140723e+03
1.295575966410887531e+03 2.437249370204140632e+03
1.297775966410887577e+03 2.435049370204140814e+03
1.313175966410887440e+03 2.426249370204140632e+03
1.326375966410887486e+03 2.426249370204140632e+03
1.359375966410887486e+03 2.446049370204140814e+03
1.360475966410887622e+03 2.447149370204140723e+03
1.379175966410887440e+03 2.493349370204140541e+03
1.379175966410887440e+03 2.531849370204140541e+03
1.378075966410887531e+03 2.539549370204140814e+03
1.376975966410887395e+03 2.540649370204140723e+03
1.373675966410887440e+03 2.542849370204140541e+03
1.357175966410887440e+03 2.543949370204140905e+03
1.303275966410887577e+03 2.543949370204140905e+03
1.290075966410887531e+03 2.503249370204140632e+03
1.290075966410887531e+03 2.452649370204140723e+03
