7.838641780330221991e+02 4.106226968174204558e+03
7.915641780330222446e+02 4.080926968174204376e+03
7.970641780330222446e+02 4.064426968174204376e+03
8.069641780330222218e+02 4.064426968174204376e+03
8.432641780330222900e+02 4.066626968174204194e+03
8.729641780330222218e+02 4.087526968174204285e+03
8.751641780330222673e+02 4.089726968174204558e+03
8.795641780330222446e+02 4.095226968174204558e+03
8.828641780330223128e+02 4.101826968174204012e+03
8.850641780330222446e+02 4.124926968174204376e+03
8.850641780330222446e+02 4.135926968174204376e+03
8.828641780330223128e+02 4.143626968174204194e+03
8.817641780330222900e+02 4.145826968174204012e+03
8.795641780330222446e+02 4.149126968174204194e+03
8.619641780330222218e+02 4.174426968174204376e+03
8.531641780330222673e+02 4.179926968174204376e+03
8.366641780330222673e+02 4.184326968174204012e+03
8.256641780330222673e+02 4.184326968174204012e+03
8.058641780330221991e+02 4.182126968174204194e+03
7.915641780330222446e+02 4.175526968174204740e+03
7.904641780330222218e+02 4.174426968174204376e+03
7.783641780330221991e+02 4.156826968174204012e+03
7.772641780330222900e+02 4.153526968174204740e+03
7.761641780330222673e+02 4.146926968174204376e+03
7.761641780330222673e+02 4.133726968174204558e+03
7.772641780330222900e+02 4.129326968174204012e+03
7.838641780330221991e+02 4.106226968174204558e+03
