7.045623335321009790e+02 6.131521765056648292e+03
7.276623335321010018e+02 6.078721765056649019e+03
7.397623335321010245e+02 6.078721765056649019e+03
7.859623335321009563e+02 6.101821765056648474e+03
7.870623335321009790e+02 6.119421765056648837e+03
7.870623335321009790e+02 6.130421765056648837e+03
7.848623335321009336e+02 6.140321765056648474e+03
7.837623335321010245e+02 6.142521765056649201e+03
7.760623335321009790e+02 6.154621765056648655e+03
7.727623335321010245e+02 6.157921765056648837e+03
7.606623335321010018e+02 6.167821765056648474e+03
7.551623335321010018e+02 6.172221765056649019e+03
7.496623335321010018e+02 6.175521765056648292e+03
7.342623335321010245e+02 6.184321765056648474e+03
7.320623335321009790e+02 6.185421765056648837e+03
7.199623335321009563e+02 6.187621765056648655e+03
7.122623335321010245e+02 6.188721765056649019e+03
7.045623335321009790e+02 6.188721765056649019e+03
7.045623335321009790e+02 6.131521765056648292e+03
