1.064552026618269736e+02 1.619167884150030204e+03
1.064552026618269736e+02 1.599367884150030250e+03
1.284552026618269736e+02 1.588367884150030250e+03
1.735552026618269679e+02 1.585067884150030295e+03
2.956552026618269906e+02 1.585067884150030295e+03
3.154552026618270020e+02 1.619167884150030204e+03
3.165552026618270247e+02 1.621367884150030250e+03
3.165552026618270247e+02 1.632367884150030250e+03
3.099552026618270020e+02 1.644467884150030159e+03
3.055552026618270247e+02 1.651067884150030295e+03
3.044552026618270020e+02 1.652167884150030204e+03
2.945552026618269679e+02 1.660967884150030159e+03
2.890552026618269679e+02 1.664267884150030341e+03
2.824552026618270020e+02 1.667567884150030295e+03
1.878552026618269792e+02 1.699467884150030159e+03
1.735552026618269679e+02 1.699467884150030159e+03
1.361552026618269906e+02 1.662067884150030295e+03
1.064552026618269736e+02 1.619167884150030204e+03
