1.300983917589175917e+03 4.130949108241082399e+02
1.300983917589175917e+03 3.910949108241082399e+02
1.315283917589175871e+03 3.789949108241082172e+02
1.346083917589175826e+03 3.789949108241082172e+02
1.406583917589175826e+03 3.888949108241082513e+02
1.418683917589175962e+03 4.119949108241082172e+02
1.418683917589175962e+03 4.262949108241082286e+02
1.417583917589175826e+03 4.284949108241082172e+02
1.403283917589175871e+03 4.493949108241082513e+02
1.390083917589175826e+03 4.625949108241082399e+02
1.351583917589175826e+03 4.867949108241082286e+02
1.314183917589175962e+03 4.603949108241082513e+02
1.300983917589175917e+03 4.130949108241082399e+02
