1.071542559351476484e+03 1.602607006369426699e+03
1.077042559351476484e+03 1.591607006369426699e+03
1.080342559351476439e+03 1.588307006369426745e+03
1.103442559351476575e+03 1.577307006369426745e+03
1.130942559351476575e+03 1.565207006369426836e+03
1.149642559351476621e+03 1.624607006369426699e+03
1.149642559351476621e+03 1.642207006369426836e+03
1.126542559351476484e+03 1.704907006369426654e+03
1.125442559351476575e+03 1.704907006369426654e+03
1.111142559351476621e+03 1.699407006369426654e+03
1.071542559351476484e+03 1.642207006369426836e+03
1.071542559351476484e+03 1.602607006369426699e+03
