4.286461802575107072e+02 8.155914420600858648e+03
4.363461802575107527e+02 8.139414420600858648e+03
4.374461802575107185e+02 8.137214420600857920e+03
4.418461802575107527e+02 8.130614420600858466e+03
4.429461802575107185e+02 8.129514420600858102e+03
4.517461802575107299e+02 8.124014420600858102e+03
4.583461802575107527e+02 8.120714420600857920e+03
4.704461802575107185e+02 8.117414420600858648e+03
4.759461802575107185e+02 8.116314420600858284e+03
4.869461802575107185e+02 8.116314420600858284e+03
4.957461802575107299e+02 8.125114420600858466e+03
4.957461802575107299e+02 8.162514420600858102e+03
4.825461802575107413e+02 8.210914420600858648e+03
4.814461802575107185e+02 8.210914420600858648e+03
4.506461802575107072e+02 8.190014420600858102e+03
4.319461802575107185e+02 8.173514420600858102e+03
4.308461802575106958e+02 8.172414420600858648e+03
4.286461802575107072e+02 8.168014420600858102e+03
4.286461802575107072e+02 8.155914420600858648e+03
