1.320360957375585713e+03 4.944721423789333130e+03
1.330260957375585804e+03 4.939221423789333130e+03
1.342360957375585713e+03 4.939221423789333130e+03
1.414960957375585849e+03 4.941421423789332948e+03
1.433660957375585895e+03 4.946921423789332948e+03
1.466660957375585895e+03 4.992021423789332403e+03
1.466660957375585895e+03 5.012921423789332948e+03
1.429260957375585804e+03 5.050321423789332584e+03
1.428160957375585895e+03 5.050321423789332584e+03
1.366560957375585758e+03 5.038221423789333130e+03
1.320360957375585713e+03 4.992021423789332403e+03
1.320360957375585713e+03 4.944721423789333130e+03
