1.771527792878499667e+03 1.749726270725740733e+03
1.772627792878499577e+03 1.749726270725740733e+03
1.780327792878499622e+03 1.753026270725740687e+03
1.782527792878499667e+03 1.754126270725740596e+03
1.790227792878499713e+03 1.758526270725740687e+03
1.796827792878499622e+03 1.762926270725740778e+03
1.814427792878499531e+03 1.775026270725740687e+03
1.832027792878499667e+03 1.792626270725740596e+03
1.846327792878499622e+03 1.839926270725740778e+03
1.848527792878499667e+03 1.853126270725740596e+03
1.848527792878499667e+03 1.865226270725740733e+03
1.846327792878499622e+03 1.885026270725740687e+03
1.792427792878499531e+03 1.885026270725740687e+03
1.745127792878499577e+03 1.865226270725740733e+03
1.745127792878499577e+03 1.836626270725740596e+03
1.771527792878499667e+03 1.749726270725740733e+03
