1.693271693840579701e+03 7.891077740036232171e+03
1.695471693840579746e+03 7.884477740036231808e+03
1.697671693840579792e+03 7.880077740036232171e+03
1.714171693840579792e+03 7.862477740036231808e+03
1.744971693840579746e+03 7.842677740036231626e+03
1.746071693840579655e+03 7.842677740036231626e+03
1.787871693840579610e+03 7.906477740036231808e+03
1.787871693840579610e+03 7.907577740036232171e+03
1.766971693840579746e+03 7.931777740036231990e+03
1.765871693840579610e+03 7.932877740036232353e+03
1.763671693840579792e+03 7.933977740036231808e+03
1.740571693840579655e+03 7.941677740036231626e+03
1.724071693840579655e+03 7.941677740036231626e+03
1.718571693840579655e+03 7.938377740036232353e+03
1.705371693840579610e+03 7.928477740036231808e+03
1.703171693840579792e+03 7.926277740036231990e+03
1.694371693840579610e+03 7.916377740036232353e+03
1.693271693840579701e+03 7.914177740036231626e+03
1.693271693840579701e+03 7.891077740036232171e+03
