1.094857683294275148e+03 3.517913581073541081e+03
1.089357683294275148e+03 3.504713581073540809e+03
1.089357683294275148e+03 3.500313581073540718e+03
1.150957683294275284e+03 3.457413581073541081e+03
1.188357683294275148e+03 3.457413581073541081e+03
1.232357683294275148e+03 3.525613581073540900e+03
1.232357683294275148e+03 3.535513581073540990e+03
1.229057683294275193e+03 3.547613581073540900e+03
1.226857683294275148e+03 3.549813581073540718e+03
1.224657683294275103e+03 3.550913581073541081e+03
1.176257683294275239e+03 3.569613581073540900e+03
1.160857683294275148e+03 3.572913581073541081e+03
1.149857683294275148e+03 3.574013581073540990e+03
1.135557683294275193e+03 3.575113581073540900e+03
1.120157683294275103e+03 3.575113581073540900e+03
1.119057683294275193e+03 3.574013581073540990e+03
1.115757683294275239e+03 3.567413581073541081e+03
1.094857683294275148e+03 3.517913581073541081e+03
