1.084063439522150247e+03 2.107878994524638983e+03
1.082963439522150338e+03 2.094678994524639165e+03
1.152263439522150293e+03 2.094678994524639165e+03
1.191863439522150202e+03 2.097978994524638892e+03
1.205063439522150247e+03 2.135378994524638983e+03
1.205063439522150247e+03 2.170578994524639256e+03
1.200663439522150384e+03 2.181578994524639256e+03
1.198463439522150338e+03 2.184878994524638983e+03
1.197363439522150429e+03 2.185978994524639347e+03
1.172063439522150247e+03 2.196978994524639347e+03
1.161063439522150247e+03 2.198078994524639256e+03
1.144563439522150247e+03 2.198078994524639256e+03
1.140163439522150384e+03 2.196978994524639347e+03
1.136863439522150202e+03 2.195878994524638983e+03
1.131363439522150202e+03 2.192578994524639256e+03
1.121463439522150338e+03 2.183778994524639074e+03
1.107163439522150384e+03 2.169478994524639347e+03
1.084063439522150247e+03 2.107878994524638983e+03
