9.021197604790419291e+02 7.057645535016922622e+02
9.032197604790419518e+02 7.035645535016922167e+02
9.208197604790418609e+02 6.738645535016922850e+02
9.230197604790419064e+02 6.716645535016922395e+02
9.307197604790419518e+02 6.661645535016922395e+02
9.329197604790418836e+02 6.650645535016922167e+02
9.417197604790419518e+02 6.617645535016922622e+02
9.516197604790419291e+02 6.584645535016923077e+02
9.714197604790418836e+02 6.529645535016923077e+02
9.857197604790419518e+02 6.529645535016923077e+02
9.978197604790418609e+02 6.551645535016922395e+02
1.001119760479041929e+03 6.573645535016922850e+02
1.006619760479041929e+03 6.628645535016922850e+02
1.007719760479041952e+03 6.903645535016922850e+02
1.007719760479041952e+03 7.035645535016922167e+02
1.005519760479041906e+03 7.134645535016923077e+02
1.003319760479041975e+03 7.189645535016923077e+02
9.945197604790419064e+02 7.354645535016923077e+02
9.857197604790419518e+02 7.486645535016922395e+02
9.802197604790419518e+02 7.541645535016922395e+02
9.593197604790419746e+02 7.651645535016922395e+02
9.560197604790419064e+02 7.662645535016922622e+02
9.395197604790419064e+02 7.662645535016922622e+02
9.351197604790419291e+02 7.640645535016922167e+02
9.054197604790418836e+02 7.475645535016922167e+02
9.010197604790419064e+02 7.431645535016922395e+02
9.010197604790419064e+02 7.222645535016922622e+02
9.021197604790419291e+02 7.057645535016922622e+02
