-3.647275183906323548e+00 1.666944993244257603e+03
3.925272481609368214e+01 1.666944993244257603e+03
7.555272481609367219e+01 1.703244993244257557e+03
9.095272481609367787e+01 1.729644993244257648e+03
9.095272481609367787e+01 1.741744993244257557e+03
8.985272481609368356e+01 1.747244993244257557e+03
7.995272481609367787e+01 1.757144993244257648e+03
6.675272481609368924e+01 1.767044993244257739e+03
6.455272481609368640e+01 1.768144993244257648e+03
5.245272481609367787e+01 1.772544993244257739e+03
4.915272481609368072e+01 1.773644993244257648e+03
4.475272481609368214e+01 1.774744993244257557e+03
3.265272481609368072e+01 1.774744993244257557e+03
2.495272481609367787e+01 1.773644993244257648e+03
2.165272481609368072e+01 1.772544993244257739e+03
1.065272481609367716e+01 1.767044993244257739e+03
-3.472751839063263901e-01 1.760444993244257603e+03
-3.647275183906323548e+00 1.757144993244257648e+03
-3.647275183906323548e+00 1.666944993244257603e+03
