1.184645426013108136e+03 1.201324748453798463e+02
1.185745426013108045e+03 1.190324748453798520e+02
1.196745426013108045e+03 1.102324748453798549e+02
1.201145426013108136e+03 1.069324748453798577e+02
1.203345426013108181e+03 1.058324748453798634e+02
1.213245426013108045e+03 1.025324748453798520e+02
1.294645426013108136e+03 8.273247484537985486e+01
1.294645426013108136e+03 1.652324748453798691e+02
1.291345426013108181e+03 2.466324748453798748e+02
1.277045426013107999e+03 2.609324748453798861e+02
1.184645426013108136e+03 2.191324748453798748e+02
1.184645426013108136e+03 1.201324748453798463e+02
