7.647244829369183208e+02 2.721805584281282222e+02
7.647244829369183208e+02 2.699805584281282336e+02
8.219244829369182526e+02 2.435805584281282279e+02
8.472244829369183208e+02 2.435805584281282279e+02
8.604244829369183662e+02 2.512805584281282449e+02
8.615244829369182753e+02 2.666805584281282222e+02
8.615244829369182753e+02 2.787805584281282449e+02
8.571244829369182980e+02 2.908805584281282108e+02
8.505244829369182753e+02 3.073805584281282108e+02
8.483244829369183435e+02 3.095805584281282563e+02
8.428244829369183435e+02 3.139805584281282336e+02
8.395244829369182753e+02 3.161805584281282222e+02
8.373244829369183435e+02 3.172805584281282449e+02
8.186244829369182980e+02 3.249805584281282336e+02
8.175244829369182753e+02 3.249805584281282336e+02
7.647244829369183208e+02 2.721805584281282222e+02
