1.655072764916243159e+03 5.333085827216261805e+02
1.653972764916243250e+03 4.959085827216262032e+02
1.663872764916243113e+03 4.860085827216262260e+02
1.667172764916243068e+03 4.860085827216262260e+02
1.710072764916243159e+03 5.003085827216261805e+02
1.712272764916243204e+03 5.014085827216262032e+02
1.736472764916243250e+03 5.201085827216262487e+02
1.737572764916243159e+03 5.212085827216261578e+02
1.741972764916243250e+03 5.267085827216261578e+02
1.745272764916243204e+03 5.333085827216261805e+02
1.746372764916243113e+03 5.366085827216262487e+02
1.746372764916243113e+03 5.487085827216261578e+02
1.745272764916243204e+03 5.553085827216261805e+02
1.743072764916243159e+03 5.597085827216261578e+02
1.740872764916243113e+03 5.630085827216262260e+02
1.727672764916243295e+03 5.762085827216261578e+02
1.700172764916243295e+03 5.927085827216261578e+02
1.675972764916243250e+03 5.927085827216261578e+02
1.655072764916243159e+03 5.333085827216261805e+02
