1.349708005055824742e+03 4.861158773962502892e+03
1.349708005055824742e+03 4.860058773962502528e+03
1.402508005055824697e+03 4.843558773962502528e+03
1.430008005055824697e+03 4.843558773962502528e+03
1.436608005055824833e+03 4.846858773962502710e+03
1.444308005055824651e+03 4.852358773962502710e+03
1.447608005055824833e+03 4.858958773962502164e+03
1.453108005055824833e+03 4.871058773962502528e+03
1.454208005055824742e+03 4.876558773962502528e+03
1.454208005055824742e+03 4.888658773962502892e+03
1.452008005055824697e+03 4.901858773962502710e+03
1.450908005055824788e+03 4.904058773962502528e+03
1.448708005055824742e+03 4.906258773962502346e+03
1.445408005055824788e+03 4.908458773962503074e+03
1.425608005055824833e+03 4.918358773962502710e+03
1.401408005055824788e+03 4.918358773962502710e+03
1.390408005055824788e+03 4.917258773962502346e+03
1.370608005055824833e+03 4.907358773962502710e+03
1.369508005055824697e+03 4.906258773962502346e+03
1.361808005055824651e+03 4.889758773962502346e+03
1.349708005055824742e+03 4.861158773962502892e+03
