5.396860580801291007e+02 3.432706318902930889e+03
5.396860580801291007e+02 3.419506318902931071e+03
5.418860580801290325e+02 3.414006318902931071e+03
5.946860580801291007e+02 3.414006318902931071e+03
6.419860580801290553e+02 3.447006318902931071e+03
6.419860580801290553e+02 3.493206318902930889e+03
6.045860580801290780e+02 3.522906318902930707e+03
5.836860580801291007e+02 3.528406318902930707e+03
5.671860580801291007e+02 3.528406318902930707e+03
5.638860580801290325e+02 3.527306318902930798e+03
5.572860580801290098e+02 3.524006318902931071e+03
5.550860580801290780e+02 3.521806318902930798e+03
5.473860580801290325e+02 3.503106318902930980e+03
5.429860580801290553e+02 3.480006318902931071e+03
5.396860580801291007e+02 3.432706318902930889e+03
