1.847171723000824386e+03 8.369654946413849757e+03
1.857071723000824477e+03 8.369654946413849757e+03
1.864771723000824295e+03 8.374054946413849393e+03
1.869171723000824386e+03 8.378454946413849029e+03
1.872471723000824340e+03 8.383954946413849029e+03
1.872471723000824340e+03 8.495054946413849393e+03
1.847171723000824386e+03 8.495054946413849393e+03
1.791071723000824477e+03 8.457654946413849757e+03
1.787771723000824295e+03 8.454354946413850485e+03
1.787771723000824295e+03 8.453254946413850121e+03
1.847171723000824386e+03 8.369654946413849757e+03
