5.585428404751803555e+02 2.192798037759864201e+03
5.750428404751803555e+02 2.126798037759864201e+03
5.893428404751803100e+02 2.120198037759864292e+03
6.014428404751803328e+02 2.117998037759864019e+03
6.146428404751802645e+02 2.117998037759864019e+03
6.267428404751802873e+02 2.124598037759864383e+03
6.322428404751802873e+02 2.130098037759864383e+03
6.410428404751803555e+02 2.142198037759864292e+03
6.432428404751802873e+02 2.146598037759864383e+03
6.520428404751803555e+02 2.166398037759864110e+03
6.564428404751803328e+02 2.179598037759864383e+03
6.575428404751803555e+02 2.186198037759864292e+03
6.575428404751803555e+02 2.209298037759864201e+03
6.553428404751803100e+02 2.219198037759864292e+03
6.531428404751802645e+02 2.227998037759864019e+03
6.443428404751803100e+02 2.246698037759864292e+03
6.410428404751803555e+02 2.253298037759864201e+03
6.388428404751803100e+02 2.256598037759864383e+03
6.355428404751803555e+02 2.258798037759864201e+03
6.311428404751802645e+02 2.260998037759864019e+03
6.245428404751803555e+02 2.263198037759864292e+03
6.091428404751802645e+02 2.263198037759864292e+03
5.585428404751803555e+02 2.260998037759864019e+03
5.585428404751803555e+02 2.192798037759864201e+03
