1.234697924528301769e+02 4.187559207547169535e+03
1.267697924528301883e+02 4.174359207547169717e+03
1.322697924528301883e+02 4.161159207547169899e+03
1.366697924528301940e+02 4.156759207547169353e+03
1.454697924528301769e+02 4.152359207547169717e+03
1.553697924528301826e+02 4.151259207547169353e+03
1.949697924528301769e+02 4.151259207547169353e+03
2.026697924528301940e+02 4.158959207547170081e+03
2.312697924528301883e+02 4.212859207547169717e+03
2.323697924528301826e+02 4.215059207547169535e+03
2.378697924528302110e+02 4.227159207547169899e+03
2.378697924528302110e+02 4.228259207547169353e+03
1.740697924528301996e+02 4.228259207547169353e+03
1.256697924528301940e+02 4.218359207547169717e+03
1.245697924528301854e+02 4.217259207547170263e+03
1.234697924528301769e+02 4.213959207547170081e+03
1.223697924528301826e+02 4.208459207547170081e+03
1.223697924528301826e+02 4.194159207547169899e+03
1.234697924528301769e+02 4.187559207547169535e+03
