1.296357723265618915e+03 3.255745237638941944e+03
1.341457723265619052e+03 3.210645237638942035e+03
1.343657723265619097e+03 3.210645237638942035e+03
1.404157723265619097e+03 3.224945237638942217e+03
1.408557723265618961e+03 3.229345237638942308e+03
1.434957723265619052e+03 3.263445237638942217e+03
1.434957723265619052e+03 3.344845237638942308e+03
1.386557723265618961e+03 3.344845237638942308e+03
1.341457723265619052e+03 3.330545237638942126e+03
1.296357723265618915e+03 3.290945237638942217e+03
1.296357723265618915e+03 3.255745237638941944e+03
