1.394178772423496184e+03 2.104117745339430257e+03
1.439278772423496321e+03 2.104117745339430257e+03
1.462378772423496230e+03 2.111817745339430076e+03
1.520678772423496412e+03 2.170117745339430257e+03
1.520678772423496412e+03 2.176717745339430166e+03
1.503078772423496275e+03 2.213017745339430348e+03
1.493178772423496412e+03 2.232817745339430076e+03
1.489878772423496230e+03 2.237217745339430166e+03
1.467878772423496230e+03 2.265817745339430076e+03
1.466778772423496321e+03 2.266917745339429985e+03
1.454678772423496412e+03 2.266917745339429985e+03
1.378778772423496321e+03 2.250417745339429985e+03
1.373278772423496321e+03 2.235017745339430348e+03
1.372178772423496412e+03 2.231717745339430166e+03
1.372178772423496412e+03 2.217417745339429985e+03
1.394178772423496184e+03 2.104117745339430257e+03
