9.823551043219075609e+02 2.877894696969697179e+03
9.834551043219075837e+02 2.875694696969696906e+03
1.002155104321907629e+03 2.853694696969696906e+03
1.041755104321907538e+03 2.853694696969696906e+03
1.093455104321907584e+03 2.889994696969697088e+03
1.093455104321907584e+03 2.892194696969696906e+03
1.091255104321907538e+03 2.902094696969696997e+03
1.080255104321907538e+03 2.948294696969696815e+03
1.053855104321907675e+03 2.964794696969696815e+03
1.042855104321907675e+03 2.970294696969696815e+03
1.037355104321907675e+03 2.972494696969697088e+03
1.025255104321907538e+03 2.973594696969696997e+03
1.015355104321907561e+03 2.973594696969696997e+03
9.988551043219075609e+02 2.965894696969697179e+03
9.823551043219075609e+02 2.916394696969697179e+03
9.823551043219075609e+02 2.877894696969697179e+03
