1.720206978967495161e+03 2.943201015774378448e+03
1.723506978967495343e+03 2.937701015774378448e+03
1.725706978967495161e+03 2.934401015774378720e+03
1.730106978967495252e+03 2.930001015774378629e+03
1.734506978967495343e+03 2.926701015774378448e+03
1.740006978967495343e+03 2.925601015774378538e+03
1.747706978967495161e+03 2.924501015774378629e+03
1.760906978967495206e+03 2.924501015774378629e+03
1.764206978967495161e+03 2.925601015774378538e+03
1.770806978967495297e+03 2.928901015774378720e+03
1.784006978967495343e+03 2.942101015774378538e+03
1.785106978967495252e+03 2.944301015774378357e+03
1.791706978967495161e+03 2.967401015774378720e+03
1.791706978967495161e+03 2.978401015774378720e+03
1.788406978967495206e+03 2.993801015774378357e+03
1.764206978967495161e+03 3.048801015774378811e+03
1.762006978967495343e+03 3.051001015774378629e+03
1.733406978967495206e+03 3.057601015774378538e+03
1.689406978967495206e+03 3.063101015774378538e+03
1.687206978967495161e+03 3.063101015774378538e+03
1.687206978967495161e+03 3.023501015774378629e+03
1.690506978967495115e+03 2.999301015774378811e+03
1.720206978967495161e+03 2.943201015774378448e+03
