1.184581779233870975e+03 2.500367376512096598e+03
1.238481779233871066e+03 2.446467376512096962e+03
1.296781779233871021e+03 2.451967376512096962e+03
1.309981779233871066e+03 2.514667376512096780e+03
1.309981779233871066e+03 2.543267376512096689e+03
1.307781779233871021e+03 2.545467376512096962e+03
1.298981779233871066e+03 2.553167376512096780e+03
1.294581779233870975e+03 2.555367376512096598e+03
1.275881779233870930e+03 2.561967376512096962e+03
1.263781779233871021e+03 2.561967376512096962e+03
1.225281779233871021e+03 2.552067376512096871e+03
1.221981779233871066e+03 2.550967376512096962e+03
1.213181779233870884e+03 2.544367376512096598e+03
1.212081779233870975e+03 2.543267376512096689e+03
1.184581779233870975e+03 2.500367376512096598e+03
