1.180116084275436833e+03 6.038619407331278126e+03
1.186716084275436742e+03 6.019919407331277398e+03
1.218616084275436833e+03 6.003419407331277398e+03
1.258216084275436742e+03 6.003419407331277398e+03
1.265916084275436788e+03 6.004519407331277762e+03
1.269216084275436742e+03 6.005619407331278126e+03
1.271416084275436788e+03 6.006719407331277580e+03
1.290116084275436833e+03 6.024319407331277944e+03
1.292316084275436879e+03 6.026519407331277762e+03
1.294516084275436697e+03 6.029819407331277944e+03
1.294516084275436697e+03 6.038619407331278126e+03
1.258216084275436742e+03 6.082619407331278126e+03
1.218616084275436833e+03 6.082619407331278126e+03
1.180116084275436833e+03 6.076019407331277762e+03
1.180116084275436833e+03 6.038619407331278126e+03
