1.110049640945293049e+03 3.305762854158506343e+03
1.129849640945293231e+03 3.249662854158506434e+03
1.137549640945293049e+03 3.241962854158506161e+03
1.157349640945293004e+03 3.241962854158506161e+03
1.232149640945293186e+03 3.304662854158506434e+03
1.232149640945293186e+03 3.305762854158506343e+03
1.231049640945293049e+03 3.309062854158506525e+03
1.224449640945293140e+03 3.323362854158506252e+03
1.216749640945293095e+03 3.332162854158506434e+03
1.179349640945293231e+03 3.367362854158506252e+03
1.157349640945293004e+03 3.367362854158506252e+03
1.122149640945293186e+03 3.340962854158506161e+03
1.110049640945293049e+03 3.328862854158506252e+03
1.110049640945293049e+03 3.305762854158506343e+03
