6.789569022788721213e+02 1.590017937427578318e+03
7.218569022788722123e+02 1.584517937427578318e+03
7.383569022788722123e+02 1.584517937427578318e+03
7.559569022788721213e+02 1.587817937427578272e+03
7.856569022788721668e+02 1.607617937427578227e+03
7.867569022788721895e+02 1.608717937427578136e+03
7.889569022788721213e+02 1.613117937427578227e+03
7.900569022788721441e+02 1.616417937427578181e+03
7.911569022788721668e+02 1.621917937427578181e+03
7.911569022788721668e+02 1.636217937427578136e+03
7.812569022788721895e+02 1.662617937427578227e+03
7.724569022788721213e+02 1.674717937427578136e+03
7.262569022788721895e+02 1.736317937427578272e+03
7.042569022788721895e+02 1.751717937427578136e+03
6.976569022788721668e+02 1.755017937427578318e+03
6.855569022788721441e+02 1.755017937427578318e+03
6.734569022788721213e+02 1.752817937427578272e+03
6.624569022788721213e+02 1.748417937427578181e+03
6.448569022788722123e+02 1.731917937427578181e+03
6.437569022788721895e+02 1.730817937427578272e+03
6.426569022788721668e+02 1.728617937427578227e+03
6.426569022788721668e+02 1.684617937427578227e+03
6.789569022788721213e+02 1.590017937427578318e+03
