5.640536202735318057e+02 7.122233829444890944e+03
5.651536202735318284e+02 7.121133829444891489e+03
5.827536202735317374e+02 7.104633829444891489e+03
6.190536202735318057e+02 7.095833829444891308e+03
6.377536202735317374e+02 7.095833829444891308e+03
6.421536202735318284e+02 7.096933829444891671e+03
6.553536202735317602e+02 7.101333829444891308e+03
6.641536202735318284e+02 7.109033829444891126e+03
6.663536202735317602e+02 7.111233829444890944e+03
6.718536202735317602e+02 7.118933829444891671e+03
6.718536202735317602e+02 7.136533829444891126e+03
6.696536202735318284e+02 7.144233829444891853e+03
6.663536202735317602e+02 7.148633829444891489e+03
6.641536202735318284e+02 7.150833829444891308e+03
6.575536202735318057e+02 7.156333829444891308e+03
6.542536202735317374e+02 7.158533829444891126e+03
6.509536202735317829e+02 7.159633829444891489e+03
6.267536202735317374e+02 7.165133829444891489e+03
6.080536202735318057e+02 7.165133829444891489e+03
5.629536202735317829e+02 7.151933829444891671e+03
5.563536202735317602e+02 7.149733829444890944e+03
5.541536202735317147e+02 7.148633829444891489e+03
5.541536202735317147e+02 7.138733829444890944e+03
5.640536202735318057e+02 7.122233829444890944e+03
