3.746362485160269102e+02 2.320920182034032223e+03
3.746362485160269102e+02 2.307720182034032405e+03
3.889362485160269216e+02 2.278020182034032587e+03
3.900362485160268875e+02 2.275820182034032314e+03
3.922362485160268761e+02 2.272520182034032587e+03
3.966362485160269102e+02 2.268120182034032496e+03
4.329362485160269216e+02 2.254920182034032223e+03
4.560362485160268875e+02 2.254920182034032223e+03
4.681362485160269102e+02 2.257120182034032496e+03
4.780362485160269443e+02 2.260420182034032223e+03
4.945362485160269443e+02 2.268120182034032496e+03
4.967362485160269330e+02 2.269220182034032405e+03
4.967362485160269330e+02 2.317620182034032496e+03
4.703362485160268989e+02 2.397920182034032223e+03
4.582362485160269330e+02 2.411120182034032496e+03
4.516362485160269102e+02 2.417720182034032405e+03
4.417362485160269330e+02 2.421020182034032587e+03
4.197362485160269330e+02 2.421020182034032587e+03
4.131362485160269102e+02 2.419920182034032223e+03
4.109362485160269216e+02 2.418820182034032314e+03
4.098362485160268989e+02 2.417720182034032405e+03
3.790362485160268875e+02 2.381420182034032678e+03
3.779362485160269216e+02 2.377020182034032587e+03
3.746362485160269102e+02 2.320920182034032223e+03
