4.910527628788823051e+01 3.456988948484470257e+03
4.910527628788823051e+01 3.432788948484470438e+03
6.560527628788824472e+01 3.415188948484470529e+03
1.052052762878882390e+02 3.388788948484470438e+03
1.360052762878882504e+02 3.388788948484470438e+03
1.547052762878882390e+02 3.428388948484470347e+03
1.547052762878882390e+02 3.462488948484470711e+03
1.349052762878882277e+02 3.496588948484470620e+03
1.052052762878882390e+02 3.526288948484470438e+03
7.220527628788823904e+01 3.526288948484470438e+03
4.910527628788823051e+01 3.456988948484470257e+03
