1.023286453073306689e+03 1.664707052063381525e+03
1.023286453073306689e+03 1.650407052063381570e+03
1.025486453073306620e+03 1.638307052063381434e+03
1.033186453073306666e+03 1.624007052063381479e+03
1.038686453073306666e+03 1.618507052063381479e+03
1.046386453073306711e+03 1.611907052063381570e+03
1.061786453073306575e+03 1.603107052063381616e+03
1.065086453073306757e+03 1.602007052063381479e+03
1.074986453073306620e+03 1.599807052063381434e+03
1.114586453073306757e+03 1.677907052063381570e+03
1.114586453073306757e+03 1.695507052063381479e+03
1.113486453073306620e+03 1.696607052063381616e+03
1.082686453073306666e+03 1.719707052063381525e+03
1.079386453073306711e+03 1.720807052063381434e+03
1.059586453073306529e+03 1.720807052063381434e+03
1.045286453073306575e+03 1.714207052063381525e+03
1.043086453073306529e+03 1.713107052063381616e+03
1.038686453073306666e+03 1.708707052063381525e+03
1.028786453073306575e+03 1.690007052063381479e+03
1.024386453073306711e+03 1.670207052063381525e+03
1.023286453073306689e+03 1.664707052063381525e+03
