9.294508613617718993e+02 6.574794585726004698e+03
9.459508613617718993e+02 6.549494585726004516e+03
9.602508613617719675e+02 6.532994585726004516e+03
9.657508613617719675e+02 6.528594585726004880e+03
9.745508613617719220e+02 6.528594585726004880e+03
9.899508613617718993e+02 6.543994585726004516e+03
1.006450861361771899e+03 6.584694585726005243e+03
1.006450861361771899e+03 6.611094585726004880e+03
9.767508613617719675e+02 6.651794585726004698e+03
9.701508613617719448e+02 6.649594585726004880e+03
9.657508613617719675e+02 6.647394585726005062e+03
9.646508613617719448e+02 6.646294585726004698e+03
9.217508613617719675e+02 6.592394585726005062e+03
9.294508613617718993e+02 6.574794585726004698e+03
