1.332004827808175150e+03 7.553759623430962165e+03
1.340804827808175105e+03 7.547159623430962711e+03
1.357304827808175105e+03 7.547159623430962711e+03
1.440904827808175014e+03 7.560359623430962529e+03
1.448604827808175060e+03 7.564759623430962165e+03
1.449704827808175196e+03 7.565859623430962529e+03
1.449704827808175196e+03 7.590059623430962347e+03
1.443104827808175060e+03 7.607659623430962711e+03
1.437604827808175060e+03 7.613159623430962711e+03
1.431004827808175150e+03 7.616459623430961983e+03
1.421104827808175060e+03 7.620859623430962529e+03
1.414504827808175150e+03 7.623059623430962347e+03
1.403504827808175150e+03 7.625259623430962165e+03
1.340804827808175105e+03 7.635159623430962711e+03
1.332004827808175150e+03 7.590059623430962347e+03
1.332004827808175150e+03 7.553759623430962165e+03
