8.373289591857100049e+02 1.893704869773475593e+03
8.307289591857099822e+02 1.855204869773475593e+03
8.681289591857099595e+02 1.847504869773475775e+03
8.835289591857100504e+02 1.847504869773475775e+03
9.638289591857100049e+02 1.887104869773475684e+03
9.638289591857100049e+02 1.897004869773475775e+03
9.605289591857100504e+02 1.942104869773475684e+03
9.583289591857100049e+02 1.953104869773475684e+03
9.572289591857099822e+02 1.956404869773475639e+03
9.550289591857100504e+02 1.960804869773475730e+03
9.528289591857100049e+02 1.963004869773475775e+03
9.110289591857100504e+02 2.001504869773475775e+03
9.088289591857100049e+02 2.002604869773475684e+03
8.978289591857100049e+02 2.002604869773475684e+03
8.967289591857099822e+02 2.001504869773475775e+03
8.659289591857100277e+02 1.957504869773475775e+03
8.648289591857100049e+02 1.955304869773475730e+03
8.373289591857100049e+02 1.893704869773475593e+03
