1.646336150878697026e+03 4.444786043720531779e+03
1.646336150878697026e+03 4.443686043720531416e+03
1.727736150878696890e+03 4.398586043720531961e+03
1.745336150878697026e+03 4.398586043720531961e+03
1.751936150878696935e+03 4.402986043720531598e+03
1.811336150878697026e+03 4.472286043720531779e+03
1.806936150878696935e+03 4.508586043720531961e+03
1.805836150878697026e+03 4.517386043720531234e+03
1.794836150878697026e+03 4.533886043720531234e+03
1.787136150878696981e+03 4.539386043720531234e+03
1.733236150878696890e+03 4.560286043720531779e+03
1.723336150878697026e+03 4.560286043720531779e+03
1.721136150878696981e+03 4.559186043720531416e+03
1.702436150878696935e+03 4.544886043720531234e+03
1.700236150878696890e+03 4.542686043720531416e+03
1.646336150878697026e+03 4.444786043720531779e+03
