1.638428537341923175e+02 2.455926354092101974e+03
1.748428537341923175e+02 2.385526354092102338e+03
2.100428537341923061e+02 2.385526354092102338e+03
2.727428537341922947e+02 2.448226354092102156e+03
2.738428537341923175e+02 2.471326354092102065e+03
2.738428537341923175e+02 2.486726354092102156e+03
2.694428537341923402e+02 2.491126354092102247e+03
2.100428537341923061e+02 2.520826354092102065e+03
1.638428537341923175e+02 2.520826354092102065e+03
1.638428537341923175e+02 2.455926354092101974e+03
