9.084077439163065719e+02 3.577387843984534811e+03
9.447077439163065264e+02 3.513587843984535084e+03
9.491077439163066174e+02 3.513587843984535084e+03
9.920077439163065947e+02 3.531187843984534993e+03
9.942077439163065264e+02 3.532287843984534902e+03
9.953077439163065492e+02 3.533387843984534811e+03
9.997077439163065264e+02 3.539987843984534720e+03
1.000807743916306549e+03 3.542187843984534993e+03
1.001907743916306572e+03 3.546587843984535084e+03
1.006307743916306549e+03 3.572987843984534720e+03
1.007407743916306572e+03 3.582887843984534811e+03
1.007407743916306572e+03 3.593887843984534811e+03
9.865077439163065947e+02 3.656587843984535084e+03
9.777077439163065264e+02 3.668687843984534993e+03
9.579077439163065719e+02 3.673087843984535084e+03
9.084077439163065719e+02 3.629087843984535084e+03
9.084077439163065719e+02 3.577387843984534811e+03
