1.314986073315191334e+03 6.718723547302704901e+03
1.331486073315191334e+03 6.704423547302705629e+03
1.339186073315191379e+03 6.702223547302704901e+03
1.375486073315191334e+03 6.702223547302704901e+03
1.398586073315191243e+03 6.704423547302705629e+03
1.412886073315191197e+03 6.717623547302705447e+03
1.415086073315191243e+03 6.719823547302705265e+03
1.420586073315191243e+03 6.733023547302705083e+03
1.421686073315191379e+03 6.737423547302705629e+03
1.421686073315191379e+03 6.760523547302705083e+03
1.420586073315191243e+03 6.768223547302704901e+03
1.419486073315191334e+03 6.771523547302705083e+03
1.418386073315191197e+03 6.773723547302704901e+03
1.415086073315191243e+03 6.777023547302705083e+03
1.410686073315191379e+03 6.779223547302704901e+03
1.377686073315191379e+03 6.788023547302705083e+03
1.369986073315191334e+03 6.789123547302705447e+03
1.341386073315191197e+03 6.792423547302705629e+03
1.314986073315191334e+03 6.744023547302705083e+03
1.314986073315191334e+03 6.718723547302704901e+03
