5.604944130571249161e+02 8.127458757062147015e+03
5.604944130571249161e+02 8.117558757062146469e+03
5.615944130571249389e+02 8.116458757062147015e+03
5.747944130571248706e+02 8.105458757062147015e+03
5.945944130571249389e+02 8.101058757062146469e+03
6.308944130571248934e+02 8.101058757062146469e+03
6.374944130571249161e+02 8.141758757062147197e+03
6.374944130571249161e+02 8.176958757062147015e+03
6.110944130571249389e+02 8.185758757062147197e+03
5.901944130571249616e+02 8.189058757062147379e+03
5.802944130571248706e+02 8.189058757062147379e+03
5.725944130571249389e+02 8.185758757062147197e+03
5.703944130571248934e+02 8.183558757062146469e+03
5.670944130571249389e+02 8.176958757062147015e+03
5.615944130571249389e+02 8.154958757062147015e+03
5.604944130571249161e+02 8.127458757062147015e+03
