7.463573905033078972e+02 3.383961527510258747e+03
7.463573905033078972e+02 3.364161527510258566e+03
7.518573905033078972e+02 3.353161527510258566e+03
7.793573905033078972e+02 3.317961527510258747e+03
7.837573905033079882e+02 3.313561527510258657e+03
7.936573905033079654e+02 3.308061527510258657e+03
8.079573905033079200e+02 3.308061527510258657e+03
8.123573905033078972e+02 3.310261527510258929e+03
8.816573905033079654e+02 3.356461527510258747e+03
8.970573905033079427e+02 3.387261527510258929e+03
8.970573905033079427e+02 3.398261527510258929e+03
8.937573905033079882e+02 3.418061527510258657e+03
8.849573905033079200e+02 3.435661527510259020e+03
8.805573905033079427e+02 3.440061527510258657e+03
8.739573905033079200e+02 3.444461527510258747e+03
8.717573905033079882e+02 3.445561527510258657e+03
8.563573905033078972e+02 3.445561527510258657e+03
7.903573905033078972e+02 3.441161527510259020e+03
7.804573905033079200e+02 3.438961527510258747e+03
7.683573905033078972e+02 3.426861527510258838e+03
7.628573905033078972e+02 3.420261527510258929e+03
7.617573905033078745e+02 3.418061527510258657e+03
7.474573905033079200e+02 3.388361527510258838e+03
7.463573905033078972e+02 3.383961527510258747e+03
