1.426469773573200882e+03 4.961682366625310351e+03
1.426469773573200882e+03 4.949582366625309987e+03
1.447369773573200973e+03 4.916582366625309987e+03
1.450669773573200928e+03 4.913282366625309805e+03
1.455069773573201019e+03 4.909982366625310533e+03
1.457269773573201064e+03 4.908882366625310169e+03
1.471569773573201019e+03 4.904482366625310533e+03
1.484769773573201064e+03 4.904482366625310533e+03
1.488069773573201019e+03 4.905582366625309987e+03
1.494669773573200928e+03 4.908882366625310169e+03
1.512269773573201064e+03 4.923182366625310351e+03
1.512269773573201064e+03 4.961682366625310351e+03
1.505669773573200928e+03 5.035382366625310169e+03
1.478169773573200928e+03 5.035382366625310169e+03
1.459469773573201110e+03 5.016682366625310351e+03
1.426469773573200882e+03 4.961682366625310351e+03
