1.790725208037345283e+03 5.096367099654962658e+03
1.814925208037345328e+03 5.086467099654962112e+03
1.829225208037345283e+03 5.086467099654962112e+03
1.874325208037345192e+03 5.116167099654962840e+03
1.874325208037345192e+03 5.133767099654962294e+03
1.853425208037345328e+03 5.167867099654962658e+03
1.841325208037345192e+03 5.179967099654962112e+03
1.831425208037345328e+03 5.184367099654962658e+03
1.814925208037345328e+03 5.186567099654962476e+03
1.790725208037345283e+03 5.162367099654962658e+03
1.790725208037345283e+03 5.096367099654962658e+03
