2.767869868035190848e+02 6.650962243401759224e+03
2.844869868035190734e+02 6.643262243401759406e+03
3.020869868035190393e+02 6.636662243401759042e+03
3.152869868035190848e+02 6.634462243401759224e+03
3.262869868035190848e+02 6.634462243401759224e+03
3.658869868035190507e+02 6.647662243401759042e+03
3.735869868035190393e+02 6.653162243401759042e+03
3.933869868035190507e+02 6.669662243401759042e+03
3.944869868035190734e+02 6.670762243401759406e+03
3.944869868035190734e+02 6.689462243401759224e+03
3.823869868035190507e+02 6.701562243401759588e+03
3.680869868035190393e+02 6.713662243401759042e+03
3.295869868035190393e+02 6.713662243401759042e+03
2.613869868035190507e+02 6.677362243401759770e+03
2.767869868035190848e+02 6.650962243401759224e+03
