-5.629724964739075688e+00 6.485348571932298910e+03
4.270275035260929997e+00 6.467748571932298546e+03
1.197027503526092573e+01 6.458948571932299274e+03
1.637027503526092431e+01 6.454548571932298728e+03
7.357027503526093426e+01 6.454548571932298728e+03
8.787027503526093142e+01 6.457848571932298910e+03
9.007027503526093426e+01 6.458948571932299274e+03
9.117027503526094279e+01 6.460048571932298728e+03
9.997027503526092573e+01 6.471048571932298728e+03
1.043702750352609314e+02 6.497448571932299274e+03
1.043702750352609314e+02 6.509548571932298728e+03
1.032702750352609371e+02 6.527148571932299092e+03
9.337027503526093142e+01 6.533748571932299456e+03
8.237027503526093142e+01 6.537048571932298728e+03
5.377027503526093000e+01 6.537048571932298728e+03
-5.629724964739075688e+00 6.500748571932299456e+03
-5.629724964739075688e+00 6.485348571932298910e+03
