9.837783692547390046e+02 6.010201648922357890e+03
9.837783692547390046e+02 5.990401648922357708e+03
1.023378369254739027e+03 5.977201648922357890e+03
1.059678369254738982e+03 5.977201648922357890e+03
1.088278369254739118e+03 5.987101648922357526e+03
1.101478369254738936e+03 6.013501648922358072e+03
1.101478369254738936e+03 6.014601648922357526e+03
1.082778369254739118e+03 6.060801648922358254e+03
1.065178369254738982e+03 6.087201648922357890e+03
1.061878369254739027e+03 6.090501648922358072e+03
1.057478369254738936e+03 6.092701648922357890e+03
1.039878369254739027e+03 6.092701648922357890e+03
1.031078369254739073e+03 6.090501648922358072e+03
1.023378369254739027e+03 6.087201648922357890e+03
1.021178369254738982e+03 6.086101648922357526e+03
1.000278369254739005e+03 6.070701648922357890e+03
9.837783692547390046e+02 6.010201648922357890e+03
