4.370189509306260334e+01 3.689629373942470465e+03
4.920189509306260334e+01 3.678629373942470465e+03
5.030189509306259765e+01 3.677529373942470556e+03
8.440189509306260618e+01 3.644529373942470556e+03
9.210189509306260902e+01 3.639029373942470556e+03
9.430189509306259765e+01 3.637929373942470193e+03
1.207018950930626033e+02 3.628029373942470556e+03
1.691018950930626090e+02 3.674229373942470374e+03
1.878018950930626261e+02 3.710529373942470556e+03
1.592018950930626033e+02 3.739129373942470465e+03
1.108018950930626119e+02 3.742429373942470193e+03
8.000189509306260049e+01 3.742429373942470193e+03
4.370189509306260334e+01 3.706129373942470465e+03
4.370189509306260334e+01 3.689629373942470465e+03
