9.857392837616183670e+02 2.495397166028795255e+03
1.062739283761618481e+03 2.372197166028795436e+03
1.170539283761618435e+03 2.495397166028795255e+03
1.061639283761618344e+03 2.582297166028795345e+03
1.058339283761618390e+03 2.583397166028795255e+03
1.048439283761618299e+03 2.583397166028795255e+03
1.036339283761618390e+03 2.577897166028795255e+03
1.034139283761618344e+03 2.576797166028795345e+03
1.014339283761618390e+03 2.561397166028795255e+03
1.007739283761618367e+03 2.555897166028795255e+03
1.003339283761618390e+03 2.551497166028795164e+03
9.945392837616183215e+02 2.539397166028795255e+03
9.934392837616184124e+02 2.537197166028795436e+03
9.857392837616183670e+02 2.495397166028795255e+03
