8.730339399806389338e+02 6.682834114230397063e+03
9.005339399806389338e+02 6.655334114230397063e+03
9.104339399806389110e+02 6.655334114230397063e+03
9.676339399806389565e+02 6.661934114230396517e+03
9.698339399806388883e+02 6.664134114230397245e+03
9.720339399806389338e+02 6.667434114230396517e+03
9.720339399806389338e+02 6.693834114230397063e+03
9.709339399806389110e+02 6.694934114230396517e+03
9.357339399806388656e+02 6.723534114230396881e+03
9.247339399806388656e+02 6.730134114230397245e+03
9.093339399806388883e+02 6.736734114230396699e+03
8.928339399806388883e+02 6.741134114230397245e+03
8.730339399806389338e+02 6.741134114230397245e+03
8.730339399806389338e+02 6.682834114230397063e+03
