1.699735838520688503e+03 6.128883696448187038e+03
1.759135838520688367e+03 6.070583696448187766e+03
1.870235838520688503e+03 6.070583696448187766e+03
1.870235838520688503e+03 6.078283696448187584e+03
1.869135838520688367e+03 6.081583696448187766e+03
1.819635838520688367e+03 6.164083696448187766e+03
1.814135838520688367e+03 6.172883696448187038e+03
1.807535838520688458e+03 6.179483696448187402e+03
1.773435838520688321e+03 6.192683696448187220e+03
1.758035838520688458e+03 6.192683696448187220e+03
1.718435838520688321e+03 6.190483696448187402e+03
1.705235838520688276e+03 6.177283696448187584e+03
1.694235838520688503e+03 6.161883696448187948e+03
1.693135838520688367e+03 6.159683696448187220e+03
1.689835838520688412e+03 6.149783696448187584e+03
1.689835838520688412e+03 6.138783696448187584e+03
1.699735838520688503e+03 6.128883696448187038e+03
