1.201426639697592691e+03 1.169215173419988105e+03
1.234426639697592691e+03 1.079015173419988059e+03
1.246526639697592600e+03 1.076815173419988014e+03
1.258626639697592736e+03 1.076815173419988014e+03
1.274026639697592600e+03 1.081215173419988105e+03
1.282826639697592782e+03 1.086715173419988105e+03
1.316926639697592691e+03 1.109815173419988014e+03
1.323526639697592600e+03 1.116415173419988150e+03
1.329026639697592600e+03 1.125215173419988105e+03
1.330126639697592736e+03 1.128515173419988059e+03
1.331226639697592645e+03 1.137315173419988014e+03
1.332326639697592782e+03 1.176915173419988150e+03
1.332326639697592782e+03 1.192315173419988014e+03
1.327926639697592691e+03 1.228615173419987968e+03
1.322426639697592691e+03 1.239615173419987968e+03
1.311426639697592691e+03 1.257215173419988105e+03
1.309226639697592645e+03 1.260515173419988059e+03
1.307026639697592600e+03 1.262715173419988105e+03
1.302626639697592736e+03 1.266015173419988059e+03
1.290526639697592600e+03 1.274815173419988014e+03
1.288326639697592782e+03 1.275915173419988150e+03
1.268526639697592600e+03 1.275915173419988150e+03
1.239926639697592691e+03 1.271515173419988059e+03
1.231126639697592736e+03 1.262715173419988105e+03
1.201426639697592691e+03 1.185715173419988105e+03
1.201426639697592691e+03 1.169215173419988105e+03
