1.599941528606140992e+03 3.584493616081289929e+03
1.599941528606140992e+03 3.571293616081290111e+03
1.601041528606140901e+03 3.569093616081289838e+03
1.606541528606140901e+03 3.559193616081290202e+03
1.621941528606140992e+03 3.537193616081290202e+03
1.625241528606140946e+03 3.534993616081289929e+03
1.631841528606140855e+03 3.531693616081290202e+03
1.654941528606140992e+03 3.520693616081290202e+03
1.664841528606140855e+03 3.520693616081290202e+03
1.684641528606141037e+03 3.533893616081290020e+03
1.689041528606140901e+03 3.538293616081290111e+03
1.695641528606141037e+03 3.545993616081289929e+03
1.720941528606140992e+03 3.580093616081289838e+03
1.720941528606140992e+03 3.591093616081289838e+03
1.661541528606140901e+03 3.677993616081289929e+03
1.654941528606140992e+03 3.684593616081289838e+03
1.640641528606140810e+03 3.684593616081289838e+03
1.608741528606140946e+03 3.615293616081290111e+03
1.599941528606140992e+03 3.584493616081289929e+03
