4.752396909827760965e+02 2.512896289260384947e+03
4.763396909827760624e+02 2.511796289260385038e+03
5.005396909827761078e+02 2.500796289260385038e+03
5.104396909827760851e+02 2.500796289260385038e+03
5.137396909827760965e+02 2.501896289260384947e+03
5.929396909827760282e+02 2.535996289260384856e+03
5.951396909827760737e+02 2.537096289260384765e+03
6.116396909827760737e+02 2.548096289260384765e+03
6.138396909827761192e+02 2.551396289260384947e+03
6.149396909827761419e+02 2.553596289260384765e+03
5.335396909827760510e+02 2.608596289260385220e+03
5.060396909827761078e+02 2.608596289260385220e+03
4.488396909827760624e+02 2.598696289260385129e+03
4.433396909827760624e+02 2.596496289260384856e+03
4.433396909827760624e+02 2.586596289260385220e+03
4.444396909827760851e+02 2.582196289260385129e+03
4.752396909827760965e+02 2.512896289260384947e+03
