1.650441825440029106e+03 5.684038904010161787e+03
1.683441825440029106e+03 5.635638904010161241e+03
1.715341825440028970e+03 5.648838904010161059e+03
1.745041825440029015e+03 5.666438904010161423e+03
1.746141825440029152e+03 5.667538904010161787e+03
1.759341825440028970e+03 5.687338904010161059e+03
1.760441825440029106e+03 5.691738904010161605e+03
1.760441825440029106e+03 5.701638904010161241e+03
1.758241825440029061e+03 5.712638904010161241e+03
1.754941825440029106e+03 5.719238904010161605e+03
1.753841825440028970e+03 5.720338904010161968e+03
1.715341825440028970e+03 5.756638904010161241e+03
1.707641825440028924e+03 5.756638904010161241e+03
1.693341825440028970e+03 5.742338904010161968e+03
1.650441825440029106e+03 5.697238904010161605e+03
1.650441825440029106e+03 5.684038904010161787e+03
