8.836803864382063693e+02 7.030314564345607323e+03
8.836803864382063693e+02 7.016014564345607141e+03
8.869803864382063239e+02 7.009414564345606777e+03
8.891803864382063693e+02 7.008314564345607323e+03
8.979803864382063239e+02 7.005014564345607141e+03
9.056803864382063693e+02 7.002814564345607323e+03
9.430803864382063466e+02 6.997314564345607323e+03
9.716803864382063693e+02 6.995114564345606595e+03
9.727803864382063921e+02 6.995114564345606595e+03
9.760803864382063466e+02 7.044614564345606595e+03
9.760803864382063466e+02 7.066614564345606595e+03
9.738803864382063011e+02 7.067714564345606959e+03
9.551803864382063693e+02 7.076514564345607141e+03
9.375803864382063466e+02 7.078714564345606959e+03
9.221803864382063693e+02 7.078714564345606959e+03
9.089803864382063239e+02 7.077614564345606595e+03
9.045803864382063466e+02 7.075414564345606777e+03
8.902803864382063921e+02 7.066614564345606595e+03
8.880803864382063466e+02 7.064414564345606777e+03
8.858803864382063011e+02 7.057814564345607323e+03
8.847803864382063921e+02 7.052314564345607323e+03
8.836803864382063693e+02 7.030314564345607323e+03
