7.681661599535243568e+02 3.729799360960495505e+03
7.868661599535244022e+02 3.720999360960495778e+03
7.989661599535244250e+02 3.720999360960495778e+03
8.077661599535243795e+02 3.722099360960495687e+03
8.253661599535244022e+02 3.728699360960495596e+03
8.275661599535244477e+02 3.729799360960495505e+03
8.693661599535244022e+02 3.773799360960495505e+03
8.737661599535243795e+02 3.788099360960495687e+03
8.748661599535244022e+02 3.792499360960495778e+03
8.748661599535244022e+02 3.804599360960495687e+03
8.737661599535243795e+02 3.808999360960495778e+03
8.473661599535244022e+02 3.850799360960495960e+03
8.407661599535243795e+02 3.858499360960495778e+03
8.319661599535244250e+02 3.867299360960495505e+03
8.275661599535244477e+02 3.870599360960495687e+03
8.011661599535243568e+02 3.870599360960495687e+03
7.582661599535243795e+02 3.869499360960495778e+03
7.582661599535243795e+02 3.814499360960495778e+03
7.681661599535243568e+02 3.729799360960495505e+03
