1.540707369312681521e+03 2.884751040658276906e+03
1.538507369312681476e+03 2.866051040658277088e+03
1.538507369312681476e+03 2.852851040658276816e+03
1.594607369312681612e+03 2.849551040658276634e+03
1.637507369312681476e+03 2.849551040658276634e+03
1.645207369312681521e+03 2.870451040658276725e+03
1.658407369312681567e+03 2.912251040658276906e+03
1.658407369312681567e+03 2.932051040658277088e+03
1.657307369312681431e+03 2.935351040658276816e+03
1.656207369312681521e+03 2.937551040658277088e+03
1.649607369312681612e+03 2.944151040658276997e+03
1.645207369312681521e+03 2.946351040658276816e+03
1.641907369312681567e+03 2.947451040658276725e+03
1.574807369312681431e+03 2.947451040658276725e+03
1.560507369312681476e+03 2.939751040658276906e+03
1.546207369312681521e+03 2.915551040658277088e+03
1.540707369312681521e+03 2.884751040658276906e+03
