2.545404717461394739e+02 1.981273553368403100e+03
2.611404717461394966e+02 1.950473553368403145e+03
2.655404717461394739e+02 1.938373553368403236e+03
2.666404717461394966e+02 1.936173553368403191e+03
2.688404717461394853e+02 1.932873553368403236e+03
2.732404717461394625e+02 1.928473553368403145e+03
2.776404717461394966e+02 1.927373553368403236e+03
2.919404717461395080e+02 1.925173553368403191e+03
3.095404717461394739e+02 1.925173553368403191e+03
3.150404717461394739e+02 1.928473553368403145e+03
3.172404717461394625e+02 1.930673553368403191e+03
3.788404717461394853e+02 1.993373553368403236e+03
3.788404717461394853e+02 1.999973553368403145e+03
3.623404717461394853e+02 2.056073553368403282e+03
2.809404717461395080e+02 2.095673553368403191e+03
2.699404717461394512e+02 2.095673553368403191e+03
2.622404717461394625e+02 2.094573553368403282e+03
2.600404717461394739e+02 2.093473553368403373e+03
2.523404717461394853e+02 2.089073553368403282e+03
2.501404717461394966e+02 2.086873553368403009e+03
2.490404717461394739e+02 2.084673553368403191e+03
2.479404717461394796e+02 2.081373553368403009e+03
2.457404717461394910e+02 2.072573553368403282e+03
2.457404717461394910e+02 2.051673553368403191e+03
2.545404717461394739e+02 1.981273553368403100e+03
