1.074284178610804929e+03 7.081271223814774203e+03
1.078684178610804793e+03 7.066971223814774021e+03
1.081984178610804975e+03 7.063671223814773839e+03
1.088584178610804884e+03 7.061471223814774021e+03
1.113884178610804838e+03 7.055971223814774021e+03
1.125984178610804975e+03 7.055971223814774021e+03
1.128184178610804793e+03 7.057071223814774385e+03
1.135884178610804838e+03 7.061471223814774021e+03
1.147984178610804975e+03 7.073571223814774385e+03
1.154584178610804884e+03 7.083471223814774021e+03
1.155684178610804793e+03 7.085671223814773839e+03
1.157884178610804838e+03 7.094471223814774021e+03
1.157884178610804838e+03 7.112071223814774385e+03
1.155684178610804793e+03 7.117571223814774385e+03
1.124884178610804838e+03 7.117571223814774385e+03
1.073184178610804793e+03 7.114271223814774203e+03
1.074284178610804929e+03 7.081271223814774203e+03
