1.017553210682492590e+03 3.521526563798219740e+03
1.018653210682492613e+03 3.518226563798219559e+03
1.020853210682492545e+03 3.512726563798219559e+03
1.023053210682492590e+03 3.508326563798219468e+03
1.042853210682492545e+03 3.473126563798219649e+03
1.045053210682492590e+03 3.470926563798219831e+03
1.049453210682492681e+03 3.468726563798219559e+03
1.063753210682492636e+03 3.463226563798219559e+03
1.097853210682492545e+03 3.497326563798219468e+03
1.124253210682492636e+03 3.536926563798219377e+03
1.124253210682492636e+03 3.564426563798219831e+03
1.095653210682492499e+03 3.589726563798219559e+03
1.078053210682492590e+03 3.597426563798219831e+03
1.074753210682492636e+03 3.598526563798219740e+03
1.067053210682492590e+03 3.599626563798219649e+03
1.052753210682492636e+03 3.599626563798219649e+03
1.050553210682492590e+03 3.598526563798219740e+03
1.025253210682492636e+03 3.580926563798219831e+03
1.023053210682492590e+03 3.578726563798219559e+03
1.020853210682492545e+03 3.574326563798219468e+03
1.017553210682492590e+03 3.560026563798219740e+03
1.017553210682492590e+03 3.521526563798219740e+03
