1.470875300400534115e+03 1.116918059635068857e+03
1.544575300400533933e+03 1.097118059635068903e+03
1.585275300400533979e+03 1.097118059635068903e+03
1.645775300400533979e+03 1.125718059635069039e+03
1.647975300400534024e+03 1.126818059635068948e+03
1.690875300400534115e+03 1.148818059635068948e+03
1.694175300400534070e+03 1.153218059635069039e+03
1.698575300400534161e+03 1.171918059635068857e+03
1.698575300400534161e+03 1.176318059635068948e+03
1.544575300400533933e+03 1.206018059635068994e+03
1.511575300400533933e+03 1.206018059635068994e+03
1.496175300400534070e+03 1.186218059635069039e+03
1.470875300400534115e+03 1.116918059635068857e+03
