8.338177232762609492e+02 7.127789495603887190e+03
8.349177232762609719e+02 7.125589495603887372e+03
8.514177232762609719e+02 7.104689495603886826e+03
8.602177232762610402e+02 7.093689495603886826e+03
8.613177232762609492e+02 7.092589495603887372e+03
8.965177232762609947e+02 7.092589495603887372e+03
9.119177232762609719e+02 7.094789495603887190e+03
9.141177232762610174e+02 7.095889495603887553e+03
9.174177232762609719e+02 7.131089495603887372e+03
9.174177232762609719e+02 7.165189495603886826e+03
9.020177232762609947e+02 7.168489495603887008e+03
8.866177232762610174e+02 7.168489495603887008e+03
8.437177232762610402e+02 7.155289495603887190e+03
8.415177232762609947e+02 7.154189495603886826e+03
8.349177232762609719e+02 7.147589495603887372e+03
8.338177232762609492e+02 7.145389495603887553e+03
8.338177232762609492e+02 7.127789495603887190e+03
