1.638147255915688902e+03 1.798744660966394804e+03
1.730547255915688993e+03 1.719544660966394986e+03
1.740447255915689084e+03 1.719544660966394986e+03
1.742647255915688902e+03 1.720644660966394895e+03
1.776747255915689038e+03 1.751444660966394849e+03
1.777847255915688947e+03 1.752544660966394986e+03
1.777847255915688947e+03 1.813044660966394986e+03
1.751447255915689084e+03 1.869144660966394895e+03
1.730547255915688993e+03 1.890044660966394986e+03
1.715147255915688902e+03 1.890044660966394986e+03
1.638147255915688902e+03 1.798744660966394804e+03
