1.476541404011461282e+03 7.082558370855505927e+03
1.497441404011461373e+03 7.082558370855505927e+03
1.551341404011461236e+03 7.092458370855505564e+03
1.581041404011461282e+03 7.122158370855505382e+03
1.581041404011461282e+03 7.124358370855505200e+03
1.579941404011461373e+03 7.125458370855505564e+03
1.563441404011461373e+03 7.135358370855505200e+03
1.545841404011461236e+03 7.145258370855505746e+03
1.543641404011461418e+03 7.146358370855505200e+03
1.529341404011461236e+03 7.150758370855505746e+03
1.521641404011461418e+03 7.151858370855505200e+03
1.463341404011461236e+03 7.151858370855505200e+03
1.463341404011461236e+03 7.122158370855505382e+03
1.476541404011461282e+03 7.082558370855505927e+03
