1.222138504045786476e+03 6.253039668442865150e+03
1.221038504045786340e+03 6.249739668442865877e+03
1.219938504045786431e+03 6.243139668442865513e+03
1.219938504045786431e+03 6.231039668442865150e+03
1.226538504045786340e+03 6.216739668442865877e+03
1.238638504045786476e+03 6.216739668442865877e+03
1.291438504045786431e+03 6.218939668442865695e+03
1.301338504045786522e+03 6.267339668442865332e+03
1.301338504045786522e+03 6.308039668442866059e+03
1.285938504045786431e+03 6.323439668442865695e+03
1.284838504045786522e+03 6.323439668442865695e+03
1.268338504045786522e+03 6.315739668442865877e+03
1.249638504045786476e+03 6.298139668442865513e+03
1.247438504045786431e+03 6.295939668442865695e+03
1.228738504045786385e+03 6.265139668442865513e+03
1.222138504045786476e+03 6.253039668442865150e+03
