1.480218243961719509e+03 6.155783077624182908e+01
1.515418243961719554e+03 4.175783077624183193e+01
1.559418243961719554e+03 4.175783077624183193e+01
1.566018243961719691e+03 4.835783077624183335e+01
1.579218243961719509e+03 6.375783077624183193e+01
1.579218243961719509e+03 1.308578307762418262e+02
1.572618243961719600e+03 1.374578307762418490e+02
1.570418243961719554e+03 1.385578307762418433e+02
1.557218243961719509e+03 1.385578307762418433e+02
1.505518243961719463e+03 1.352578307762418319e+02
1.480218243961719509e+03 1.099578307762418348e+02
1.480218243961719509e+03 6.155783077624182908e+01
