1.811701854775059246e+03 7.076994238358326584e+03
1.831501854775059201e+03 7.062694238358326402e+03
1.833701854775059246e+03 7.061594238358326947e+03
1.861201854775059246e+03 7.050594238358326947e+03
1.872201854775059246e+03 7.050594238358326947e+03
1.872201854775059246e+03 7.122094238358326947e+03
1.857901854775059292e+03 7.122094238358326947e+03
1.829301854775059155e+03 7.113294238358326766e+03
1.818301854775059155e+03 7.108894238358327129e+03
1.811701854775059246e+03 7.089094238358326947e+03
1.811701854775059246e+03 7.076994238358326584e+03
