1.788535706249360828e+03 4.039762340186151050e+03
1.813835706249360783e+03 3.977062340186151232e+03
1.816035706249360828e+03 3.972662340186151141e+03
1.820435706249360692e+03 3.964962340186151323e+03
1.831435706249360692e+03 3.953962340186151323e+03
1.856735706249360646e+03 3.952862340186150959e+03
1.873235706249360646e+03 3.952862340186150959e+03
1.873235706249360646e+03 4.124462340186150868e+03
1.851235706249360646e+03 4.124462340186150868e+03
1.836935706249360692e+03 4.122262340186151050e+03
1.833635706249360737e+03 4.121162340186151596e+03
1.822635706249360737e+03 4.115662340186151596e+03
1.814935706249360692e+03 4.111262340186151050e+03
1.811635706249360737e+03 4.109062340186151232e+03
1.794035706249360828e+03 4.091462340186151323e+03
1.784135706249360737e+03 4.073862340186151414e+03
1.784135706249360737e+03 4.054062340186151232e+03
1.788535706249360828e+03 4.039762340186151050e+03
