9.106904481132075944e+02 8.143479264937106564e+03
9.150904481132075716e+02 8.131379264937107109e+03
9.161904481132075944e+02 8.130279264937106745e+03
9.260904481132075716e+02 8.121479264937106564e+03
9.348904481132075261e+02 8.115979264937106564e+03
9.447904481132075034e+02 8.110479264937106564e+03
9.634904481132075489e+02 8.107179264937107291e+03
9.799904481132075489e+02 8.107179264937107291e+03
9.821904481132075944e+02 8.108279264937106745e+03
9.898904481132075261e+02 8.112679264937107291e+03
9.964904481132075489e+02 8.119279264937106745e+03
1.000890448113207526e+03 8.148979264937106564e+03
1.000890448113207526e+03 8.158879264937107109e+03
9.986904481132075944e+02 8.175379264937107109e+03
9.964904481132075489e+02 8.179779264937106745e+03
9.942904481132075034e+02 8.183079264937106927e+03
9.931904481132075944e+02 8.184179264937107291e+03
9.909904481132075489e+02 8.185279264937106745e+03
9.656904481132075944e+02 8.188579264937106927e+03
9.524904481132075489e+02 8.188579264937106927e+03
9.447904481132075034e+02 8.187479264937106564e+03
9.304904481132075489e+02 8.185279264937106745e+03
9.161904481132075944e+02 8.170979264937106564e+03
9.106904481132075944e+02 8.163279264937106745e+03
9.106904481132075944e+02 8.143479264937106564e+03
