5.113263389470490097e+02 6.471950553785464763e+03
5.113263389470490097e+02 6.462050553785465127e+03
5.124263389470489756e+02 6.458750553785464945e+03
5.135263389470489983e+02 6.456550553785465127e+03
5.300263389470489983e+02 6.429050553785465127e+03
5.674263389470489756e+02 6.429050553785465127e+03
6.147263389470490438e+02 6.454350553785465308e+03
6.147263389470490438e+02 6.482950553785464763e+03
5.817263389470490438e+02 6.565450553785464763e+03
5.707263389470490438e+02 6.562150553785464581e+03
5.674263389470489756e+02 6.561050553785465127e+03
5.597263389470490438e+02 6.553350553785465308e+03
5.289263389470489756e+02 6.511550553785465127e+03
5.113263389470490097e+02 6.471950553785464763e+03
