1.359255909752547268e+03 1.140645203784570640e+03
1.359255909752547268e+03 1.128545203784570504e+03
1.360355909752547404e+03 1.113145203784570640e+03
1.370255909752547268e+03 1.091145203784570640e+03
1.380155909752547359e+03 1.079045203784570504e+03
1.381255909752547268e+03 1.077945203784570595e+03
1.393355909752547404e+03 1.066945203784570595e+03
1.395555909752547223e+03 1.065845203784570685e+03
1.412055909752547223e+03 1.065845203784570685e+03
1.424155909752547359e+03 1.066945203784570595e+03
1.439555909752547223e+03 1.073545203784570504e+03
1.440655909752547359e+03 1.074645203784570640e+03
1.470355909752547404e+03 1.119745203784570549e+03
1.479155909752547359e+03 1.139545203784570504e+03
1.483555909752547223e+03 1.172545203784570504e+03
1.485755909752547268e+03 1.200045203784570504e+03
1.485755909752547268e+03 1.215445203784570595e+03
1.482455909752547313e+03 1.231945203784570595e+03
1.481355909752547404e+03 1.233045203784570504e+03
1.478055909752547223e+03 1.234145203784570640e+03
1.456055909752547223e+03 1.236345203784570685e+03
1.436255909752547268e+03 1.236345203784570685e+03
1.412055909752547223e+03 1.231945203784570595e+03
1.398855909752547404e+03 1.225345203784570685e+03
1.390055909752547223e+03 1.218745203784570549e+03
1.388955909752547313e+03 1.217645203784570640e+03
1.379055909752547223e+03 1.205545203784570504e+03
1.363655909752547359e+03 1.179145203784570640e+03
1.362555909752547223e+03 1.176945203784570595e+03
1.361455909752547313e+03 1.173645203784570640e+03
1.359255909752547268e+03 1.140645203784570640e+03
