9.530732698560148037e+02 7.953986762656758401e+03
9.530732698560148037e+02 7.951786762656757674e+03
9.772732698560148492e+02 7.924286762656757674e+03
9.794732698560148947e+02 7.922086762656757855e+03
9.882732698560148492e+02 7.916586762656757855e+03
9.937732698560148492e+02 7.915486762656758401e+03
1.005873269856014872e+03 7.915486762656758401e+03
1.021273269856014849e+03 7.919886762656758037e+03
1.023473269856014895e+03 7.920986762656758401e+03
1.059773269856014849e+03 7.945186762656758219e+03
1.059773269856014849e+03 7.951786762656757674e+03
1.035573269856014804e+03 7.993586762656757855e+03
1.024573269856014804e+03 7.993586762656757855e+03
9.981732698560148265e+02 7.991386762656758037e+03
9.948732698560148719e+02 7.990286762656757674e+03
9.926732698560148265e+02 7.989186762656758219e+03
9.893732698560148719e+02 7.986986762656758401e+03
9.816732698560148265e+02 7.981486762656758401e+03
9.530732698560148037e+02 7.953986762656758401e+03
