1.363203987172634925e+03 1.908889246392303676e+03
1.357703987172634925e+03 1.900089246392303494e+03
1.356603987172635016e+03 1.897889246392303676e+03
1.356603987172635016e+03 1.875889246392303676e+03
1.366503987172634879e+03 1.861589246392303494e+03
1.412703987172634925e+03 1.854989246392303585e+03
1.429203987172634925e+03 1.854989246392303585e+03
1.533703987172634925e+03 1.901189246392303630e+03
1.533703987172634925e+03 1.922089246392303494e+03
1.531503987172634879e+03 1.931989246392303585e+03
1.529303987172635061e+03 1.934189246392303630e+03
1.520503987172634879e+03 1.938589246392303494e+03
1.508403987172634970e+03 1.944089246392303494e+03
1.465503987172634879e+03 1.962789246392303539e+03
1.429203987172634925e+03 1.962789246392303539e+03
1.384103987172635016e+03 1.933089246392303494e+03
1.363203987172634925e+03 1.908889246392303676e+03
