1.726467062487833346e+03 3.563236908701576795e+03
1.730867062487833437e+03 3.558836908701576704e+03
1.733067062487833482e+03 3.557736908701576795e+03
1.775967062487833346e+03 3.556636908701576886e+03
1.789167062487833391e+03 3.556636908701576886e+03
1.807867062487833437e+03 3.563236908701576795e+03
1.810067062487833482e+03 3.564336908701576704e+03
1.837567062487833482e+03 3.588536908701576976e+03
1.837567062487833482e+03 3.594036908701576976e+03
1.811167062487833391e+03 3.632536908701576976e+03
1.782567062487833482e+03 3.668836908701576704e+03
1.726467062487833346e+03 3.594036908701576976e+03
1.726467062487833346e+03 3.563236908701576795e+03
