1.133774446470435123e+03 3.246849023183120607e+03
1.137074446470435078e+03 3.242449023183120516e+03
1.187674446470434987e+03 3.189649023183120789e+03
1.200874446470435032e+03 3.189649023183120789e+03
1.223974446470434941e+03 3.194049023183120426e+03
1.232774446470435123e+03 3.196249023183120698e+03
1.245974446470434941e+03 3.200649023183120789e+03
1.255874446470435032e+03 3.222649023183120789e+03
1.260274446470435123e+03 3.241349023183120607e+03
1.261374446470435032e+03 3.246849023183120607e+03
1.263574446470435078e+03 3.276549023183120426e+03
1.263574446470435078e+03 3.286449023183120516e+03
1.262474446470434941e+03 3.288649023183120789e+03
1.256974446470434941e+03 3.296349023183120607e+03
1.254774446470435123e+03 3.298549023183120426e+03
1.249274446470435123e+03 3.301849023183120607e+03
1.247074446470435078e+03 3.302949023183120516e+03
1.239374446470435032e+03 3.306249023183120698e+03
1.228374446470435032e+03 3.309549023183120426e+03
1.215174446470434987e+03 3.309549023183120426e+03
1.133774446470435123e+03 3.246849023183120607e+03
