8.827231184503016266e+02 2.909684534772943607e+03
9.476231184503017175e+02 2.856884534772943880e+03
9.520231184503016948e+02 2.856884534772943880e+03
9.894231184503016721e+02 2.876684534772943607e+03
1.005923118450301672e+03 2.930584534772943698e+03
1.005923118450301672e+03 2.965784534772943971e+03
9.861231184503017175e+02 3.004284534772943971e+03
9.476231184503017175e+02 3.004284534772943971e+03
9.102231184503016266e+02 2.970184534772943607e+03
9.080231184503016948e+02 2.966884534772943880e+03
9.069231184503016721e+02 2.964684534772943607e+03
8.827231184503016266e+02 2.909684534772943607e+03
