1.797066056338028147e+03 1.088203943661971834e+03
1.798166056338028284e+03 1.086003943661971789e+03
1.808066056338028147e+03 1.067303943661971743e+03
1.809166056338028056e+03 1.066203943661971834e+03
1.825666056338028056e+03 1.051903943661971880e+03
1.839966056338028238e+03 1.051903943661971880e+03
1.854266056338028193e+03 1.053003943661971789e+03
1.872966056338028238e+03 1.066203943661971834e+03
1.872966056338028238e+03 1.198203943661971834e+03
1.843266056338028193e+03 1.198203943661971834e+03
1.797066056338028147e+03 1.132203943661971834e+03
1.797066056338028147e+03 1.088203943661971834e+03
