2.580361754966887702e+02 2.972503228476821278e+03
2.679361754966887474e+02 2.924103228476821187e+03
3.306361754966887361e+02 2.924103228476821187e+03
3.493361754966887247e+02 2.942803228476821005e+03
3.493361754966887247e+02 2.989003228476821278e+03
3.031361754966887361e+02 3.055003228476821278e+03
2.877361754966887588e+02 3.048403228476821369e+03
2.833361754966887247e+02 3.044003228476821278e+03
2.646361754966887361e+02 3.023103228476821187e+03
2.613361754966887247e+02 3.015403228476821369e+03
2.558361754966887247e+02 3.001103228476821187e+03
2.558361754966887247e+02 2.989003228476821278e+03
2.580361754966887702e+02 2.972503228476821278e+03
