1.758715475089203210e+03 6.552782344390115213e+03
1.760915475089203028e+03 6.549482344390115031e+03
1.770815475089203119e+03 6.539582344390115395e+03
1.773015475089203164e+03 6.538482344390115031e+03
1.791715475089203210e+03 6.532982344390115031e+03
1.796115475089203073e+03 6.531882344390114667e+03
1.807115475089203073e+03 6.531882344390114667e+03
1.876415475089203028e+03 6.536282344390115213e+03
1.876415475089203028e+03 6.563782344390115213e+03
1.865415475089203028e+03 6.587982344390115031e+03
1.862115475089203073e+03 6.594582344390115395e+03
1.861015475089203164e+03 6.595682344390114849e+03
1.837915475089203028e+03 6.612182344390114849e+03
1.798315475089203119e+03 6.625382344390114667e+03
1.765315475089203119e+03 6.625382344390114667e+03
1.749915475089203028e+03 6.615482344390115031e+03
1.745515475089203164e+03 6.612182344390114849e+03
1.744415475089203028e+03 6.611082344390115395e+03
1.744415475089203028e+03 6.578082344390115395e+03
1.758715475089203210e+03 6.552782344390115213e+03
