1.925543850380388733e+02 6.556670107776838449e+03
2.057543850380388903e+02 6.506070107776838995e+03
2.255543850380388733e+02 6.498370107776838267e+03
2.288543850380388847e+02 6.497270107776838813e+03
2.387543850380388903e+02 6.497270107776838813e+03
2.552543850380388903e+02 6.499470107776838631e+03
3.069543850380388790e+02 6.556670107776838449e+03
3.069543850380388790e+02 6.558870107776838267e+03
2.585543850380389017e+02 6.640270107776838813e+03
2.552543850380388903e+02 6.645770107776838813e+03
2.530543850380388733e+02 6.647970107776838631e+03
2.409543850380388790e+02 6.647970107776838631e+03
2.134543850380388790e+02 6.642470107776838631e+03
2.046543850380388676e+02 6.633670107776838449e+03
2.024543850380388790e+02 6.628170107776838449e+03
1.925543850380388733e+02 6.589670107776838449e+03
1.925543850380388733e+02 6.556670107776838449e+03
