1.025415686501504979e+03 1.186946364899282116e+03
1.027615686501505024e+03 1.173746364899282298e+03
1.035315686501505070e+03 1.163846364899282207e+03
1.045215686501504933e+03 1.151746364899282298e+03
1.046315686501505070e+03 1.150646364899282162e+03
1.048515686501504888e+03 1.149546364899282253e+03
1.059515686501504888e+03 1.147346364899282207e+03
1.078215686501504933e+03 1.147346364899282207e+03
1.124415686501504979e+03 1.151746364899282298e+03
1.124415686501504979e+03 1.208946364899282344e+03
1.121115686501505024e+03 1.250746364899282298e+03
1.098015686501504888e+03 1.273846364899282207e+03
1.060615686501505024e+03 1.272746364899282298e+03
1.054015686501504888e+03 1.269446364899282344e+03
1.039715686501504933e+03 1.252946364899282344e+03
1.026515686501504888e+03 1.229846364899282207e+03
1.025415686501504979e+03 1.227646364899282162e+03
1.025415686501504979e+03 1.186946364899282116e+03
