1.125044073748902520e+03 1.566847717295873508e+03
1.145944073748902611e+03 1.551447717295873645e+03
1.152544073748902520e+03 1.549247717295873599e+03
1.165744073748902565e+03 1.549247717295873599e+03
1.205344073748902474e+03 1.566847717295873508e+03
1.207544073748902520e+03 1.567947717295873645e+03
1.211944073748902611e+03 1.571247717295873599e+03
1.231744073748902565e+03 1.599847717295873508e+03
1.232844073748902474e+03 1.602047717295873554e+03
1.236144073748902656e+03 1.615247717295873599e+03
1.236144073748902656e+03 1.632847717295873508e+03
1.235044073748902520e+03 1.636147717295873463e+03
1.232844073748902474e+03 1.639447717295873645e+03
1.219644073748902429e+03 1.649347717295873508e+03
1.175644073748902429e+03 1.649347717295873508e+03
1.142644073748902429e+03 1.626247717295873599e+03
1.125044073748902520e+03 1.608647717295873690e+03
1.125044073748902520e+03 1.566847717295873508e+03
