1.386357039267498294e+03 2.689952786824801933e+03
1.386357039267498294e+03 2.674552786824801842e+03
1.387457039267498203e+03 2.655852786824802024e+03
1.391857039267498294e+03 2.641552786824801842e+03
1.394057039267498340e+03 2.637152786824801751e+03
1.398457039267498203e+03 2.629452786824801933e+03
1.401757039267498385e+03 2.625052786824801842e+03
1.402857039267498294e+03 2.623952786824801933e+03
1.411657039267498249e+03 2.617352786824802024e+03
1.449057039267498340e+03 2.604152786824801751e+03
1.464457039267498203e+03 2.604152786824801751e+03
1.485357039267498294e+03 2.610752786824801660e+03
1.537057039267498340e+03 2.662452786824801933e+03
1.550257039267498385e+03 2.694352786824802024e+03
1.550257039267498385e+03 2.711952786824801933e+03
1.540357039267498294e+03 2.738352786824802024e+03
1.539257039267498385e+03 2.740552786824801842e+03
1.519457039267498430e+03 2.775752786824801660e+03
1.513957039267498203e+03 2.781252786824801660e+03
1.508457039267498203e+03 2.785652786824801751e+03
1.506257039267498385e+03 2.786752786824801660e+03
1.495257039267498385e+03 2.786752786824801660e+03
1.484257039267498385e+03 2.785652786824801751e+03
1.455657039267498249e+03 2.769152786824801751e+03
1.454557039267498340e+03 2.768052786824801842e+03
1.395157039267498249e+03 2.704252786824801660e+03
1.387457039267498203e+03 2.692152786824801751e+03
1.386357039267498294e+03 2.689952786824801933e+03
