8.589745734359316884e+02 3.197949615255938625e+03
8.886745734359317339e+02 3.168249615255938352e+03
8.919745734359316884e+02 3.168249615255938352e+03
9.348745734359317794e+02 3.195749615255938352e+03
9.348745734359317794e+02 3.247449615255938625e+03
8.985745734359317112e+02 3.294749615255938352e+03
8.908745734359317794e+02 3.294749615255938352e+03
8.391745734359317339e+02 3.255149615255938443e+03
8.391745734359317339e+02 3.247449615255938625e+03
8.589745734359316884e+02 3.197949615255938625e+03
