1.453951803499327070e+03 5.142787577388963655e+03
1.504551803499326979e+03 5.094387577388964019e+03
1.560651803499327116e+03 5.094387577388964019e+03
1.562851803499327161e+03 5.095487577388963473e+03
1.566151803499327116e+03 5.097687577388963291e+03
1.569451803499327070e+03 5.100987577388963473e+03
1.572751803499327025e+03 5.105387577388964019e+03
1.572751803499327025e+03 5.116387577388964019e+03
1.567251803499327025e+03 5.147187577388963291e+03
1.566151803499327116e+03 5.149387577388964019e+03
1.541951803499327070e+03 5.173587577388963837e+03
1.537551803499326979e+03 5.176887577388964019e+03
1.534251803499327025e+03 5.179087577388963837e+03
1.532051803499326979e+03 5.180187577388963291e+03
1.501251803499327025e+03 5.192287577388963655e+03
1.497951803499327070e+03 5.193387577388964019e+03
1.478151803499327116e+03 5.196687577388963291e+03
1.464951803499327070e+03 5.196687577388963291e+03
1.456151803499327116e+03 5.191187577388963291e+03
1.445151803499327116e+03 5.177987577388963473e+03
1.444051803499326979e+03 5.169187577388963291e+03
1.444051803499326979e+03 5.158187577388963291e+03
1.445151803499327116e+03 5.154887577388964019e+03
1.448451803499327070e+03 5.148287577388963655e+03
1.453951803499327070e+03 5.142787577388963655e+03
