1.657392504842795461e+03 9.623995157204589077e+02
1.696992504842795370e+03 9.139995157204589304e+02
1.735492504842795370e+03 8.974995157204589304e+02
1.780592504842795506e+03 8.974995157204589304e+02
1.797092504842795506e+03 9.161995157204589759e+02
1.804792504842795324e+03 9.282995157204589987e+02
1.806992504842795370e+03 9.348995157204589077e+02
1.809192504842795415e+03 9.513995157204589077e+02
1.809192504842795415e+03 9.689995157204589304e+02
1.804792504842795324e+03 1.008599515720458953e+03
1.787192504842795415e+03 1.031699515720458976e+03
1.779492504842795370e+03 1.039399515720459021e+03
1.735492504842795370e+03 1.039399515720459021e+03
1.683792504842795324e+03 1.022899515720458908e+03
1.662892504842795461e+03 9.865995157204589532e+02
1.661792504842795324e+03 9.843995157204589077e+02
1.657392504842795461e+03 9.711995157204589759e+02
1.657392504842795461e+03 9.623995157204589077e+02
