1.198611576044129151e+03 5.150305161544522889e+03
1.199711576044129288e+03 5.144805161544522889e+03
1.200811576044129197e+03 5.141505161544523617e+03
1.201911576044129333e+03 5.139305161544522889e+03
1.209611576044129151e+03 5.134905161544523253e+03
1.211811576044129197e+03 5.133805161544522889e+03
1.216211576044129288e+03 5.132705161544523435e+03
1.226111576044129151e+03 5.132705161544523435e+03
1.298711576044129288e+03 5.148105161544523071e+03
1.298711576044129288e+03 5.188805161544522889e+03
1.278911576044129333e+03 5.255905161544523253e+03
1.262411576044129333e+03 5.299905161544523253e+03
1.258011576044129242e+03 5.306505161544523617e+03
1.240411576044129333e+03 5.327405161544523253e+03
1.204111576044129151e+03 5.345005161544523617e+03
1.197511576044129242e+03 5.346105161544523071e+03
1.178811576044129197e+03 5.346105161544523071e+03
1.175511576044129242e+03 5.343905161544523253e+03
1.174411576044129333e+03 5.342805161544522889e+03
1.172211576044129288e+03 5.338405161544523253e+03
1.170011576044129242e+03 5.331805161544522889e+03
1.170011576044129242e+03 5.318605161544523071e+03
1.198611576044129151e+03 5.150305161544522889e+03
