8.466653534998241639e+02 7.495138761871262432e+03
8.477653534998240730e+02 7.492938761871262614e+03
8.499653534998241184e+02 7.489638761871262432e+03
8.510653534998241412e+02 7.488538761871262977e+03
8.532653534998241867e+02 7.487438761871262614e+03
8.730653534998241412e+02 7.479738761871262795e+03
8.851653534998241639e+02 7.479738761871262795e+03
8.994653534998241184e+02 7.481938761871262614e+03
8.994653534998241184e+02 7.513838761871263159e+03
8.906653534998241639e+02 7.556738761871262795e+03
8.763653534998240957e+02 7.556738761871262795e+03
8.697653534998241867e+02 7.553438761871262614e+03
8.477653534998240730e+02 7.538038761871262977e+03
8.455653534998241412e+02 7.535838761871263159e+03
8.422653534998240730e+02 7.529238761871262795e+03
8.422653534998240730e+02 7.518238761871262795e+03
8.466653534998241639e+02 7.495138761871262432e+03
