1.657828723728297291e+03 2.240872149456797615e+03
1.658928723728297200e+03 2.190272149456797706e+03
1.665528723728297336e+03 2.189172149456797797e+03
1.711728723728297382e+03 2.189172149456797797e+03
1.800828723728297291e+03 2.225472149456797524e+03
1.800828723728297291e+03 2.228772149456797706e+03
1.798628723728297246e+03 2.233172149456797797e+03
1.739228723728297382e+03 2.322272149456797706e+03
1.738128723728297246e+03 2.323372149456797615e+03
1.735928723728297200e+03 2.324472149456797524e+03
1.730428723728297200e+03 2.325572149456797888e+03
1.723828723728297291e+03 2.326672149456797797e+03
1.711728723728297382e+03 2.326672149456797797e+03
1.708428723728297200e+03 2.325572149456797888e+03
1.678728723728297382e+03 2.302472149456797524e+03
1.672128723728297246e+03 2.293672149456797797e+03
1.660028723728297336e+03 2.261772149456797706e+03
1.657828723728297291e+03 2.254072149456797888e+03
1.657828723728297291e+03 2.240872149456797615e+03
