7.004552663837812361e+02 4.721257227722771859e+03
6.982552663837811906e+02 4.719057227722772041e+03
6.982552663837811906e+02 4.706957227722772586e+03
8.016552663837812815e+02 4.670657227722772404e+03
8.236552663837812815e+02 4.670657227722772404e+03
8.885552663837812588e+02 4.688257227722771859e+03
8.918552663837812133e+02 4.689357227722772222e+03
8.973552663837812133e+02 4.691557227722772041e+03
9.017552663837811906e+02 4.695957227722772586e+03
9.050552663837812588e+02 4.705857227722772222e+03
9.050552663837812588e+02 4.716857227722772222e+03
9.039552663837812361e+02 4.720157227722772404e+03
8.445552663837812588e+02 4.800457227722772586e+03
8.434552663837812361e+02 4.801557227722772041e+03
8.291552663837812815e+02 4.810357227722772222e+03
8.170552663837812588e+02 4.810357227722772222e+03
7.004552663837812361e+02 4.721257227722771859e+03
