3.388500070551714316e+01 6.092667292225200981e+03
4.048500070551713748e+01 6.071767292225201345e+03
5.038500070551714316e+01 6.061867292225200799e+03
7.458500070551714600e+01 6.048667292225200981e+03
7.678500070551714884e+01 6.047567292225200617e+03
1.009850007055171375e+02 6.047567292225200617e+03
1.218850007055171432e+02 6.049767292225201345e+03
1.339850007055171375e+02 6.059667292225200981e+03
1.350850007055171318e+02 6.060767292225201345e+03
1.383850007055171432e+02 6.068467292225201163e+03
1.394850007055171659e+02 6.071767292225201345e+03
1.427850007055171488e+02 6.097067292225201527e+03
1.427850007055171488e+02 6.113567292225201527e+03
1.372850007055171488e+02 6.122367292225200799e+03
1.361850007055171545e+02 6.123467292225201163e+03
1.119850007055171375e+02 6.144367292225200799e+03
1.097850007055171488e+02 6.145467292225201163e+03
1.042850007055171488e+02 6.147667292225200981e+03
9.218500070551714032e+01 6.148767292225201345e+03
8.008500070551714600e+01 6.148767292225201345e+03
7.018500070551714032e+01 6.146567292225201527e+03
5.258500070551713890e+01 6.128967292225201163e+03
4.268500070551714032e+01 6.116867292225200799e+03
3.498500070551713748e+01 6.106967292225201163e+03
3.388500070551714316e+01 6.104767292225201345e+03
3.388500070551714316e+01 6.092667292225200981e+03
