1.434243111171440148e+02 3.881815433690783266e+03
1.445243111171440091e+02 3.880715433690783357e+03
1.797243111171440262e+02 3.880715433690783357e+03
2.006243111171440319e+02 3.901615433690782993e+03
2.578243111171440205e+02 3.968715433690783357e+03
2.622243111171439978e+02 3.974215433690783357e+03
2.578243111171440205e+02 3.978615433690783448e+03
1.797243111171440262e+02 4.011615433690783448e+03
1.643243111171440205e+02 4.011615433690783448e+03
1.214243111171440148e+02 3.987415433690783175e+03
1.434243111171440148e+02 3.881815433690783266e+03
