6.083126691266912758e+02 4.605441743542435688e+03
6.314126691266912985e+02 4.604341743542435324e+03
6.325126691266913213e+02 4.604341743542435324e+03
6.831126691266912303e+02 4.654941743542435688e+03
6.831126691266912303e+02 4.657141743542435506e+03
6.754126691266912985e+02 4.683541743542435142e+03
6.721126691266912303e+02 4.686841743542435324e+03
6.501126691266912303e+02 4.704441743542435688e+03
6.303126691266912758e+02 4.715441743542435688e+03
6.270126691266912076e+02 4.716541743542435142e+03
6.149126691266912985e+02 4.716541743542435142e+03
5.874126691266912985e+02 4.713241743542435870e+03
5.764126691266912985e+02 4.705541743542435142e+03
5.742126691266912530e+02 4.701141743542435506e+03
5.742126691266912530e+02 4.674741743542435870e+03
6.083126691266912758e+02 4.605441743542435688e+03
