8.552887067395264467e+02 3.495034346539162016e+03
8.981887067395264239e+02 3.486234346539162289e+03
9.179887067395263784e+02 3.486234346539162289e+03
9.212887067395264467e+02 3.487334346539162198e+03
9.410887067395264012e+02 3.501634346539161925e+03
9.421887067395264239e+02 3.502734346539162289e+03
9.498887067395264694e+02 3.517034346539162016e+03
9.498887067395264694e+02 3.544534346539162016e+03
9.135887067395264012e+02 3.633634346539161925e+03
8.970887067395264012e+02 3.650134346539161925e+03
8.530887067395264012e+02 3.650134346539161925e+03
8.552887067395264467e+02 3.495034346539162016e+03
