1.378446698113207503e+03 3.330047652479157478e+03
1.382846698113207594e+03 3.330047652479157478e+03
1.435646698113207549e+03 3.333347652479157659e+03
1.438946698113207503e+03 3.336647652479157387e+03
1.438946698113207503e+03 3.396047652479157478e+03
1.396046698113207640e+03 3.454347652479157659e+03
1.394946698113207503e+03 3.455447652479157568e+03
1.361946698113207503e+03 3.484047652479157478e+03
1.358646698113207549e+03 3.486247652479157296e+03
1.348746698113207458e+03 3.486247652479157296e+03
1.316846698113207594e+03 3.465347652479157659e+03
1.298146698113207549e+03 3.422447652479157568e+03
1.378446698113207503e+03 3.330047652479157478e+03
