4.521281137909709287e+02 1.629980408163265338e+03
4.521281137909709287e+02 1.620080408163265247e+03
5.071281137909709287e+02 1.590380408163265201e+03
5.302281137909709514e+02 1.590380408163265201e+03
5.423281137909709742e+02 1.601380408163265201e+03
5.456281137909709287e+02 1.604680408163265383e+03
5.555281137909709059e+02 1.615680408163265383e+03
5.687281137909709514e+02 1.654180408163265383e+03
5.687281137909709514e+02 1.660780408163265292e+03
5.071281137909709287e+02 1.713580408163265247e+03
4.697281137909709514e+02 1.713580408163265247e+03
4.664281137909709400e+02 1.710280408163265292e+03
4.642281137909709514e+02 1.705880408163265429e+03
4.543281137909709173e+02 1.653080408163265247e+03
4.521281137909709287e+02 1.629980408163265338e+03
