1.067320564808110021e+03 2.966145401882693591e+02
1.068420564808110157e+03 2.933145401882693477e+02
1.069520564808110066e+03 2.911145401882693591e+02
1.071720564808110112e+03 2.878145401882693477e+02
1.073920564808110157e+03 2.856145401882693591e+02
1.115720564808110112e+03 2.636145401882693591e+02
1.122320564808110021e+03 2.625145401882693932e+02
1.135520564808110066e+03 2.625145401882693932e+02
1.149820564808110021e+03 2.669145401882693704e+02
1.168520564808110066e+03 2.845145401882693932e+02
1.189420564808110157e+03 3.164145401882693704e+02
1.191620564808109975e+03 3.208145401882693477e+02
1.191620564808109975e+03 3.373145401882693477e+02
1.189420564808110157e+03 3.439145401882693704e+02
1.188320564808110021e+03 3.461145401882693591e+02
1.183920564808110157e+03 3.505145401882693932e+02
1.175120564808109975e+03 3.549145401882693704e+02
1.167420564808110157e+03 3.571145401882693591e+02
1.156420564808110157e+03 3.571145401882693591e+02
1.094820564808110021e+03 3.450145401882693932e+02
1.071720564808110112e+03 3.252145401882693818e+02
1.070620564808109975e+03 3.241145401882693591e+02
1.067320564808110021e+03 3.197145401882693818e+02
1.067320564808110021e+03 2.966145401882693591e+02
