2.125441562873229771e+02 8.167008002047432456e+03
2.158441562873229884e+02 8.162608002047431910e+03
2.180441562873229771e+02 8.160408002047432092e+03
2.488441562873229884e+02 8.140608002047431910e+03
2.532441562873229941e+02 8.138408002047432092e+03
2.565441562873230055e+02 8.137308002047431728e+03
2.620441562873230055e+02 8.136208002047432274e+03
2.785441562873230055e+02 8.136208002047432274e+03
2.818441562873229600e+02 8.138408002047432092e+03
2.917441562873229941e+02 8.148308002047431728e+03
2.939441562873229827e+02 8.152708002047432274e+03
2.939441562873229827e+02 8.170308002047431728e+03
2.906441562873229714e+02 8.190108002047431910e+03
2.763441562873229600e+02 8.227508002047432456e+03
2.752441562873229941e+02 8.228608002047432819e+03
2.642441562873229941e+02 8.237408002047432092e+03
2.620441562873230055e+02 8.238508002047432456e+03
2.488441562873229884e+02 8.239608002047432819e+03
2.389441562873229827e+02 8.239608002047432819e+03
2.323441562873229884e+02 8.238508002047432456e+03
2.224441562873229827e+02 8.235208002047431364e+03
2.081441562873229714e+02 8.225308002047431728e+03
2.070441562873229771e+02 8.224208002047431364e+03
2.048441562873229884e+02 8.206608002047432819e+03
2.048441562873229884e+02 8.195608002047432819e+03
2.125441562873229771e+02 8.167008002047432456e+03
