1.581497875501411272e+03 1.453712316149160642e+03
1.581497875501411272e+03 1.443812316149160552e+03
1.630997875501411272e+03 1.417412316149160688e+03
1.651897875501411363e+03 1.417412316149160688e+03
1.667297875501411454e+03 1.419612316149160506e+03
1.667297875501411454e+03 1.465812316149160552e+03
1.663997875501411272e+03 1.528512316149160597e+03
1.662897875501411363e+03 1.529612316149160506e+03
1.649697875501411318e+03 1.540612316149160506e+03
1.630997875501411272e+03 1.545012316149160597e+03
1.613397875501411363e+03 1.545012316149160597e+03
1.612297875501411454e+03 1.543912316149160688e+03
1.605697875501411318e+03 1.527412316149160688e+03
1.595797875501411454e+03 1.502112316149160506e+03
1.594697875501411318e+03 1.498812316149160552e+03
1.581497875501411272e+03 1.453712316149160642e+03
