1.427278874001894792e+03 3.338963411828393419e+03
1.499878874001894701e+03 3.270763411828393600e+03
1.502078874001894746e+03 3.270763411828393600e+03
1.582378874001894701e+03 3.417063411828393782e+03
1.588978874001894610e+03 3.432463411828393419e+03
1.521878874001894701e+03 3.499563411828393782e+03
1.515278874001894792e+03 3.499563411828393782e+03
1.470178874001894656e+03 3.469863411828393509e+03
1.427278874001894792e+03 3.397263411828393600e+03
1.427278874001894792e+03 3.338963411828393419e+03
