5.236278079187347885e+02 5.415802793489553551e+03
5.511278079187349022e+02 5.388302793489553551e+03
5.753278079187348339e+02 5.388302793489553551e+03
5.951278079187349022e+02 5.435602793489553733e+03
5.951278079187349022e+02 5.491702793489553187e+03
5.720278079187348794e+02 5.536802793489553551e+03
5.577278079187348112e+02 5.551102793489553733e+03
5.566278079187349022e+02 5.551102793489553733e+03
5.214278079187348567e+02 5.536802793489553551e+03
4.983278079187348339e+02 5.517002793489553369e+03
4.972278079187348112e+02 5.515902793489553005e+03
4.950278079187348226e+02 5.511502793489553369e+03
4.950278079187348226e+02 5.492802793489553551e+03
5.236278079187347885e+02 5.415802793489553551e+03
