1.726346079295154254e+02 7.308601850220264168e+03
1.858346079295154141e+02 7.291001850220264714e+03
1.979346079295154084e+02 7.277801850220263987e+03
2.144346079295154084e+02 7.266801850220263987e+03
2.353346079295154141e+02 7.264601850220264168e+03
2.496346079295154254e+02 7.264601850220264168e+03
2.573346079295154141e+02 7.272301850220263987e+03
2.584346079295154368e+02 7.274501850220264714e+03
2.617346079295153913e+02 7.286601850220264168e+03
2.650346079295154027e+02 7.313001850220264714e+03
2.650346079295154027e+02 7.326201850220264532e+03
2.617346079295153913e+02 7.341601850220264168e+03
2.606346079295154254e+02 7.342701850220264532e+03
2.210346079295154311e+02 7.364701850220264532e+03
1.825346079295154027e+02 7.351501850220264714e+03
1.803346079295154141e+02 7.350401850220264350e+03
1.781346079295154254e+02 7.348201850220264532e+03
1.748346079295154141e+02 7.342701850220264532e+03
1.726346079295154254e+02 7.326201850220264532e+03
1.726346079295154254e+02 7.308601850220264168e+03
