7.325412467891720780e+02 1.471015125469274835e+03
7.314412467891720553e+02 1.468815125469274790e+03
7.314412467891720553e+02 1.452315125469274790e+03
7.325412467891720780e+02 1.428115125469274744e+03
7.457412467891721235e+02 1.414915125469274926e+03
7.919412467891720553e+02 1.414915125469274926e+03
8.293412467891721462e+02 1.434715125469274881e+03
8.557412467891721235e+02 1.485315125469274790e+03
8.557412467891721235e+02 1.501815125469274790e+03
8.491412467891721008e+02 1.526015125469274835e+03
8.480412467891720780e+02 1.528215125469274881e+03
8.370412467891720780e+02 1.544715125469274881e+03
8.326412467891721008e+02 1.549115125469274972e+03
8.084412467891720553e+02 1.552415125469274926e+03
7.875412467891720780e+02 1.552415125469274926e+03
7.831412467891721008e+02 1.550215125469274881e+03
7.798412467891721462e+02 1.546915125469274926e+03
7.600412467891720780e+02 1.524915125469274926e+03
7.325412467891720780e+02 1.471015125469274835e+03
