5.014534205752785851e+02 1.158614369007514824e+03
5.003534205752785624e+02 1.156414369007514779e+03
5.003534205752785624e+02 1.144314369007514870e+03
5.124534205752785283e+02 1.124514369007514915e+03
5.212534205752785965e+02 1.115714369007514961e+03
5.355534205752785510e+02 1.115714369007514961e+03
6.664534205752785283e+02 1.179514369007514915e+03
6.686534205752785738e+02 1.180614369007514824e+03
6.708534205752786193e+02 1.182814369007514870e+03
7.049534205752786420e+02 1.255414369007515006e+03
7.049534205752786420e+02 1.275214369007514961e+03
7.038534205752786193e+02 1.279614369007514824e+03
6.972534205752785965e+02 1.300514369007514915e+03
6.961534205752785738e+02 1.302714369007514961e+03
6.939534205752786420e+02 1.306014369007514915e+03
6.928534205752786193e+02 1.307114369007514824e+03
6.818534205752786193e+02 1.317014369007514915e+03
6.411534205752785738e+02 1.323614369007514824e+03
6.026534205752785738e+02 1.323614369007514824e+03
6.015534205752785510e+02 1.322514369007514915e+03
5.014534205752785851e+02 1.158614369007514824e+03
