3.350475368685283684e+01 2.113027141512394337e+03
5.880475368685283399e+01 2.064627141512394246e+03
6.320475368685283968e+01 2.059127141512394246e+03
1.171047536868528454e+02 2.005227141512394155e+03
1.270047536868528368e+02 2.001927141512393973e+03
1.369047536868528425e+02 2.001927141512393973e+03
1.391047536868528596e+02 2.003027141512394110e+03
1.468047536868528482e+02 2.007427141512394201e+03
1.567047536868528539e+02 2.016227141512394155e+03
1.578047536868528482e+02 2.017327141512394064e+03
1.589047536868528425e+02 2.019527141512394110e+03
1.600047536868528368e+02 2.022827141512394064e+03
1.633047536868528482e+02 2.135027141512394337e+03
1.633047536868528482e+02 2.159227141512394155e+03
1.622047536868528539e+02 2.172427141512393973e+03
1.556047536868528596e+02 2.194427141512393973e+03
1.512047536868528539e+02 2.207627141512394246e+03
1.479047536868528425e+02 2.214227141512394155e+03
1.424047536868528425e+02 2.221927141512393973e+03
1.193047536868528482e+02 2.252727141512394155e+03
1.050047536868528368e+02 2.267027141512394337e+03
7.970475368685283968e+01 2.267027141512394337e+03
3.350475368685283684e+01 2.175727141512394155e+03
3.350475368685283684e+01 2.113027141512394337e+03
