1.632859480385409597e+03 6.054106469373709842e+03
1.632859480385409597e+03 6.040906469373709115e+03
1.636159480385409552e+03 6.032106469373709842e+03
1.674659480385409552e+03 5.990306469373709660e+03
1.684559480385409415e+03 5.990306469373709660e+03
1.859459480385409506e+03 6.044206469373709297e+03
1.866059480385409643e+03 6.046406469373709115e+03
1.868259480385409461e+03 6.048606469373709842e+03
1.872659480385409552e+03 6.057406469373709115e+03
1.873759480385409461e+03 6.060706469373709297e+03
1.874859480385409597e+03 6.070606469373709842e+03
1.874859480385409597e+03 6.076106469373709842e+03
1.705459480385409506e+03 6.134406469373709115e+03
1.666959480385409506e+03 6.114606469373709842e+03
1.654859480385409597e+03 6.108006469373709479e+03
1.647159480385409552e+03 6.102506469373709479e+03
1.646059480385409415e+03 6.101406469373709115e+03
1.643859480385409597e+03 6.098106469373709842e+03
1.642759480385409461e+03 6.095906469373710024e+03
1.636159480385409552e+03 6.071706469373709297e+03
1.632859480385409597e+03 6.054106469373709842e+03
