1.780336344683808193e+03 1.597891313412091847e+02
1.780336344683808193e+03 1.476891313412091620e+02
1.783636344683808147e+03 1.278891313412091790e+02
1.784736344683808284e+03 1.256891313412091620e+02
1.785836344683808193e+03 1.245891313412091677e+02
1.789136344683808147e+03 1.223891313412091790e+02
1.791336344683808193e+03 1.212891313412091705e+02
1.835336344683808193e+03 1.113891313412091790e+02
1.860636344683808147e+03 1.058891313412091790e+02
1.873836344683808193e+03 1.058891313412091790e+02
1.873836344683808193e+03 2.103891313412091790e+02
1.871636344683808147e+03 2.114891313412091733e+02
1.855136344683808147e+03 2.136891313412091904e+02
1.841936344683808102e+03 2.136891313412091904e+02
1.801236344683808284e+03 2.114891313412091733e+02
1.796836344683808193e+03 2.092891313412091847e+02
1.793536344683808238e+03 2.070891313412091677e+02
1.789136344683808147e+03 2.026891313412091904e+02
1.781436344683808102e+03 1.674891313412091733e+02
1.780336344683808193e+03 1.597891313412091847e+02
