4.042945793514021489e+02 5.883885727714240602e+03
4.053945793514021716e+02 5.881685727714240784e+03
4.108945793514021716e+02 5.871785727714241148e+03
4.328945793514021716e+02 5.845385727714240602e+03
4.812945793514021489e+02 5.845385727714240602e+03
5.131945793514021261e+02 5.851985727714240966e+03
5.241945793514021261e+02 5.869585727714241330e+03
5.252945793514021489e+02 5.893785727714241148e+03
5.252945793514021489e+02 5.909185727714240784e+03
5.230945793514022171e+02 5.910285727714241148e+03
4.867945793514021489e+02 5.925685727714240784e+03
4.680945793514021602e+02 5.925685727714240784e+03
4.405945793514021602e+02 5.920185727714240784e+03
4.174945793514021375e+02 5.913585727714241330e+03
4.064945793514021375e+02 5.902585727714241330e+03
4.053945793514021716e+02 5.900385727714240602e+03
4.042945793514021489e+02 5.897085727714241330e+03
4.042945793514021489e+02 5.883885727714240602e+03
