9.471296382428940888e+02 3.108548824289405729e+03
9.504296382428940433e+02 3.098648824289405638e+03
9.625296382428940660e+02 3.063448824289405820e+03
9.735296382428940660e+02 3.052448824289405820e+03
9.790296382428940660e+02 3.052448824289405820e+03
1.012029638242894066e+03 3.063448824289405820e+03
1.014229638242894111e+03 3.064548824289405729e+03
1.017529638242894066e+03 3.066748824289405547e+03
1.020829638242894021e+03 3.070048824289405729e+03
1.021929638242894043e+03 3.072248824289405547e+03
1.023029638242894066e+03 3.075548824289405729e+03
1.030729638242893998e+03 3.105248824289405547e+03
1.032929638242894043e+03 3.114048824289405729e+03
1.034029638242893952e+03 3.119548824289405729e+03
1.034029638242893952e+03 3.134948824289405820e+03
1.030729638242893998e+03 3.162448824289405820e+03
1.029629638242894089e+03 3.164648824289405638e+03
1.020829638242894021e+03 3.174548824289405729e+03
1.018629638242894089e+03 3.176748824289405547e+03
1.004329638242894021e+03 3.187748824289405547e+03
1.001029638242894066e+03 3.188848824289405457e+03
9.911296382428940888e+02 3.188848824289405457e+03
9.790296382428940660e+02 3.187748824289405547e+03
9.746296382428940888e+02 3.186648824289405638e+03
9.669296382428940433e+02 3.184448824289405820e+03
9.647296382428939978e+02 3.182248824289405547e+03
9.482296382428939978e+02 3.158048824289405729e+03
9.460296382428940660e+02 3.153648824289405638e+03
9.427296382428939978e+02 3.145948824289405820e+03
9.427296382428939978e+02 3.132748824289405547e+03
9.471296382428940888e+02 3.108548824289405729e+03
