5.700134168624380209e+02 7.778028321587053142e+03
5.711134168624380436e+02 7.776928321587052778e+03
5.810134168624380209e+02 7.769228321587052960e+03
5.865134168624380209e+02 7.767028321587053142e+03
6.041134168624380436e+02 7.767028321587053142e+03
6.173134168624379754e+02 7.769228321587052960e+03
6.217134168624380663e+02 7.770328321587053324e+03
6.250134168624380209e+02 7.771428321587052778e+03
6.426134168624380436e+02 7.779128321587052596e+03
6.470134168624380209e+02 7.781328321587053324e+03
6.514134168624379981e+02 7.785728321587052960e+03
6.525134168624380209e+02 7.787928321587052778e+03
6.569134168624379981e+02 7.797828321587053324e+03
6.569134168624379981e+02 7.809928321587052778e+03
6.547134168624379527e+02 7.818728321587052960e+03
6.525134168624380209e+02 7.823128321587052596e+03
6.481134168624380436e+02 7.830828321587053324e+03
6.459134168624379981e+02 7.833028321587053142e+03
6.437134168624380663e+02 7.834128321587052596e+03
6.250134168624380209e+02 7.834128321587052596e+03
6.008134168624379754e+02 7.827528321587053142e+03
5.876134168624380436e+02 7.820928321587052778e+03
5.733134168624379754e+02 7.807728321587052960e+03
5.711134168624380436e+02 7.805528321587053142e+03
5.700134168624380209e+02 7.803328321587053324e+03
5.700134168624380209e+02 7.778028321587053142e+03
