1.746593609074560845e+03 8.316963065430903953e+03
1.746593609074560845e+03 8.305963065430903953e+03
1.749893609074560800e+03 8.296063065430902498e+03
1.756493609074560709e+03 8.286163065430902861e+03
1.757593609074560845e+03 8.285063065430902498e+03
1.782893609074560800e+03 8.275163065430902861e+03
1.796093609074560845e+03 8.270763065430903225e+03
1.809293609074560891e+03 8.270763065430903225e+03
1.827993609074560709e+03 8.281763065430903225e+03
1.829093609074560845e+03 8.282863065430903589e+03
1.836793609074560891e+03 8.297163065430902861e+03
1.841193609074560754e+03 8.305963065430903953e+03
1.842293609074560891e+03 8.309263065430903225e+03
1.842293609074560891e+03 8.322463065430903953e+03
1.841193609074560754e+03 8.364263065430903225e+03
1.835693609074560754e+03 8.369763065430903225e+03
1.826893609074560800e+03 8.374163065430902861e+03
1.788393609074560800e+03 8.390663065430902861e+03
1.778493609074560709e+03 8.390663065430902861e+03
1.771893609074560800e+03 8.387363065430903589e+03
1.768593609074560845e+03 8.385163065430902861e+03
1.767493609074560709e+03 8.384063065430902498e+03
1.756493609074560709e+03 8.366463065430903953e+03
1.755393609074560800e+03 8.363163065430902861e+03
1.746593609074560845e+03 8.316963065430903953e+03
