-9.439151554404148214e+00 7.448131757340242075e+03
4.608484455958432591e-01 7.443731757340241529e+03
1.280608484455958660e+02 7.442631757340242075e+03
1.456608484455958603e+02 7.442631757340242075e+03
1.599608484455958433e+02 7.448131757340242075e+03
1.742608484455958546e+02 7.455831757340241893e+03
1.808608484455958774e+02 7.460231757340241529e+03
1.830608484455958660e+02 7.462431757340242257e+03
1.841608484455958603e+02 7.480031757340241711e+03
1.841608484455958603e+02 7.491031757340241711e+03
1.808608484455958774e+02 7.497631757340242075e+03
1.698608484455958774e+02 7.510831757340241893e+03
1.577608484455958546e+02 7.520731757340241529e+03
1.467608484455958546e+02 7.520731757340241529e+03
1.181608484455958603e+02 7.519631757340242075e+03
9.396084844559585747e+01 7.517431757340242257e+03
-9.439151554404148214e+00 7.498731757340241529e+03
-9.439151554404148214e+00 7.448131757340242075e+03
