1.077134236569274208e+03 6.909660603204523795e+03
1.095834236569274253e+03 6.897560603204524341e+03
1.104634236569274208e+03 6.892060603204524341e+03
1.106834236569274253e+03 6.890960603204523977e+03
1.110134236569274208e+03 6.889860603204523613e+03
1.124434236569274390e+03 6.885460603204523977e+03
1.125534236569274299e+03 6.885460603204523977e+03
1.155234236569274344e+03 6.936060603204524341e+03
1.155234236569274344e+03 6.949260603204524159e+03
1.123334236569274253e+03 6.971260603204524159e+03
1.121134236569274208e+03 6.972360603204524523e+03
1.117834236569274253e+03 6.973460603204523977e+03
1.094734236569274344e+03 6.973460603204523977e+03
1.090334236569274253e+03 6.972360603204524523e+03
1.087034236569274299e+03 6.971260603204524159e+03
1.084834236569274253e+03 6.970160603204523795e+03
1.076034236569274299e+03 6.963560603204524341e+03
1.067234236569274344e+03 6.954760603204524159e+03
1.067234236569274344e+03 6.936060603204524341e+03
1.077134236569274208e+03 6.909660603204523795e+03
