1.811837239512855149e+03 5.919648092016238479e+03
1.811837239512855149e+03 5.903148092016238479e+03
1.826137239512855103e+03 5.882248092016237933e+03
1.829437239512855285e+03 5.881148092016238479e+03
1.843737239512855240e+03 5.881148092016238479e+03
1.872337239512855149e+03 5.883348092016238297e+03
1.872337239512855149e+03 5.971348092016238297e+03
1.855837239512855149e+03 5.971348092016238297e+03
1.850337239512855149e+03 5.970248092016237933e+03
1.827237239512855240e+03 5.953748092016237933e+03
1.825037239512855194e+03 5.951548092016238115e+03
1.823937239512855285e+03 5.949348092016238297e+03
1.816237239512855240e+03 5.930648092016238479e+03
1.811837239512855149e+03 5.919648092016238479e+03
