4.467426616328456817e+02 1.287525420795972877e+03
4.522426616328456817e+02 1.287525420795972877e+03
5.237426616328457385e+02 1.300725420795972923e+03
5.336426616328457158e+02 1.348025420795972877e+03
5.336426616328457158e+02 1.352425420795972968e+03
4.687426616328456817e+02 1.382125420795973014e+03
4.522426616328456817e+02 1.382125420795973014e+03
3.939426616328456703e+02 1.365625420795973014e+03
3.939426616328456703e+02 1.344725420795972923e+03
4.467426616328456817e+02 1.287525420795972877e+03
