1.548626724738675875e+03 7.213204076655052631e+03
1.549726724738676012e+03 7.212104076655052268e+03
1.554126724738675875e+03 7.209904076655052449e+03
1.568426724738676057e+03 7.206604076655052268e+03
1.582726724738676012e+03 7.204404076655052449e+03
1.595926724738676057e+03 7.204404076655052449e+03
1.611326724738675921e+03 7.207704076655052631e+03
1.613526724738675966e+03 7.208804076655052086e+03
1.615726724738676012e+03 7.211004076655051904e+03
1.616826724738675921e+03 7.213204076655052631e+03
1.617926724738676057e+03 7.224204076655052631e+03
1.617926724738676057e+03 7.241804076655052086e+03
1.615726724738676012e+03 7.249504076655051904e+03
1.610226724738676012e+03 7.256104076655052268e+03
1.608026724738675966e+03 7.258304076655052086e+03
1.598126724738675875e+03 7.267104076655052268e+03
1.595926724738676057e+03 7.268204076655052631e+03
1.578326724738675921e+03 7.270404076655052449e+03
1.548626724738675875e+03 7.233004076655051904e+03
1.548626724738675875e+03 7.213204076655052631e+03
