1.670428389487090499e+03 6.744987472502026321e+03
1.682528389487090408e+03 6.729587472502025776e+03
1.684728389487090453e+03 6.727387472502025958e+03
1.694628389487090317e+03 6.721887472502025958e+03
1.730928389487090499e+03 6.721887472502025958e+03
1.754028389487090408e+03 6.732887472502025958e+03
1.755128389487090544e+03 6.733987472502026321e+03
1.759528389487090408e+03 6.742787472502026503e+03
1.760628389487090544e+03 6.788987472502026321e+03
1.760628389487090544e+03 6.817587472502025776e+03
1.752928389487090499e+03 6.829687472502026139e+03
1.708928389487090499e+03 6.865987472502026321e+03
1.697928389487090499e+03 6.865987472502026321e+03
1.663828389487090362e+03 6.845087472502025776e+03
1.663828389487090362e+03 6.815387472502025958e+03
1.670428389487090499e+03 6.744987472502026321e+03
