1.793861705567343733e+03 2.888380923512175286e+03
1.794961705567343643e+03 2.882880923512175286e+03
1.796061705567343552e+03 2.879580923512175559e+03
1.855461705567343643e+03 2.776180923512175468e+03
1.859861705567343733e+03 2.771780923512175377e+03
1.865361705567343733e+03 2.770680923512175468e+03
1.873061705567343552e+03 2.770680923512175468e+03
1.873061705567343552e+03 2.971980923512175650e+03
1.871961705567343643e+03 2.973080923512175559e+03
1.831261705567343597e+03 2.980780923512175377e+03
1.816961705567343643e+03 2.980780923512175377e+03
1.813661705567343688e+03 2.979680923512175468e+03
1.804861705567343733e+03 2.976380923512175286e+03
1.800461705567343643e+03 2.971980923512175650e+03
1.790561705567343552e+03 2.924680923512175468e+03
1.790561705567343552e+03 2.909280923512175377e+03
1.793861705567343733e+03 2.888380923512175286e+03
