1.837183690987124578e+02 2.709177304721029941e+03
2.057183690987124578e+02 2.687177304721029941e+03
2.398183690987124521e+02 2.670677304721029941e+03
2.695183690987124692e+02 2.670677304721029941e+03
2.893183690987124237e+02 2.700377304721030214e+03
2.904183690987124464e+02 2.702577304721030032e+03
2.904183690987124464e+02 2.720177304721029941e+03
2.794183690987124464e+02 2.741077304721030032e+03
2.695183690987124692e+02 2.759777304721029850e+03
2.640183690987124692e+02 2.761977304721030123e+03
2.574183690987124464e+02 2.764177304721029941e+03
2.530183690987124407e+02 2.765277304721029850e+03
2.376183690987124351e+02 2.765277304721029850e+03
2.310183690987124407e+02 2.764177304721029941e+03
2.200183690987124407e+02 2.760877304721030214e+03
2.101183690987124351e+02 2.754277304721029850e+03
2.057183690987124578e+02 2.749877304721030214e+03
2.002183690987124578e+02 2.743277304721029850e+03
1.837183690987124578e+02 2.709177304721029941e+03
