1.051036648782501061e+03 1.526718118035493035e+02
1.051036648782501061e+03 1.196718118035493177e+02
1.053236648782501106e+03 1.185718118035493092e+02
1.074136648782500970e+03 1.152718118035493120e+02
1.130236648782501106e+03 1.152718118035493120e+02
1.131336648782501015e+03 1.163718118035493205e+02
1.131336648782501015e+03 1.526718118035493035e+02
1.118136648782500970e+03 2.318718118035493205e+02
1.111536648782501061e+03 2.274718118035493148e+02
1.084036648782501061e+03 1.999718118035493148e+02
1.051036648782501061e+03 1.526718118035493035e+02
