4.003822544009085505e+02 3.099866453719477704e+03
4.212822544009085846e+02 3.071266453719477340e+03
4.685822544009085959e+02 3.031666453719477431e+03
4.905822544009085959e+02 3.031666453719477431e+03
5.026822544009085618e+02 3.061366453719477704e+03
5.026822544009085618e+02 3.115266453719477795e+03
4.993822544009085505e+02 3.163666453719477431e+03
4.685822544009085959e+02 3.163666453719477431e+03
4.091822544009085618e+02 3.124066453719477522e+03
4.003822544009085505e+02 3.115266453719477795e+03
4.003822544009085505e+02 3.099866453719477704e+03
