1.729716873804971328e+03 6.224698482313575369e+03
1.737416873804971374e+03 6.209298482313575732e+03
1.739616873804971419e+03 6.207098482313575914e+03
1.746216873804971328e+03 6.202698482313575369e+03
1.757216873804971328e+03 6.202698482313575369e+03
1.819916873804971374e+03 6.254398482313575187e+03
1.822116873804971419e+03 6.256598482313575914e+03
1.823216873804971328e+03 6.258798482313575732e+03
1.829816873804971237e+03 6.273098482313575914e+03
1.829816873804971237e+03 6.287398482313575187e+03
1.828716873804971328e+03 6.302798482313575732e+03
1.819916873804971374e+03 6.351198482313575369e+03
1.759416873804971374e+03 6.356698482313575369e+03
1.756116873804971419e+03 6.356698482313575369e+03
1.729716873804971328e+03 6.291798482313575732e+03
1.729716873804971328e+03 6.224698482313575369e+03
