1.516598332150461374e+03 3.302771540099361118e+03
1.516598332150461374e+03 3.282971540099361391e+03
1.517698332150461283e+03 3.276371540099361482e+03
1.518798332150461420e+03 3.275271540099361118e+03
1.586998332150461238e+03 3.275271540099361118e+03
1.611198332150461283e+03 3.299471540099361391e+03
1.640898332150461329e+03 3.364371540099361482e+03
1.640898332150461329e+03 3.381971540099361391e+03
1.632098332150461374e+03 3.405071540099361300e+03
1.617798332150461420e+03 3.425971540099361391e+03
1.605698332150461283e+03 3.438071540099361300e+03
1.591398332150461329e+03 3.438071540099361300e+03
1.586998332150461238e+03 3.433671540099361209e+03
1.518798332150461420e+03 3.364371540099361482e+03
1.516598332150461374e+03 3.302771540099361118e+03
