1.493391724137931078e+03 7.430799614604462477e+03
1.495591724137931124e+03 7.424199614604462113e+03
1.497791724137930942e+03 7.421999614604462295e+03
1.514291724137930942e+03 7.413199614604462113e+03
1.517591724137931124e+03 7.412099614604462658e+03
1.521991724137930987e+03 7.410999614604462295e+03
1.539591724137931124e+03 7.408799614604462477e+03
1.552791724137930942e+03 7.408799614604462477e+03
1.567091724137931124e+03 7.412099614604462658e+03
1.582491724137930987e+03 7.418699614604462113e+03
1.596791724137930942e+03 7.432999614604462295e+03
1.596791724137930942e+03 7.453899614604462840e+03
1.594591724137931124e+03 7.462699614604462113e+03
1.592391724137931078e+03 7.464899614604462840e+03
1.570391724137931078e+03 7.474799614604462477e+03
1.567091724137931124e+03 7.475899614604462840e+03
1.562691724137931033e+03 7.476999614604462295e+03
1.546191724137931033e+03 7.478099614604462658e+03
1.530791724137930942e+03 7.478099614604462658e+03
1.519791724137930942e+03 7.475899614604462840e+03
1.503291724137930942e+03 7.470399614604462840e+03
1.502191724137931033e+03 7.469299614604462477e+03
1.496691724137931033e+03 7.462699614604462113e+03
1.494491724137930987e+03 7.458299614604462477e+03
1.493391724137931078e+03 7.453899614604462840e+03
1.493391724137931078e+03 7.430799614604462477e+03
