1.438519950698438834e+03 7.565737863599013508e+03
1.561719950698438879e+03 7.547037863599013690e+03
1.563919950698438697e+03 7.596537863599013690e+03
1.563919950698438697e+03 7.616337863599013872e+03
1.544119950698438743e+03 7.630637863599014054e+03
1.539719950698438879e+03 7.632837863599013872e+03
1.527619950698438743e+03 7.632837863599013872e+03
1.516619950698438743e+03 7.630637863599014054e+03
1.431919950698438697e+03 7.607537863599013690e+03
1.431919950698438697e+03 7.596537863599013690e+03
1.438519950698438834e+03 7.565737863599013508e+03
