1.059282762402969865e+03 5.093128408707390918e+03
1.061482762402969911e+03 5.049128408707390918e+03
1.114282762402969865e+03 5.026028408707391463e+03
1.175882762402970002e+03 5.026028408707391463e+03
1.190182762402969956e+03 5.032628408707390918e+03
1.194582762402970047e+03 5.037028408707391463e+03
1.194582762402970047e+03 5.052428408707391100e+03
1.193482762402969911e+03 5.056828408707390736e+03
1.152782762402969865e+03 5.191028408707391463e+03
1.149482762402969911e+03 5.198728408707391281e+03
1.142882762402970002e+03 5.208628408707390918e+03
1.141782762402969865e+03 5.209728408707391281e+03
1.129682762402969956e+03 5.215228408707391281e+03
1.118682762402969956e+03 5.215228408707391281e+03
1.115382762402970002e+03 5.214128408707390918e+03
1.102182762402969956e+03 5.207528408707391463e+03
1.060382762402970002e+03 5.108528408707391463e+03
1.059282762402969865e+03 5.105228408707391281e+03
1.059282762402969865e+03 5.093128408707390918e+03
