1.774824055944055999e+03 2.636526313686313642e+03
1.783624055944055954e+03 2.602426313686313733e+03
1.823224055944055863e+03 2.602426313686313733e+03
1.863924055944055908e+03 2.612326313686313824e+03
1.866124055944055954e+03 2.618926313686313733e+03
1.866124055944055954e+03 2.634326313686313824e+03
1.862824055944055999e+03 2.662926313686313733e+03
1.856224055944055863e+03 2.681626313686313551e+03
1.823224055944055863e+03 2.681626313686313551e+03
1.774824055944055999e+03 2.671726313686313915e+03
1.774824055944055999e+03 2.636526313686313642e+03
