1.463228687654756754e+01 2.427106199151043711e+03
1.463228687654756754e+01 2.413906199151043438e+03
1.573228687654757607e+01 2.400706199151043620e+03
1.793228687654756470e+01 2.398506199151043347e+03
3.113228687654756754e+01 2.394106199151043711e+03
4.653228687654757323e+01 2.394106199151043711e+03
6.743228687654757891e+01 2.396306199151043529e+03
7.513228687654756754e+01 2.397406199151043438e+03
7.843228687654757891e+01 2.398506199151043347e+03
1.048322868765475704e+02 2.411706199151043620e+03
1.246322868765475818e+02 2.422706199151043620e+03
1.730322868765475732e+02 2.452406199151043438e+03
1.730322868765475732e+02 2.520606199151043711e+03
1.686322868765475960e+02 2.547006199151043347e+03
1.279322868765475789e+02 2.547006199151043347e+03
5.533228687654757039e+01 2.533806199151043529e+03
1.463228687654756754e+01 2.427106199151043711e+03
