6.332999825083085170e+02 6.101763862165471437e+03
6.959999825083085625e+02 6.075363862165471801e+03
7.278999825083085398e+02 6.075363862165471801e+03
7.322999825083085170e+02 6.079763862165471437e+03
7.322999825083085170e+02 6.109463862165471255e+03
7.091999825083086080e+02 6.189763862165471437e+03
7.025999825083085852e+02 6.189763862165471437e+03
6.959999825083085625e+02 6.186463862165471255e+03
6.585999825083085852e+02 6.166663862165471073e+03
6.332999825083085170e+02 6.145763862165471437e+03
6.310999825083085852e+02 6.143563862165471619e+03
6.299999825083085625e+02 6.141363862165471801e+03
6.299999825083085625e+02 6.129263862165471437e+03
6.332999825083085170e+02 6.101763862165471437e+03
