6.916118522759804819e+02 5.540506326939593237e+03
7.015118522759805728e+02 5.514106326939593600e+03
7.026118522759804819e+02 5.511906326939593782e+03
7.158118522759805273e+02 5.493206326939593055e+03
7.180118522759805728e+02 5.492106326939593600e+03
7.235118522759805728e+02 5.491006326939593237e+03
7.334118522759805501e+02 5.491006326939593237e+03
7.598118522759805273e+02 5.499806326939593419e+03
7.752118522759805046e+02 5.507506326939593237e+03
7.851118522759804819e+02 5.517406326939593782e+03
7.884118522759805501e+02 5.526206326939593055e+03
7.895118522759805728e+02 5.529506326939593237e+03
7.917118522759805046e+02 5.549306326939593419e+03
7.917118522759805046e+02 5.561406326939593782e+03
7.884118522759805501e+02 5.570206326939593964e+03
7.752118522759805046e+02 5.585606326939593600e+03
7.708118522759805273e+02 5.590006326939593237e+03
7.521118522759804819e+02 5.595506326939593237e+03
7.400118522759805728e+02 5.595506326939593237e+03
7.312118522759805046e+02 5.594406326939593782e+03
7.004118522759805501e+02 5.590006326939593237e+03
6.960118522759805728e+02 5.585606326939593600e+03
6.894118522759805501e+02 5.565806326939593419e+03
6.894118522759805501e+02 5.555906326939593782e+03
6.916118522759804819e+02 5.540506326939593237e+03
