2.611522169111587459e+02 4.959298879182462770e+03
2.622522169111587118e+02 4.955998879182462588e+03
2.633522169111587345e+02 4.953798879182462770e+03
2.655522169111587232e+02 4.950498879182462588e+03
2.688522169111587345e+02 4.946098879182462042e+03
2.699522169111587573e+02 4.944998879182462588e+03
2.721522169111587459e+02 4.943898879182462224e+03
2.875522169111587232e+02 4.943898879182462224e+03
3.491522169111587459e+02 4.958198879182462406e+03
3.546522169111587459e+02 4.960398879182462224e+03
3.568522169111587345e+02 4.961498879182462588e+03
3.601522169111587459e+02 4.964798879182462770e+03
3.634522169111587573e+02 4.971398879182462224e+03
3.777522169111587118e+02 5.003298879182462770e+03
3.095522169111587232e+02 5.029698879182462406e+03
2.567522169111587118e+02 5.029698879182462406e+03
2.534522169111587289e+02 5.027498879182462588e+03
2.523522169111587345e+02 5.026398879182462224e+03
2.512522169111587118e+02 5.023098879182462042e+03
2.512522169111587118e+02 4.996698879182462406e+03
2.611522169111587459e+02 4.959298879182462770e+03
