3.227210045662100129e+02 4.016817087238644490e+03
3.656210045662100470e+02 3.936517087238644308e+03
3.744210045662100583e+02 3.936517087238644308e+03
4.129210045662100583e+02 3.972817087238644490e+03
4.206210045662100470e+02 3.980517087238644308e+03
4.261210045662100470e+02 3.987117087238644672e+03
4.272210045662100697e+02 3.989317087238644490e+03
4.371210045662100470e+02 4.014617087238644672e+03
4.382210045662100697e+02 4.017917087238644399e+03
4.382210045662100697e+02 4.030017087238644763e+03
4.349210045662100583e+02 4.036617087238644672e+03
4.118210045662100356e+02 4.074017087238644763e+03
3.744210045662100583e+02 4.074017087238644763e+03
3.403210045662100356e+02 4.070717087238644581e+03
3.282210045662100129e+02 4.055317087238644490e+03
3.271210045662100470e+02 4.053117087238644672e+03
3.227210045662100129e+02 4.032217087238644581e+03
3.227210045662100129e+02 4.016817087238644490e+03
