1.619655666603809152e+02 4.006151914010937162e+03
2.092655666603809266e+02 3.973151914010937162e+03
2.543655666603809209e+02 3.973151914010937162e+03
2.697655666603808982e+02 3.997351914010937435e+03
2.697655666603808982e+02 4.000651914010937162e+03
2.686655666603809323e+02 4.003951914010937344e+03
2.653655666603809209e+02 4.011651914010937162e+03
2.521655666603809323e+02 4.032551914010937253e+03
2.400655666603809095e+02 4.049051914010937253e+03
2.389655666603809152e+02 4.050151914010937162e+03
2.345655666603809095e+02 4.053451914010937344e+03
2.323655666603809209e+02 4.054551914010937253e+03
2.290655666603809095e+02 4.055651914010937162e+03
1.916655666603809038e+02 4.067751914010937071e+03
1.850655666603809095e+02 4.068851914010937435e+03
1.619655666603809152e+02 4.017151914010937162e+03
1.619655666603809152e+02 4.006151914010937162e+03
