1.200241317898486102e+02 4.698106540021766705e+03
1.211241317898486187e+02 4.697006540021767250e+03
2.102241317898486272e+02 4.657406540021766887e+03
2.289241317898486159e+02 4.657406540021766887e+03
2.817241317898486272e+02 4.731106540021766705e+03
2.817241317898486272e+02 4.747606540021766705e+03
2.674241317898486159e+02 4.767406540021766887e+03
2.641241317898486045e+02 4.771806540021767432e+03
2.564241317898486159e+02 4.779506540021767250e+03
2.509241317898486159e+02 4.782806540021767432e+03
2.487241317898486272e+02 4.783906540021766887e+03
2.135241317898486102e+02 4.799306540021767432e+03
2.102241317898486272e+02 4.799306540021767432e+03
1.266241317898486187e+02 4.746506540021767250e+03
1.233241317898486074e+02 4.743206540021767069e+03
1.211241317898486187e+02 4.739906540021766887e+03
1.200241317898486102e+02 4.737706540021767069e+03
1.200241317898486102e+02 4.698106540021766705e+03
