1.445794319362660190e+03 8.586408417041911889e+03
1.446894319362660099e+03 8.585308417041911525e+03
1.460094319362660144e+03 8.576508417041912253e+03
1.489794319362660190e+03 8.573208417041911162e+03
1.539294319362660190e+03 8.607308417041911525e+03
1.537094319362660144e+03 8.610608417041912617e+03
1.535994319362660235e+03 8.611708417041912980e+03
1.517294319362660190e+03 8.624908417041911889e+03
1.440294319362660190e+03 8.624908417041911889e+03
1.439194319362660281e+03 8.622708417041911162e+03
1.439194319362660281e+03 8.612808417041911525e+03
1.445794319362660190e+03 8.586408417041911889e+03
