3.927823548491728616e+02 6.713997242945183643e+03
4.290823548491728729e+02 6.679897242945183280e+03
4.400823548491728729e+02 6.677697242945183461e+03
4.697823548491728616e+02 6.676597242945183098e+03
4.818823548491728843e+02 6.676597242945183098e+03
5.137823548491728616e+02 6.678797242945182916e+03
5.423823548491728843e+02 6.707397242945183280e+03
5.423823548491728843e+02 6.721697242945183461e+03
5.412823548491728616e+02 6.724997242945183643e+03
5.368823548491728843e+02 6.735997242945183643e+03
5.225823548491729298e+02 6.766797242945182916e+03
5.203823548491728843e+02 6.768997242945183643e+03
5.137823548491728616e+02 6.772297242945182916e+03
4.851823548491728957e+02 6.778897242945183280e+03
4.730823548491728729e+02 6.778897242945183280e+03
4.224823548491729071e+02 6.775597242945183098e+03
3.927823548491728616e+02 6.732697242945183461e+03
3.927823548491728616e+02 6.713997242945183643e+03
