1.456262513904338221e+03 7.909702602892102732e+03
1.456262513904338221e+03 7.899802602892102186e+03
1.457362513904338130e+03 7.894302602892102186e+03
1.458462513904338266e+03 7.891002602892102004e+03
1.465062513904338175e+03 7.884402602892102550e+03
1.469462513904338039e+03 7.882202602892102732e+03
1.479362513904338130e+03 7.878902602892102550e+03
1.487062513904338175e+03 7.876702602892102732e+03
1.491462513904338039e+03 7.875602602892102368e+03
1.514562513904338175e+03 7.875602602892102368e+03
1.525562513904338175e+03 7.877802602892102186e+03
1.529962513904338266e+03 7.882202602892102732e+03
1.538762513904338221e+03 7.892102602892102368e+03
1.539862513904338130e+03 7.894302602892102186e+03
1.539862513904338130e+03 7.915202602892102732e+03
1.538762513904338221e+03 7.922902602892102550e+03
1.536562513904338175e+03 7.929502602892102004e+03
1.535462513904338266e+03 7.931702602892102732e+03
1.534362513904338130e+03 7.932802602892102186e+03
1.527762513904338221e+03 7.938302602892102186e+03
1.496962513904338039e+03 7.953702602892102732e+03
1.470562513904338175e+03 7.953702602892102732e+03
1.468362513904338130e+03 7.951502602892102004e+03
1.466162513904338084e+03 7.946002602892102004e+03
1.461762513904338221e+03 7.933902602892102550e+03
1.460662513904338084e+03 7.929502602892102004e+03
1.456262513904338221e+03 7.909702602892102732e+03
