1.609612246566383192e+03 8.541821124918247733e+03
1.609612246566383192e+03 8.529721124918247369e+03
1.612912246566383146e+03 8.520921124918248097e+03
1.614012246566383283e+03 8.519821124918247733e+03
1.642612246566383192e+03 8.511021124918246642e+03
1.694312246566383237e+03 8.511021124918246642e+03
1.696512246566383283e+03 8.515421124918248097e+03
1.711912246566383374e+03 8.551721124918247369e+03
1.711912246566383374e+03 8.571521124918246642e+03
1.659112246566383192e+03 8.608921124918248097e+03
1.643712246566383328e+03 8.608921124918248097e+03
1.622812246566383237e+03 8.593521124918246642e+03
1.620612246566383192e+03 8.586921124918248097e+03
1.611812246566383237e+03 8.557221124918247369e+03
1.609612246566383192e+03 8.541821124918247733e+03
