9.542269910222994440e+02 7.341623544743701132e+03
9.608269910222994667e+02 7.308623544743701132e+03
1.004826991022299467e+03 7.298723544743701495e+03
1.009226991022299444e+03 7.298723544743701495e+03
1.011426991022299489e+03 7.341623544743701132e+03
1.011426991022299489e+03 7.376823544743700950e+03
9.872269910222994440e+02 7.395523544743700768e+03
9.839269910222994895e+02 7.395523544743700768e+03
9.542269910222994440e+02 7.365823544743700950e+03
9.542269910222994440e+02 7.341623544743701132e+03
