-4.859697212983142833e+00 6.361704243605918236e+03
5.124030278701685859e+01 6.322104243605917873e+03
6.334030278701686001e+01 6.322104243605917873e+03
9.854030278701685575e+01 6.336404243605918055e+03
9.964030278701686427e+01 6.337504243605918418e+03
1.062403027870168728e+02 6.351804243605918600e+03
1.073403027870168671e+02 6.355104243605917873e+03
1.073403027870168671e+02 6.380404243605918055e+03
1.051403027870168643e+02 6.399104243605917873e+03
1.029403027870168614e+02 6.403504243605918418e+03
9.964030278701686427e+01 6.406804243605918600e+03
7.654030278701685575e+01 6.425504243605918418e+03
5.564030278701686427e+01 6.437604243605917873e+03
4.904030278701686285e+01 6.440904243605918055e+03
3.034030278701686001e+01 6.446404243605918055e+03
1.714030278701685717e+01 6.448604243605917873e+03
-4.596972129831442544e-01 6.448604243605917873e+03
-4.859697212983142833e+00 6.447504243605918418e+03
-4.859697212983142833e+00 6.361704243605918236e+03
