5.102752961825361808e+02 6.230175120666959629e+03
5.058752961825362036e+02 6.222475120666958901e+03
5.058752961825362036e+02 6.221375120666959447e+03
5.784752961825362263e+02 6.201575120666959265e+03
6.081752961825361581e+02 6.201575120666959265e+03
6.103752961825362036e+02 6.203775120666959083e+03
6.136752961825361581e+02 6.209275120666959083e+03
6.147752961825361808e+02 6.211475120666958901e+03
6.158752961825362036e+02 6.214775120666959083e+03
6.169752961825362263e+02 6.230175120666959629e+03
6.169752961825362263e+02 6.245575120666959265e+03
6.158752961825362036e+02 6.253275120666959083e+03
6.147752961825361808e+02 6.255475120666958901e+03
6.037752961825361808e+02 6.268675120666959629e+03
6.015752961825362490e+02 6.270875120666959447e+03
5.960752961825362490e+02 6.274175120666959629e+03
5.927752961825361808e+02 6.275275120666959083e+03
5.795752961825362490e+02 6.277475120666958901e+03
5.696752961825361581e+02 6.277475120666958901e+03
5.498752961825362036e+02 6.271975120666958901e+03
5.476752961825361581e+02 6.270875120666959447e+03
5.421752961825361581e+02 6.265375120666959447e+03
5.102752961825361808e+02 6.230175120666959629e+03
