2.544883828637591705e+02 5.025943516016981448e+03
3.325883828637591932e+02 4.999543516016981812e+03
3.754883828637591705e+02 4.999543516016981812e+03
3.798883828637591478e+02 5.003943516016981448e+03
3.853883828637591478e+02 5.016043516016981812e+03
3.864883828637591705e+02 5.020443516016981448e+03
3.864883828637591705e+02 5.036943516016981448e+03
3.842883828637591819e+02 5.047943516016981448e+03
3.820883828637591932e+02 5.053443516016982358e+03
3.787883828637591819e+02 5.061143516016982176e+03
3.776883828637591591e+02 5.063343516016981994e+03
3.754883828637591705e+02 5.065543516016981812e+03
3.732883828637591819e+02 5.066643516016982176e+03
3.677883828637591819e+02 5.068843516016981994e+03
3.479883828637591705e+02 5.075443516016981448e+03
3.325883828637591932e+02 5.075443516016981448e+03
3.006883828637591591e+02 5.067743516016981630e+03
2.918883828637591478e+02 5.063343516016981994e+03
2.544883828637591705e+02 5.025943516016981448e+03
