3.230048897879464107e+02 1.194823458426339357e+03
3.241048897879464334e+02 1.193723458426339221e+03
3.835048897879464107e+02 1.149723458426339221e+03
3.868048897879464221e+02 1.148623458426339312e+03
3.945048897879464107e+02 1.147523458426339175e+03
4.066048897879464334e+02 1.147523458426339175e+03
4.088048897879464221e+02 1.148623458426339312e+03
4.539048897879464448e+02 1.293823458426339357e+03
4.539048897879464448e+02 1.298223458426339221e+03
4.011048897879464334e+02 1.371923458426339266e+03
3.945048897879464107e+02 1.378523458426339403e+03
3.747048897879463993e+02 1.378523458426339403e+03
3.648048897879464221e+02 1.376323458426339357e+03
3.560048897879464107e+02 1.374123458426339312e+03
3.538048897879464221e+02 1.373023458426339403e+03
3.527048897879463993e+02 1.371923458426339266e+03
3.329048897879464448e+02 1.346623458426339312e+03
3.230048897879464107e+02 1.298223458426339221e+03
3.230048897879464107e+02 1.194823458426339357e+03
