1.134877820910973014e+03 7.310954451345755842e+03
1.134877820910973014e+03 7.277954451345755842e+03
1.137077820910973060e+03 7.276854451345755479e+03
1.164577820910973060e+03 7.271354451345755479e+03
1.182177820910973196e+03 7.270254451345756024e+03
1.196477820910973151e+03 7.270254451345756024e+03
1.196477820910973151e+03 7.354954451345755842e+03
1.192077820910973060e+03 7.356054451345755297e+03
1.171177820910973196e+03 7.356054451345755297e+03
1.149177820910972969e+03 7.353854451345755479e+03
1.134877820910973014e+03 7.310954451345755842e+03
