9.480083517699115419e+02 7.705725903392330110e+03
9.535083517699115419e+02 7.691425903392329928e+03
9.557083517699114736e+02 7.685925903392329928e+03
9.590083517699115419e+02 7.679325903392330474e+03
9.623083517699114964e+02 7.676025903392330292e+03
9.700083517699115419e+02 7.669425903392329928e+03
9.744083517699115191e+02 7.666125903392330656e+03
9.766083517699114509e+02 7.665025903392330292e+03
9.865083517699115419e+02 7.663925903392329928e+03
1.000808351769911496e+03 7.663925903392329928e+03
1.014008351769911542e+03 7.666125903392330656e+03
1.029408351769911405e+03 7.673825903392330474e+03
1.036008351769911542e+03 7.692525903392330292e+03
1.037108351769911451e+03 7.695825903392330474e+03
1.038208351769911587e+03 7.700225903392330110e+03
1.038208351769911587e+03 7.717825903392330474e+03
1.031608351769911451e+03 7.727725903392330110e+03
1.028308351769911496e+03 7.732125903392330656e+03
1.021708351769911474e+03 7.738725903392330110e+03
1.014008351769911542e+03 7.744225903392330110e+03
1.000808351769911496e+03 7.750825903392330474e+03
9.975083517699115419e+02 7.751925903392329928e+03
9.931083517699114509e+02 7.753025903392330292e+03
9.876083517699114509e+02 7.754125903392330656e+03
9.744083517699115191e+02 7.754125903392330656e+03
9.667083517699114736e+02 7.751925903392329928e+03
9.645083517699115419e+02 7.750825903392330474e+03
9.579083517699115191e+02 7.745325903392330474e+03
9.546083517699114509e+02 7.742025903392330292e+03
9.502083517699114736e+02 7.735425903392330838e+03
9.491083517699114509e+02 7.728825903392330474e+03
9.480083517699115419e+02 7.721125903392330656e+03
9.480083517699115419e+02 7.705725903392330110e+03
