9.240107740774077456e+02 4.746663447344734777e+03
9.262107740774077911e+02 4.742263447344734232e+03
9.735107740774077456e+02 4.658663447344734777e+03
9.779107740774077229e+02 4.654263447344734232e+03
9.801107740774077683e+02 4.653163447344734777e+03
9.867107740774077911e+02 4.650963447344734050e+03
9.999107740774077229e+02 4.650963447344734050e+03
1.002110774077407768e+03 4.652063447344734413e+03
1.016410774077407723e+03 4.659763447344734232e+03
1.018610774077407768e+03 4.664163447344734777e+03
1.026310774077407814e+03 4.768663447344734777e+03
1.026310774077407814e+03 4.781863447344734595e+03
1.021910774077407723e+03 4.813763447344734232e+03
1.020810774077407700e+03 4.815963447344734959e+03
1.018610774077407768e+03 4.818163447344734777e+03
9.889107740774077229e+02 4.830263447344734232e+03
9.779107740774077229e+02 4.830263447344734232e+03
9.471107740774077683e+02 4.823663447344734777e+03
9.438107740774077001e+02 4.822563447344734413e+03
9.416107740774077683e+02 4.821463447344734959e+03
9.383107740774077001e+02 4.818163447344734777e+03
9.229107740774077229e+02 4.791763447344734232e+03
9.218107740774077001e+02 4.764263447344734232e+03
9.218107740774077001e+02 4.752163447344734777e+03
9.240107740774077456e+02 4.746663447344734777e+03
