1.120033378080352804e+03 6.313859008533895576e+03
1.123333378080352759e+03 6.296259008533896122e+03
1.138733378080352850e+03 6.275359008533895576e+03
1.153033378080352804e+03 6.264359008533895576e+03
1.162933378080352895e+03 6.264359008533895576e+03
1.217933378080352895e+03 6.273159008533895758e+03
1.222333378080352759e+03 6.275359008533895576e+03
1.228933378080352895e+03 6.279759008533896122e+03
1.237733378080352850e+03 6.286359008533895576e+03
1.243233378080352850e+03 6.291859008533895576e+03
1.249833378080352759e+03 6.312759008533896122e+03
1.252033378080352804e+03 6.321559008533895394e+03
1.252033378080352804e+03 6.336959008533895940e+03
1.250933378080352895e+03 6.340259008533896122e+03
1.244333378080352986e+03 6.354559008533896304e+03
1.243233378080352850e+03 6.356759008533896122e+03
1.241033378080352804e+03 6.360059008533895394e+03
1.236633378080352941e+03 6.365559008533895394e+03
1.220133378080352941e+03 6.382059008533896304e+03
1.202533378080352804e+03 6.387559008533896304e+03
1.188233378080352850e+03 6.387559008533896304e+03
1.146433378080352895e+03 6.385359008533895576e+03
1.120033378080352804e+03 6.336959008533895940e+03
1.120033378080352804e+03 6.313859008533895576e+03
