5.429761091127097643e+02 8.333856279976018413e+03
5.429761091127097643e+02 8.320656279976019505e+03
5.440761091127097870e+02 8.312956279976018777e+03
6.353761091127098553e+02 8.260156279976019505e+03
6.496761091127098098e+02 8.260156279976019505e+03
7.321761091127098098e+02 8.321756279976019869e+03
7.431761091127098098e+02 8.332756279976019869e+03
7.442761091127098325e+02 8.334956279976018777e+03
7.453761091127098553e+02 8.338256279976019869e+03
7.453761091127098553e+02 8.348156279976019505e+03
7.442761091127098325e+02 8.352556279976019141e+03
7.420761091127099007e+02 8.359156279976019505e+03
7.409761091127098780e+02 8.361356279976018413e+03
7.365761091127099007e+02 8.366856279976018413e+03
7.299761091127098780e+02 8.373456279976018777e+03
7.277761091127098325e+02 8.374556279976019141e+03
6.485761091127097870e+02 8.400956279976018777e+03
6.353761091127098553e+02 8.400956279976018777e+03
5.814761091127098780e+02 8.383356279976018413e+03
5.803761091127098553e+02 8.382256279976019869e+03
5.451761091127098098e+02 8.343756279976019869e+03
5.440761091127097870e+02 8.341556279976019141e+03
5.429761091127097643e+02 8.333856279976018413e+03
