1.268317574396406599e+03 3.308859135317237360e+03
1.269417574396406508e+03 3.306659135317237542e+03
1.271617574396406553e+03 3.304459135317237269e+03
1.280417574396406508e+03 3.296759135317237451e+03
1.285917574396406508e+03 3.292359135317237360e+03
1.290317574396406599e+03 3.289059135317237633e+03
1.298017574396406417e+03 3.285759135317237451e+03
1.302417574396406508e+03 3.284659135317237542e+03
1.307917574396406508e+03 3.284659135317237542e+03
1.365117574396406553e+03 3.324259135317237451e+03
1.368417574396406508e+03 3.334159135317237542e+03
1.369517574396406417e+03 3.345159135317237542e+03
1.369517574396406417e+03 3.373759135317237451e+03
1.307917574396406508e+03 3.426559135317237633e+03
1.304617574396406553e+03 3.426559135317237633e+03
1.287017574396406417e+03 3.421059135317237633e+03
1.281517574396406417e+03 3.416659135317237542e+03
1.280417574396406508e+03 3.415559135317237633e+03
1.245217574396406462e+03 3.364959135317237269e+03
1.245217574396406462e+03 3.363859135317237360e+03
1.268317574396406599e+03 3.308859135317237360e+03
