1.199311733064380547e+02 2.916224693225752162e+03
1.199311733064380547e+02 2.912924693225751980e+03
1.771311733064380576e+02 2.834824693225752071e+03
1.782311733064380519e+02 2.833724693225752162e+03
2.013311733064380462e+02 2.833724693225752162e+03
2.079311733064380689e+02 2.835924693225751980e+03
2.101311733064380576e+02 2.837024693225752344e+03
2.541311733064380576e+02 2.903024693225752344e+03
2.618311733064380746e+02 2.950324693225752071e+03
2.618311733064380746e+02 2.960224693225752162e+03
2.607311733064380519e+02 2.962424693225751980e+03
2.464311733064380689e+02 2.984424693225752435e+03
2.398311733064380746e+02 2.993224693225752162e+03
2.332311733064380519e+02 2.999824693225752071e+03
2.266311733064380576e+02 3.003124693225752253e+03
2.068311733064380462e+02 3.003124693225752253e+03
1.881311733064380576e+02 2.996524693225752344e+03
1.826311733064380576e+02 2.994324693225752071e+03
1.782311733064380519e+02 2.992124693225752253e+03
1.760311733064380633e+02 2.989924693225751980e+03
1.540311733064380633e+02 2.966824693225752071e+03
1.199311733064380547e+02 2.916224693225752162e+03
