3.190815960383179117e+02 1.657549772690371810e+03
3.696815960383179345e+02 1.657549772690371810e+03
4.180815960383179117e+02 1.660849772690371765e+03
4.290815960383179117e+02 1.682849772690371765e+03
4.301815960383179345e+02 1.687249772690371856e+03
4.301815960383179345e+02 1.700449772690371901e+03
4.147815960383179004e+02 1.769749772690371856e+03
4.136815960383179345e+02 1.771949772690371901e+03
4.059815960383178890e+02 1.779649772690371719e+03
3.487815960383179004e+02 1.812649772690371719e+03
3.443815960383179231e+02 1.813749772690371856e+03
3.300815960383179117e+02 1.813749772690371856e+03
3.267815960383179004e+02 1.812649772690371719e+03
3.245815960383179117e+02 1.811549772690371810e+03
3.212815960383179004e+02 1.808249772690371856e+03
3.025815960383179117e+02 1.786249772690371856e+03
2.959815960383178890e+02 1.767549772690371810e+03
2.959815960383178890e+02 1.754349772690371765e+03
3.190815960383179117e+02 1.657549772690371810e+03
