5.161630562679137029e+02 4.155736189470508180e+03
5.216630562679137029e+02 4.124936189470507998e+03
5.227630562679137256e+02 4.122736189470508180e+03
5.282630562679137256e+02 4.117236189470508180e+03
5.337630562679137256e+02 4.116136189470508725e+03
5.414630562679136574e+02 4.115036189470508361e+03
5.667630562679137256e+02 4.115036189470508361e+03
5.711630562679137029e+02 4.116136189470508725e+03
6.448630562679137483e+02 4.135936189470507998e+03
6.492630562679137256e+02 4.140336189470508543e+03
6.547630562679137256e+02 4.151336189470508543e+03
6.558630562679137483e+02 4.154636189470508725e+03
5.579630562679136574e+02 4.222836189470508543e+03
5.568630562679137483e+02 4.222836189470508543e+03
5.227630562679137256e+02 4.185436189470507998e+03
5.172630562679137256e+02 4.176636189470508725e+03
5.161630562679137029e+02 4.174436189470507998e+03
5.161630562679137029e+02 4.155736189470508180e+03
