6.768637185280825861e+02 3.233442059393156796e+03
6.823637185280825861e+02 3.227942059393156796e+03
7.318637185280825861e+02 3.188342059393156887e+03
7.659637185280826088e+02 3.188342059393156887e+03
7.725637185280826316e+02 3.197142059393157069e+03
7.791637185280826543e+02 3.233442059393156796e+03
7.791637185280826543e+02 3.252142059393157069e+03
7.747637185280826770e+02 3.284042059393156705e+03
7.318637185280825861e+02 3.284042059393156705e+03
6.878637185280825861e+02 3.274142059393157069e+03
6.768637185280825861e+02 3.265342059393156887e+03
6.768637185280825861e+02 3.233442059393156796e+03
