7.509991252369150061e+01 8.259987986586966144e+03
7.729991252369148924e+01 8.252287986586965417e+03
7.839991252369149777e+01 8.251187986586966872e+03
1.069999125236915063e+02 8.223687986586966872e+03
1.234999125236915063e+02 8.218187986586966872e+03
1.421999125236914949e+02 8.212687986586965053e+03
1.630999125236915006e+02 8.212687986586965053e+03
1.817999125236914892e+02 8.219287986586965417e+03
1.839999125236915063e+02 8.220387986586965781e+03
1.927999125236914892e+02 8.226987986586966144e+03
1.938999125236915120e+02 8.229187986586965053e+03
1.938999125236915120e+02 8.240187986586966872e+03
1.905999125236915006e+02 8.286387986586965781e+03
1.894999125236915063e+02 8.288587986586966508e+03
1.883999125236915120e+02 8.289687986586966872e+03
1.509999125236915063e+02 8.314987986586966144e+03
1.333999125236915120e+02 8.314987986586966144e+03
7.729991252369148924e+01 8.277587986586966508e+03
7.509991252369150061e+01 8.275387986586965781e+03
7.509991252369150061e+01 8.259987986586966144e+03
