1.331135388586177214e+03 6.559917866360768130e+03
1.331135388586177214e+03 6.541217866360768312e+03
1.332235388586177123e+03 6.539017866360768494e+03
1.336635388586177214e+03 6.534617866360768858e+03
1.392735388586177123e+03 6.519217866360768312e+03
1.398235388586177351e+03 6.519217866360768312e+03
1.462035388586177305e+03 6.568717866360768312e+03
1.425735388586177123e+03 6.601717866360768312e+03
1.418035388586177305e+03 6.607217866360768312e+03
1.415835388586177260e+03 6.608317866360768676e+03
1.370735388586177123e+03 6.620417866360769040e+03
1.348735388586177123e+03 6.620417866360769040e+03
1.346535388586177305e+03 6.619317866360768676e+03
1.342135388586177214e+03 6.614917866360769040e+03
1.331135388586177214e+03 6.559917866360768130e+03
