8.869057627829002968e+02 3.920819352472757600e+03
8.869057627829002968e+02 3.901019352472757873e+03
9.397057627829002513e+02 3.841619352472757782e+03
9.452057627829002513e+02 3.841619352472757782e+03
1.005705762782900251e+03 3.881219352472757691e+03
1.005705762782900251e+03 3.884519352472757873e+03
9.969057627829002968e+02 3.916419352472757510e+03
9.727057627829002513e+02 3.990119352472757782e+03
9.496057627829002286e+02 4.013219352472757691e+03
9.452057627829002513e+02 4.013219352472757691e+03
9.221057627829002286e+02 3.995619352472757782e+03
9.210057627829002058e+02 3.994519352472757873e+03
9.078057627829002740e+02 3.974719352472757691e+03
9.067057627829002513e+02 3.972519352472757873e+03
8.891057627829002286e+02 3.934019352472757873e+03
8.869057627829002968e+02 3.920819352472757600e+03
