1.311758964093581881e+03 3.113831927936944794e+03
1.335958964093581926e+03 3.107231927936944885e+03
1.359058964093581835e+03 3.107231927936944885e+03
1.395358964093581790e+03 3.123731927936944885e+03
1.397558964093581835e+03 3.125931927936944703e+03
1.400858964093581790e+03 3.154531927936945067e+03
1.405258964093581881e+03 3.202931927936944703e+03
1.404158964093581972e+03 3.234831927936944794e+03
1.359058964093581835e+03 3.234831927936944794e+03
1.311758964093581881e+03 3.187531927936945067e+03
1.311758964093581881e+03 3.113831927936944794e+03
