1.127106964082561262e+03 3.011805818300016199e+03
1.128206964082561399e+03 2.989805818300016199e+03
1.131506964082561353e+03 2.975505818300016472e+03
1.133706964082561399e+03 2.973305818300016199e+03
1.135906964082561444e+03 2.972205818300016290e+03
1.148006964082561353e+03 2.966705818300016290e+03
1.171106964082561262e+03 2.956805818300016199e+03
1.187606964082561262e+03 2.956805818300016199e+03
1.203006964082561353e+03 2.962305818300016199e+03
1.249206964082561399e+03 3.058005818300016472e+03
1.249206964082561399e+03 3.095405818300016108e+03
1.247006964082561353e+03 3.099805818300016199e+03
1.230506964082561353e+03 3.113005818300016472e+03
1.211806964082561308e+03 3.122905818300016108e+03
1.209606964082561262e+03 3.124005818300016472e+03
1.196406964082561444e+03 3.124005818300016472e+03
1.130406964082561444e+03 3.109705818300016290e+03
1.127106964082561262e+03 3.058005818300016472e+03
1.127106964082561262e+03 3.011805818300016199e+03
