1.432017518248175293e+03 1.054137017726798717e+02
1.487017518248175293e+03 1.054137017726798717e+02
1.512317518248175247e+03 1.307137017726798831e+02
1.512317518248175247e+03 1.384137017726798717e+02
1.507917518248175156e+03 1.516137017726798888e+02
1.505717518248175111e+03 1.560137017726798661e+02
1.499117518248175202e+03 1.637137017726798831e+02
1.498017518248175293e+03 1.648137017726798774e+02
1.483717518248175111e+03 1.780137017726798945e+02
1.478217518248175111e+03 1.824137017726798717e+02
1.474917518248175156e+03 1.846137017726798604e+02
1.468317518248175247e+03 1.868137017726798774e+02
1.454017518248175293e+03 1.868137017726798774e+02
1.427617518248175202e+03 1.846137017726798604e+02
1.425417518248175156e+03 1.835137017726798945e+02
1.425417518248175156e+03 1.505137017726798661e+02
1.432017518248175293e+03 1.054137017726798717e+02
