3.611136202920829987e+02 3.311754066102997513e+03
3.633136202920829874e+02 3.309554066102997695e+03
3.787136202920830215e+02 3.296354066102997876e+03
3.919136202920830101e+02 3.285354066102997876e+03
4.073136202920829874e+02 3.273254066102997513e+03
4.106136202920829987e+02 3.272154066102997604e+03
4.337136202920830215e+02 3.272154066102997604e+03
4.557136202920830215e+02 3.279854066102997876e+03
4.568136202920829874e+02 3.280954066102997785e+03
4.568136202920829874e+02 3.327154066102997604e+03
4.469136202920830101e+02 3.385454066102997785e+03
4.172136202920830215e+02 3.385454066102997785e+03
3.457136202920830215e+02 3.329354066102997876e+03
3.611136202920829987e+02 3.311754066102997513e+03
