1.634929016786570628e+03 3.719939448441246896e+03
1.637129016786570674e+03 3.674839448441246986e+03
1.638229016786570810e+03 3.672639448441247168e+03
1.659129016786570674e+03 3.666039448441246805e+03
1.688829016786570719e+03 3.666039448441246805e+03
1.725129016786570674e+03 3.702339448441246986e+03
1.732829016786570719e+03 3.718839448441246986e+03
1.732829016786570719e+03 3.734239448441247077e+03
1.719629016786570674e+03 3.754039448441246805e+03
1.718529016786570764e+03 3.755139448441247168e+03
1.703129016786570674e+03 3.767239448441247077e+03
1.691029016786570764e+03 3.774939448441246896e+03
1.686629016786570674e+03 3.777139448441247168e+03
1.662429016786570628e+03 3.777139448441247168e+03
1.659129016786570674e+03 3.773839448441246986e+03
1.653629016786570674e+03 3.766139448441247168e+03
1.636029016786570764e+03 3.737539448441246805e+03
1.634929016786570628e+03 3.734239448441247077e+03
1.634929016786570628e+03 3.719939448441246896e+03
