1.658973119005808485e+03 1.468868242604349689e+03
1.662273119005808439e+03 1.419368242604349689e+03
1.694173119005808530e+03 1.387468242604349598e+03
1.700773119005808439e+03 1.387468242604349598e+03
1.737073119005808394e+03 1.468868242604349689e+03
1.737073119005808394e+03 1.501868242604349689e+03
1.704073119005808394e+03 1.571168242604349643e+03
1.699673119005808530e+03 1.571168242604349643e+03
1.690873119005808348e+03 1.567868242604349689e+03
1.688673119005808530e+03 1.565668242604349643e+03
1.678773119005808439e+03 1.553568242604349507e+03
1.658973119005808485e+03 1.527168242604349643e+03
1.658973119005808485e+03 1.468868242604349689e+03
