1.242390461358769699e+03 4.288755693984816162e+02
1.245690461358769653e+03 4.123755693984816162e+02
1.246790461358769790e+03 4.101755693984816276e+02
1.276490461358769608e+03 3.617755693984815935e+02
1.279790461358769790e+03 3.617755693984815935e+02
1.307290461358769790e+03 3.892755693984815935e+02
1.320490461358769608e+03 4.255755693984816048e+02
1.320490461358769608e+03 4.596755693984816276e+02
1.302890461358769699e+03 4.805755693984816048e+02
1.287490461358769608e+03 4.959755693984816389e+02
1.280890461358769699e+03 4.959755693984816389e+02
1.242390461358769699e+03 4.552755693984815935e+02
1.241290461358769790e+03 4.530755693984816048e+02
1.241290461358769790e+03 4.420755693984816048e+02
1.242390461358769699e+03 4.288755693984816162e+02
