2.799950631911531929e+01 1.596958935624012611e+03
2.909950631911532071e+01 1.595858935624012702e+03
4.669950631911532213e+01 1.583758935624012565e+03
4.889950631911531786e+01 1.582658935624012656e+03
8.519950631911532923e+01 1.580458935624012611e+03
1.104995063191153264e+02 1.580458935624012611e+03
1.170995063191153349e+02 1.587058935624012520e+03
1.489995063191153122e+02 1.647558935624012747e+03
1.489995063191153122e+02 1.660758935624012565e+03
8.189950631911531786e+01 1.710258935624012565e+03
7.199950631911532639e+01 1.710258935624012565e+03
-7.200493680884676451e+00 1.673958935624012611e+03
-7.200493680884676451e+00 1.643158935624012656e+03
2.799950631911531929e+01 1.596958935624012611e+03
