5.630865053693879645e+02 4.898181588821322293e+03
5.630865053693879645e+02 4.882781588821322657e+03
5.685865053693879645e+02 4.871781588821322657e+03
5.806865053693879872e+02 4.859681588821322293e+03
5.927865053693880100e+02 4.851981588821322475e+03
6.268865053693880327e+02 4.851981588821322475e+03
6.466865053693879872e+02 4.865181588821322293e+03
6.543865053693880327e+02 4.870681588821322293e+03
6.620865053693880782e+02 4.879481588821322475e+03
6.653865053693880327e+02 4.883881588821322111e+03
6.675865053693880782e+02 4.888281588821322657e+03
6.686865053693879872e+02 4.900381588821322111e+03
6.697865053693880100e+02 4.913581588821321930e+03
6.697865053693880100e+02 4.925681588821322293e+03
6.686865053693879872e+02 4.927881588821322111e+03
6.499865053693880554e+02 4.954281588821322657e+03
6.466865053693879872e+02 4.957581588821321930e+03
6.400865053693880782e+02 4.961981588821322475e+03
6.378865053693880327e+02 4.963081588821321930e+03
6.312865053693880100e+02 4.965281588821322657e+03
6.246865053693879872e+02 4.966381588821322111e+03
6.059865053693880554e+02 4.966381588821322111e+03
5.982865053693880100e+02 4.964181588821322293e+03
5.960865053693880782e+02 4.963081588821321930e+03
5.696865053693879872e+02 4.921281588821322657e+03
5.630865053693879645e+02 4.898181588821322293e+03
