7.974777053926891313e+02 7.806118422005067259e+03
8.007777053926890858e+02 7.796218422005066714e+03
8.117777053926890858e+02 7.783018422005066896e+03
8.139777053926891313e+02 7.780818422005067077e+03
8.227777053926890858e+02 7.776418422005066532e+03
8.282777053926890858e+02 7.775318422005067077e+03
8.381777053926890630e+02 7.775318422005067077e+03
8.546777053926890630e+02 7.776418422005066532e+03
8.755777053926891540e+02 7.779718422005066714e+03
8.821777053926890630e+02 7.783018422005066896e+03
8.898777053926891085e+02 7.790718422005066714e+03
8.953777053926891085e+02 7.805018422005066896e+03
8.964777053926891313e+02 7.818218422005066714e+03
8.964777053926891313e+02 7.832518422005066896e+03
8.865777053926891540e+02 7.844618422005067259e+03
8.832777053926890858e+02 7.847918422005066532e+03
8.711777053926890630e+02 7.855618422005067259e+03
8.656777053926890630e+02 7.856718422005066714e+03
8.524777053926891313e+02 7.857818422005067077e+03
8.403777053926891085e+02 7.857818422005067077e+03
8.095777053926891540e+02 7.846818422005067077e+03
8.073777053926891085e+02 7.845718422005066714e+03
8.062777053926890858e+02 7.844618422005067259e+03
8.051777053926890630e+02 7.842418422005067441e+03
7.985777053926891540e+02 7.825918422005066532e+03
7.974777053926891313e+02 7.822618422005067259e+03
7.974777053926891313e+02 7.806118422005067259e+03
