1.253459858274281032e+03 7.240581075448103547e+03
1.254559858274280941e+03 7.221881075448103729e+03
1.262259858274280987e+03 7.210881075448103729e+03
1.279859858274280896e+03 7.207581075448103547e+03
1.291959858274281032e+03 7.207581075448103547e+03
1.306259858274280987e+03 7.209781075448103365e+03
1.309559858274280941e+03 7.210881075448103729e+03
1.311759858274280987e+03 7.211981075448103184e+03
1.345859858274280896e+03 7.231781075448103365e+03
1.357959858274281032e+03 7.251581075448103547e+03
1.359059858274280941e+03 7.253781075448103365e+03
1.359059858274280941e+03 7.275781075448103365e+03
1.279859858274280896e+03 7.275781075448103365e+03
1.269959858274281032e+03 7.270281075448103365e+03
1.260059858274280941e+03 7.260381075448103729e+03
1.253459858274281032e+03 7.250481075448103184e+03
1.253459858274281032e+03 7.240581075448103547e+03
