1.775427792553191466e+03 3.186747750443262248e+03
1.775427792553191466e+03 3.168047750443262430e+03
1.778727792553191421e+03 3.150447750443262521e+03
1.783127792553191512e+03 3.144947750443262521e+03
1.789727792553191421e+03 3.138347750443262612e+03
1.794127792553191512e+03 3.136147750443262339e+03
1.801827792553191557e+03 3.132847750443262612e+03
1.813927792553191466e+03 3.132847750443262612e+03
1.827127792553191512e+03 3.137247750443262248e+03
1.842527792553191375e+03 3.144947750443262521e+03
1.860127792553191512e+03 3.157047750443262430e+03
1.861227792553191421e+03 3.158147750443262339e+03
1.874427792553191466e+03 3.176847750443262612e+03
1.874427792553191466e+03 3.250547750443262430e+03
1.857927792553191466e+03 3.263747750443262248e+03
1.845827792553191557e+03 3.268147750443262339e+03
1.822727792553191421e+03 3.268147750443262339e+03
1.777627792553191512e+03 3.238447750443262521e+03
1.775427792553191466e+03 3.186747750443262248e+03
