8.175319265864786757e+02 8.479589153878059733e+03
8.164319265864786530e+02 8.476289153878058642e+03
8.153319265864786303e+02 8.470789153878058642e+03
8.142319265864786075e+02 8.460889153878059005e+03
8.142319265864786075e+02 8.448789153878058642e+03
8.164319265864786530e+02 8.445489153878059369e+03
8.219319265864786530e+02 8.438889153878059005e+03
8.252319265864786075e+02 8.435589153878057914e+03
8.296319265864785848e+02 8.433389153878059005e+03
8.538319265864786303e+02 8.426789153878058642e+03
8.604319265864786530e+02 8.425689153878058278e+03
8.791319265864786985e+02 8.423489153878059369e+03
8.912319265864786075e+02 8.423489153878059369e+03
9.297319265864786075e+02 8.457589153878057914e+03
9.352319265864786075e+02 8.463089153878059733e+03
9.374319265864786530e+02 8.467489153878059369e+03
9.396319265864786985e+02 8.477389153878059005e+03
9.407319265864786075e+02 8.487289153878058642e+03
9.407319265864786075e+02 8.498289153878058642e+03
9.385319265864786757e+02 8.509289153878058642e+03
9.352319265864786075e+02 8.515889153878059005e+03
9.275319265864786757e+02 8.523589153878059733e+03
8.967319265864786075e+02 8.549989153878059369e+03
8.846319265864786985e+02 8.556589153878059733e+03
8.802319265864786075e+02 8.556589153878059733e+03
8.307319265864786075e+02 8.514789153878058642e+03
8.252319265864786075e+02 8.500489153878059369e+03
8.175319265864786757e+02 8.479589153878059733e+03
