9.904758407243162992e+02 3.769220759423503296e+03
9.904758407243162992e+02 3.768120759423503387e+03
1.076275840724316367e+03 3.725220759423503296e+03
1.147775840724316367e+03 3.725220759423503296e+03
1.148875840724316276e+03 3.726320759423503205e+03
1.149975840724316413e+03 3.728520759423503478e+03
1.149975840724316413e+03 3.743920759423503114e+03
1.148875840724316276e+03 3.750520759423503478e+03
1.119175840724316458e+03 3.860520759423503478e+03
1.115875840724316276e+03 3.863820759423503205e+03
1.076275840724316367e+03 3.863820759423503205e+03
1.042175840724316458e+03 3.840720759423503296e+03
9.904758407243162992e+02 3.769220759423503296e+03
