1.641168382116435964e+02 6.895561418462528309e+03
1.839168382116436078e+02 6.879061418462528309e+03
2.081168382116436248e+02 6.863661418462527763e+03
2.125168382116436305e+02 6.862561418462528309e+03
2.224168382116436078e+02 6.860361418462528491e+03
2.378168382116436135e+02 6.860361418462528491e+03
2.554168382116436078e+02 6.864761418462528127e+03
2.697168382116436192e+02 6.869161418462527763e+03
2.730168382116436305e+02 6.870261418462528127e+03
2.752168382116436192e+02 6.871361418462528491e+03
2.895168382116436305e+02 6.881261418462528127e+03
2.906168382116436533e+02 6.882361418462528491e+03
2.906168382116436533e+02 6.899961418462527945e+03
2.862168382116436192e+02 6.908761418462528127e+03
2.840168382116436305e+02 6.912061418462528309e+03
2.642168382116436192e+02 6.937361418462528491e+03
1.949168382116436078e+02 6.937361418462528491e+03
1.553168382116436135e+02 6.906561418462528309e+03
1.553168382116436135e+02 6.905461418462527945e+03
1.575168382116436305e+02 6.902161418462527763e+03
1.641168382116435964e+02 6.895561418462528309e+03
