1.525394340827797578e+03 3.264201724578436369e+03
1.622194340827797532e+03 3.229001724578436551e+03
1.645294340827797669e+03 3.223501724578436551e+03
1.662894340827797578e+03 3.223501724578436551e+03
1.721194340827797532e+03 3.249901724578436188e+03
1.722294340827797669e+03 3.251001724578436551e+03
1.723394340827797578e+03 3.254301724578436279e+03
1.723394340827797578e+03 3.264201724578436369e+03
1.712394340827797578e+03 3.310401724578436188e+03
1.662894340827797578e+03 3.310401724578436188e+03
1.605694340827797532e+03 3.307101724578436460e+03
1.512194340827797532e+03 3.281801724578436279e+03
1.512194340827797532e+03 3.280701724578436369e+03
1.514394340827797578e+03 3.276301724578436279e+03
1.525394340827797578e+03 3.264201724578436369e+03
