1.063900264819718814e+03 6.500287288653493306e+03
1.182700264819718996e+03 6.454087288653493488e+03
1.187100264819718859e+03 6.454087288653493488e+03
1.227800264819718905e+03 6.478287288653493306e+03
1.230000264819718950e+03 6.480487288653494033e+03
1.231100264819718859e+03 6.482687288653493852e+03
1.234400264819718814e+03 6.516787288653493306e+03
1.234400264819718814e+03 6.535487288653494033e+03
1.232200264819718996e+03 6.543187288653493852e+03
1.227800264819718905e+03 6.549787288653493306e+03
1.225600264819718859e+03 6.551987288653494033e+03
1.198100264819718859e+03 6.566287288653493306e+03
1.195900264819718814e+03 6.567387288653493670e+03
1.186000264819718950e+03 6.569587288653493488e+03
1.172800264819718905e+03 6.569587288653493488e+03
1.166200264819718996e+03 6.568487288653494033e+03
1.128800264819718905e+03 6.559687288653493852e+03
1.116700264819718768e+03 6.556387288653493670e+03
1.091400264819718814e+03 6.548687288653493852e+03
1.089200264819718996e+03 6.546487288653494033e+03
1.076000264819718950e+03 6.527787288653493306e+03
1.074900264819718814e+03 6.525587288653493488e+03
1.063900264819718814e+03 6.500287288653493306e+03
