7.535232773595830622e+02 5.805816193784983625e+03
7.557232773595831077e+02 5.803616193784983807e+03
7.634232773595830395e+02 5.799216193784983261e+03
7.689232773595830395e+02 5.797016193784983443e+03
7.722232773595831077e+02 5.795916193784983989e+03
7.865232773595830622e+02 5.795916193784983989e+03
7.898232773595831304e+02 5.797016193784983443e+03
7.942232773595831077e+02 5.801416193784983989e+03
7.986232773595830849e+02 5.806916193784983989e+03
8.074232773595831532e+02 5.858616193784983807e+03
8.074232773595831532e+02 5.868516193784983443e+03
8.030232773595830622e+02 5.879516193784983443e+03
7.975232773595830622e+02 5.890516193784983443e+03
7.920232773595830622e+02 5.896016193784983443e+03
7.887232773595831077e+02 5.897116193784983807e+03
7.733232773595831304e+02 5.900416193784983989e+03
7.623232773595831304e+02 5.900416193784983989e+03
7.392232773595831077e+02 5.894916193784983989e+03
7.348232773595831304e+02 5.892716193784983261e+03
7.337232773595831077e+02 5.890516193784983443e+03
7.282232773595831077e+02 5.868516193784983443e+03
7.282232773595831077e+02 5.856416193784983989e+03
7.535232773595830622e+02 5.805816193784983625e+03
