8.007660382039196065e+02 4.541364028776978557e+03
8.018660382039196293e+02 4.539164028776978739e+03
8.062660382039196065e+02 4.531464028776978012e+03
8.073660382039196293e+02 4.530364028776978557e+03
8.260660382039195611e+02 4.514964028776978012e+03
8.436660382039195838e+02 4.503964028776978012e+03
8.480660382039196747e+02 4.501764028776978193e+03
8.612660382039196065e+02 4.501764028776978193e+03
8.700660382039195611e+02 4.502864028776978557e+03
8.700660382039195611e+02 4.544664028776978739e+03
8.568660382039196293e+02 4.590864028776978557e+03
8.084660382039196520e+02 4.590864028776978557e+03
8.051660382039195838e+02 4.583164028776978739e+03
8.007660382039196065e+02 4.567764028776978193e+03
8.007660382039196065e+02 4.541364028776978557e+03
