4.121505260243632165e+02 7.506553128460686821e+03
4.396505260243632165e+02 7.506553128460686821e+03
5.023505260243632620e+02 7.513153128460686276e+03
5.045505260243632506e+02 7.515353128460687003e+03
5.078505260243632620e+02 7.529653128460686276e+03
5.078505260243632620e+02 7.543953128460686457e+03
5.067505260243632392e+02 7.546153128460686276e+03
5.056505260243632165e+02 7.547253128460686639e+03
5.034505260243632279e+02 7.548353128460687003e+03
4.506505260243632165e+02 7.561553128460686821e+03
4.176505260243632165e+02 7.567053128460686821e+03
4.165505260243632506e+02 7.567053128460686821e+03
4.121505260243632165e+02 7.540653128460686276e+03
4.121505260243632165e+02 7.506553128460686821e+03
