7.373604940318302852e+02 2.979448789787798432e+03
7.395604940318302170e+02 2.967348789787798523e+03
7.472604940318302624e+02 2.955248789787798160e+03
7.560604940318302170e+02 2.943148789787798250e+03
7.934604940318301942e+02 2.932148789787798250e+03
7.945604940318302170e+02 2.932148789787798250e+03
8.066604940318302397e+02 2.944248789787798160e+03
8.132604940318302624e+02 3.003648789787798250e+03
8.132604940318302624e+02 3.052048789787798341e+03
7.967604940318302624e+02 3.053148789787798250e+03
7.802604940318302624e+02 3.053148789787798250e+03
7.736604940318302397e+02 3.052048789787798341e+03
7.714604940318301942e+02 3.050948789787798432e+03
7.505604940318302170e+02 3.039948789787798432e+03
7.483604940318302852e+02 3.035548789787798341e+03
7.395604940318302170e+02 3.012448789787798432e+03
7.373604940318302852e+02 3.002548789787798341e+03
7.373604940318302852e+02 2.979448789787798432e+03
