1.429356153219233931e+02 7.993464167345829992e+03
1.429356153219233931e+02 7.980264167345830174e+03
1.440356153219233875e+02 7.976964167345829992e+03
1.462356153219233761e+02 7.972564167345829446e+03
1.550356153219233875e+02 7.963764167345830174e+03
1.572356153219233761e+02 7.962664167345829810e+03
1.638356153219233988e+02 7.960464167345829992e+03
1.814356153219233931e+02 7.960464167345829992e+03
1.836356153219233818e+02 7.961564167345830356e+03
2.012356153219234045e+02 7.971464167345829992e+03
2.122356153219233761e+02 7.990164167345829810e+03
2.122356153219233761e+02 8.000064167345830356e+03
2.100356153219233875e+02 8.020964167345829992e+03
2.089356153219233931e+02 8.023164167345829810e+03
2.045356153219233875e+02 8.027564167345830356e+03
1.990356153219233875e+02 8.031964167345829992e+03
1.935356153219233875e+02 8.035264167345830174e+03
1.880356153219233875e+02 8.037464167345829992e+03
1.660356153219233875e+02 8.037464167345829992e+03
1.583356153219233988e+02 8.034164167345829810e+03
1.495356153219233875e+02 8.025364167345829628e+03
1.484356153219233931e+02 8.023164167345829810e+03
1.451356153219233818e+02 8.013264167345830174e+03
1.429356153219233931e+02 7.993464167345829992e+03
