1.055475036261079822e+03 3.449357647058823659e+03
1.055475036261079822e+03 3.437257647058823750e+03
1.104975036261079822e+03 3.408657647058823386e+03
1.112675036261079867e+03 3.408657647058823386e+03
1.184175036261079867e+03 3.431757647058823295e+03
1.195175036261079867e+03 3.442757647058823295e+03
1.191875036261079686e+03 3.462557647058823477e+03
1.112675036261079867e+03 3.505457647058823568e+03
1.093975036261079822e+03 3.505457647058823568e+03
1.058775036261079777e+03 3.470257647058823750e+03
1.055475036261079822e+03 3.449357647058823659e+03
