1.385481870669746058e+03 6.491542725173209874e+03
1.386581870669745967e+03 6.488242725173209692e+03
1.396481870669746058e+03 6.476142725173210238e+03
1.412981870669746058e+03 6.459642725173210238e+03
1.433881870669745922e+03 6.453042725173209874e+03
1.449281870669746013e+03 6.448642725173210238e+03
1.459181870669745877e+03 6.448642725173210238e+03
1.480081870669745967e+03 6.458542725173209874e+03
1.481181870669745877e+03 6.459642725173210238e+03
1.497681870669745877e+03 6.477242725173209692e+03
1.504281870669746013e+03 6.484942725173210420e+03
1.504281870669746013e+03 6.516842725173210056e+03
1.471281870669746013e+03 6.579542725173209874e+03
1.441581870669745967e+03 6.574042725173209874e+03
1.386581870669745967e+03 6.524542725173209874e+03
1.385481870669746058e+03 6.510242725173209692e+03
1.385481870669746058e+03 6.491542725173209874e+03
