1.298723171670515626e+02 3.051364387990762225e+03
1.309723171670515853e+02 3.049164387990761952e+03
1.320723171670515796e+02 3.048064387990762043e+03
1.342723171670515683e+02 3.046964387990762134e+03
1.562723171670515683e+02 3.038164387990761952e+03
1.705723171670515796e+02 3.038164387990761952e+03
1.936723171670515740e+02 3.045864387990762225e+03
2.035723171670515796e+02 3.052464387990762134e+03
2.376723171670515740e+02 3.075564387990762043e+03
2.376723171670515740e+02 3.093164387990761952e+03
1.914723171670515853e+02 3.148164387990761952e+03
1.705723171670515796e+02 3.148164387990761952e+03
1.463723171670515626e+02 3.144864387990762225e+03
1.298723171670515626e+02 3.093164387990761952e+03
1.298723171670515626e+02 3.051364387990762225e+03
