3.899332959641255343e+02 2.672725400384369095e+03
3.932332959641255457e+02 2.637525400384368822e+03
4.515332959641255570e+02 2.585825400384369004e+03
4.548332959641255684e+02 2.585825400384369004e+03
4.559332959641255911e+02 2.586925400384368913e+03
4.823332959641255684e+02 2.672725400384369095e+03
4.823332959641255684e+02 2.723325400384369004e+03
4.350332959641255570e+02 2.723325400384369004e+03
3.899332959641255343e+02 2.716725400384369095e+03
3.899332959641255343e+02 2.672725400384369095e+03
