1.580511689038031363e+03 6.246303571428571558e+03
1.587111689038031273e+03 6.239703571428571195e+03
1.601411689038031227e+03 6.239703571428571195e+03
1.659711689038031409e+03 6.256203571428571195e+03
1.647611689038031273e+03 6.380503571428571377e+03
1.641011689038031363e+03 6.406903571428571013e+03
1.637711689038031409e+03 6.411303571428571558e+03
1.635511689038031363e+03 6.413503571428571377e+03
1.631111689038031273e+03 6.415703571428571195e+03
1.604711689038031409e+03 6.420103571428571740e+03
1.590411689038031227e+03 6.420103571428571740e+03
1.577211689038031409e+03 6.419003571428571377e+03
1.537611689038031273e+03 6.401403571428571922e+03
1.531011689038031363e+03 6.398103571428571740e+03
1.529911689038031227e+03 6.397003571428571377e+03
1.520011689038031363e+03 6.365103571428571740e+03
1.520011689038031363e+03 6.350803571428571558e+03
1.521111689038031273e+03 6.344203571428571195e+03
1.522211689038031409e+03 6.342003571428571377e+03
1.580511689038031363e+03 6.246303571428571558e+03
