3.209918076580587467e+02 6.935597061442564154e+03
3.451918076580587922e+02 6.932297061442564882e+03
3.484918076580587467e+02 6.932297061442564882e+03
3.792918076580587581e+02 6.986197061442564518e+03
3.792918076580587581e+02 7.010397061442564336e+03
3.770918076580587694e+02 7.011497061442564700e+03
3.583918076580587808e+02 7.019197061442564518e+03
3.275918076580587694e+02 7.020297061442564882e+03
3.143918076580587808e+02 7.020297061442564882e+03
3.143918076580587808e+02 6.986197061442564518e+03
3.209918076580587467e+02 6.935597061442564154e+03
