1.808137704365413754e+02 4.115861301196696331e+03
1.819137704365413697e+02 4.101561301196696149e+03
1.852137704365413811e+02 4.087261301196696422e+03
1.863137704365413754e+02 4.083961301196696240e+03
2.116137704365413867e+02 4.071861301196696331e+03
2.215137704365413924e+02 4.069661301196696513e+03
2.369137704365413697e+02 4.069661301196696513e+03
2.435137704365413924e+02 4.071861301196696331e+03
2.479137704365413697e+02 4.074061301196696604e+03
2.567137704365413811e+02 4.080661301196696513e+03
2.655137704365413924e+02 4.089461301196696240e+03
2.787137704365413811e+02 4.112561301196696149e+03
2.787137704365413811e+02 4.125761301196696877e+03
2.776137704365413583e+02 4.127961301196696695e+03
2.666137704365413583e+02 4.143361301196696331e+03
2.600137704365413924e+02 4.149961301196696695e+03
2.479137704365413697e+02 4.159861301196696331e+03
2.457137704365413811e+02 4.160961301196696695e+03
1.973137704365413754e+02 4.165361301196696331e+03
1.907137704365413811e+02 4.158761301196696877e+03
1.830137704365413924e+02 4.135661301196696513e+03
1.808137704365413754e+02 4.126861301196696331e+03
1.808137704365413754e+02 4.115861301196696331e+03
