9.800239846498240581e+01 1.461253125999360464e+03
9.800239846498240581e+01 1.449153125999360327e+03
9.910239846498240013e+01 1.446953125999360509e+03
1.035023984649824058e+02 1.441453125999360509e+03
2.047023984649824229e+02 1.415053125999360418e+03
2.399023984649824115e+02 1.415053125999360418e+03
2.564023984649824115e+02 1.446953125999360509e+03
2.575023984649824342e+02 1.449153125999360327e+03
2.773023984649823888e+02 1.494253125999360464e+03
2.773023984649823888e+02 1.509653125999360327e+03
2.652023984649824229e+02 1.542653125999360327e+03
2.047023984649824229e+02 1.542653125999360327e+03
1.101023984649824001e+02 1.509653125999360327e+03
9.800239846498240581e+01 1.461253125999360464e+03
