1.646142196924645305e+03 3.416552722793305747e+03
1.648342196924645350e+03 3.406652722793305657e+03
1.652742196924645214e+03 3.402252722793305566e+03
1.701142196924645305e+03 3.356052722793305747e+03
1.746242196924645214e+03 3.356052722793305747e+03
1.802342196924645350e+03 3.412152722793305657e+03
1.804542196924645395e+03 3.420952722793305384e+03
1.804542196924645395e+03 3.438552722793305747e+03
1.802342196924645350e+03 3.440752722793305566e+03
1.728642196924645305e+03 3.489152722793305657e+03
1.714342196924645350e+03 3.496852722793305475e+03
1.705542196924645395e+03 3.500152722793305657e+03
1.692342196924645350e+03 3.502352722793305475e+03
1.646142196924645305e+03 3.433052722793305747e+03
1.646142196924645305e+03 3.416552722793305747e+03
