4.309324596159707426e+02 6.852549238037183386e+03
4.375324596159707653e+02 6.852549238037183386e+03
4.771324596159707312e+02 6.854749238037184114e+03
4.804324596159707426e+02 6.858049238037183386e+03
5.079324596159707426e+02 6.905349238037183568e+03
5.079324596159707426e+02 6.929549238037183386e+03
4.859324596159707426e+02 6.952649238037183750e+03
4.672324596159707539e+02 6.968049238037183386e+03
4.386324596159707312e+02 6.968049238037183386e+03
3.990324596159707653e+02 6.939449238037183932e+03
3.913324596159707198e+02 6.931749238037184114e+03
3.913324596159707198e+02 6.929549238037183386e+03
4.309324596159707426e+02 6.852549238037183386e+03
