1.066298279519208108e+03 3.261837638463351595e+03
1.088298279519208108e+03 3.239837638463351595e+03
1.108098279519208063e+03 3.239837638463351595e+03
1.135598279519208063e+03 3.253037638463351414e+03
1.135598279519208063e+03 3.288237638463351232e+03
1.115798279519208108e+03 3.330037638463351414e+03
1.088298279519208108e+03 3.330037638463351414e+03
1.056398279519208018e+03 3.313537638463351414e+03
1.056398279519208018e+03 3.288237638463351232e+03
1.066298279519208108e+03 3.261837638463351595e+03
