2.745656495418847953e+02 3.523157207133507654e+03
2.745656495418847953e+02 3.497857207133507927e+03
2.921656495418848181e+02 3.476957207133507836e+03
2.943656495418848067e+02 3.474757207133508018e+03
3.020656495418847953e+02 3.468157207133507654e+03
3.086656495418848181e+02 3.464857207133507927e+03
3.537656495418848408e+02 3.456057207133507745e+03
3.724656495418848294e+02 3.470357207133507927e+03
3.988656495418848067e+02 3.523157207133507654e+03
3.988656495418848067e+02 3.604557207133507745e+03
3.955656495418847953e+02 3.618857207133507927e+03
3.944656495418848294e+02 3.622157207133507654e+03
3.746656495418848181e+02 3.634257207133508018e+03
3.449656495418848294e+02 3.634257207133508018e+03
3.317656495418848408e+02 3.630957207133507836e+03
3.306656495418848181e+02 3.629857207133507927e+03
2.745656495418847953e+02 3.523157207133507654e+03
