5.830973540145985226e+02 4.783474827656123125e+03
5.940973540145985226e+02 4.760374827656123671e+03
5.962973540145985680e+02 4.757074827656123489e+03
5.995973540145985226e+02 4.753774827656123307e+03
6.182973540145985680e+02 4.741674827656122943e+03
6.248973540145985908e+02 4.738374827656123671e+03
6.512973540145985680e+02 4.736174827656122943e+03
6.655973540145985226e+02 4.736174827656122943e+03
6.754973540145984998e+02 4.740574827656123489e+03
6.886973540145985453e+02 4.747174827656122943e+03
6.908973540145985908e+02 4.749374827656123671e+03
6.919973540145984998e+02 4.751574827656123489e+03
6.919973540145984998e+02 4.816474827656123125e+03
6.655973540145985226e+02 4.859374827656123671e+03
6.446973540145985453e+02 4.874774827656123307e+03
6.380973540145985226e+02 4.874774827656123307e+03
5.907973540145985680e+02 4.861574827656123489e+03
5.819973540145984998e+02 4.839574827656123489e+03
5.808973540145985908e+02 4.836274827656123307e+03
5.808973540145985908e+02 4.824174827656122943e+03
5.830973540145985226e+02 4.783474827656123125e+03
