4.478879546343370777e+01 6.749296812671098451e+03
8.218879546343370635e+01 6.749296812671098451e+03
9.208879546343371203e+01 6.759196812671098996e+03
1.206887954634337063e+02 6.809796812671098451e+03
1.206887954634337063e+02 6.842796812671099360e+03
1.151887954634337063e+02 6.850496812671099178e+03
1.129887954634337177e+02 6.852696812671098996e+03
9.758879546343371203e+01 6.859296812671099360e+03
7.338879546343370919e+01 6.866996812671099178e+03
6.788879546343370919e+01 6.866996812671099178e+03
4.808879546343371203e+01 6.847196812671098996e+03
4.478879546343370777e+01 6.749296812671098451e+03
