1.143006873369456116e+03 3.645886855308047416e+03
1.143006873369456116e+03 3.633786855308047507e+03
1.144106873369456252e+03 3.619486855308047325e+03
1.151806873369456071e+03 3.604086855308047234e+03
1.161706873369456162e+03 3.589786855308047507e+03
1.169406873369456207e+03 3.582086855308047234e+03
1.188106873369456252e+03 3.574386855308047416e+03
1.203506873369456116e+03 3.569986855308047325e+03
1.209006873369456116e+03 3.568886855308047416e+03
1.228806873369456071e+03 3.568886855308047416e+03
1.231006873369456116e+03 3.569986855308047325e+03
1.244206873369456162e+03 3.641486855308047325e+03
1.244206873369456162e+03 3.717386855308047416e+03
1.243106873369456252e+03 3.718486855308047325e+03
1.215606873369456252e+03 3.721786855308047507e+03
1.205706873369456162e+03 3.721786855308047507e+03
1.185906873369456207e+03 3.718486855308047325e+03
1.182606873369456252e+03 3.717386855308047416e+03
1.178206873369456162e+03 3.715186855308047598e+03
1.168306873369456071e+03 3.705286855308047507e+03
1.166106873369456252e+03 3.701986855308047325e+03
1.165006873369456116e+03 3.699786855308047507e+03
1.144106873369456252e+03 3.649186855308047598e+03
1.143006873369456116e+03 3.645886855308047416e+03
