3.339263007500892400e+01 3.342083688534349221e+03
3.339263007500892400e+01 3.324483688534349312e+03
3.449263007500892542e+01 3.317883688534349403e+03
4.109263007500892684e+01 3.304683688534349130e+03
5.099263007500892542e+01 3.292583688534349221e+03
5.319263007500892826e+01 3.290383688534349403e+03
5.759263007500892684e+01 3.288183688534349130e+03
6.639263007500892400e+01 3.284883688534349403e+03
8.509263007500892684e+01 3.284883688534349403e+03
9.719263007500893536e+01 3.288183688534349130e+03
9.939263007500892400e+01 3.289283688534349494e+03
1.037926300750089297e+02 3.293683688534349130e+03
1.400926300750089410e+02 3.350883688534349403e+03
1.400926300750089410e+02 3.378383688534349403e+03
1.367926300750089297e+02 3.398183688534349130e+03
8.069263007500893536e+01 3.424583688534349221e+03
6.749263007500893252e+01 3.424583688534349221e+03
4.659263007500892684e+01 3.386083688534349221e+03
3.339263007500892400e+01 3.342083688534349221e+03
