1.610932703973309117e+03 1.072670624810433765e+03
1.612032703973309026e+03 1.069370624810433810e+03
1.621932703973309117e+03 1.049570624810433628e+03
1.639532703973309026e+03 1.029770624810433674e+03
1.641732703973309071e+03 1.027570624810433628e+03
1.643932703973309117e+03 1.026470624810433719e+03
1.687932703973309117e+03 1.013270624810433674e+03
1.723132703973309162e+03 1.013270624810433674e+03
1.782532703973309026e+03 1.029770624810433674e+03
1.793532703973309026e+03 1.107870624810433810e+03
1.793532703973309026e+03 1.108970624810433719e+03
1.785832703973308980e+03 1.116670624810433765e+03
1.723132703973309162e+03 1.136470624810433719e+03
1.691232703973309071e+03 1.136470624810433719e+03
1.650532703973309026e+03 1.127670624810433765e+03
1.642832703973308980e+03 1.123270624810433674e+03
1.620832703973308980e+03 1.105670624810433765e+03
1.617532703973309026e+03 1.102370624810433810e+03
1.609832703973308980e+03 1.092470624810433719e+03
1.609832703973308980e+03 1.080370624810433810e+03
1.610932703973309117e+03 1.072670624810433765e+03
