1.333053927053032055e+02 7.239955001118818473e+03
1.333053927053032055e+02 7.232255001118818655e+03
1.520053927053031941e+02 7.216855001118818109e+03
1.707053927053032112e+02 7.203655001118818291e+03
1.773053927053032055e+02 7.200355001118818109e+03
1.850053927053031941e+02 7.197055001118818836e+03
1.938053927053032055e+02 7.193755001118818655e+03
2.037053927053032112e+02 7.190455001118818473e+03
2.301053927053031884e+02 7.239955001118818473e+03
2.301053927053031884e+02 7.264155001118818291e+03
2.092053927053032112e+02 7.274055001118818836e+03
1.685053927053031941e+02 7.285055001118818836e+03
1.663053927053032055e+02 7.285055001118818836e+03
1.333053927053032055e+02 7.239955001118818473e+03
