1.526877809377401945e+03 1.976958631821675681e+03
1.526877809377401945e+03 1.963758631821675635e+03
1.527977809377402082e+03 1.960458631821675681e+03
1.530177809377401900e+03 1.957158631821675726e+03
1.531277809377402036e+03 1.956058631821675590e+03
1.534577809377401991e+03 1.953858631821675544e+03
1.536777809377402036e+03 1.952758631821675635e+03
1.566477809377402082e+03 1.943958631821675681e+03
1.580777809377402036e+03 1.943958631821675681e+03
1.587377809377401945e+03 1.946158631821675726e+03
1.588477809377402082e+03 1.947258631821675635e+03
1.596177809377401900e+03 1.957158631821675726e+03
1.597277809377402036e+03 1.959358631821675544e+03
1.639077809377401991e+03 2.044058631821675590e+03
1.648977809377402082e+03 2.075958631821675681e+03
1.602777809377402036e+03 2.182658631821675499e+03
1.601677809377401900e+03 2.184858631821675772e+03
1.598377809377401945e+03 2.190358631821675772e+03
1.588477809377402082e+03 2.200258631821675408e+03
1.582977809377402082e+03 2.203558631821675590e+03
1.580777809377402036e+03 2.204658631821675499e+03
1.577477809377402082e+03 2.205758631821675408e+03
1.573077809377401991e+03 2.206858631821675772e+03
1.570877809377401945e+03 2.206858631821675772e+03
1.537877809377401945e+03 2.061658631821675499e+03
1.526877809377401945e+03 1.976958631821675681e+03
