1.060145743859107142e+03 1.844879360420206922e+03
1.060145743859107142e+03 1.804179360420207104e+03
1.075545743859107006e+03 1.786579360420206967e+03
1.077745743859107051e+03 1.785479360420207058e+03
1.088745743859107051e+03 1.781079360420206967e+03
1.106345743859106960e+03 1.781079360420206967e+03
1.115145743859107142e+03 1.785479360420207058e+03
1.141545743859107006e+03 1.811879360420206922e+03
1.141545743859107006e+03 1.844879360420206922e+03
1.121745743859107051e+03 1.954879360420206922e+03
1.103045743859107006e+03 1.961479360420207058e+03
1.060145743859107142e+03 1.844879360420206922e+03
