1.517021959654178772e+03 7.205480893371757702e+03
1.519221959654178590e+03 7.205480893371757702e+03
1.552221959654178590e+03 7.210980893371757702e+03
1.581921959654178636e+03 7.260480893371757702e+03
1.581921959654178636e+03 7.269280893371757884e+03
1.572021959654178772e+03 7.275880893371758248e+03
1.554421959654178636e+03 7.286880893371758248e+03
1.535721959654178590e+03 7.292380893371758248e+03
1.511521959654178772e+03 7.292380893371758248e+03
1.507121959654178681e+03 7.291280893371757884e+03
1.507121959654178681e+03 7.260480893371757702e+03
1.517021959654178772e+03 7.205480893371757702e+03
