8.812499621498864144e+02 6.606657254605097478e+03
8.944499621498864599e+02 6.601157254605097478e+03
9.252499621498864144e+02 6.589057254605097114e+03
9.263499621498864371e+02 6.589057254605097114e+03
9.670499621498864826e+02 6.629757254605096932e+03
9.670499621498864826e+02 6.638557254605097114e+03
9.659499621498864599e+02 6.667157254605097478e+03
9.164499621498864599e+02 6.667157254605097478e+03
9.010499621498864826e+02 6.660557254605097114e+03
8.812499621498864144e+02 6.639657254605097478e+03
8.812499621498864144e+02 6.606657254605097478e+03
