2.995761166690150503e+02 3.029603381710581743e+03
3.457761166690150958e+02 2.937203381710582107e+03
3.479761166690150844e+02 2.937203381710582107e+03
3.754761166690150844e+02 2.964703381710582107e+03
3.886761166690150731e+02 3.029603381710581743e+03
3.886761166690150731e+02 3.071403381710581925e+03
3.490761166690151072e+02 3.107703381710582107e+03
3.468761166690150617e+02 3.107703381710582107e+03
3.424761166690150844e+02 3.106603381710581743e+03
3.391761166690150731e+02 3.105503381710581834e+03
3.369761166690150844e+02 3.104403381710581925e+03
3.281761166690150731e+02 3.098903381710581925e+03
3.237761166690150958e+02 3.095603381710581743e+03
3.226761166690150731e+02 3.094503381710581834e+03
2.995761166690150503e+02 3.049403381710581925e+03
2.995761166690150503e+02 3.029603381710581743e+03
