4.654500501648273030e+02 1.707918919306292082e+03
5.556500501648273485e+02 1.655118919306292128e+03
5.644500501648273030e+02 1.655118919306292128e+03
6.029500501648273030e+02 1.706818919306292173e+03
6.040500501648273257e+02 1.709018919306291991e+03
6.040500501648273257e+02 1.734318919306292173e+03
6.029500501648273030e+02 1.750818919306292173e+03
6.018500501648272802e+02 1.754118919306292128e+03
5.963500501648272802e+02 1.759618919306292128e+03
5.886500501648272348e+02 1.766218919306292037e+03
5.798500501648272802e+02 1.767318919306292173e+03
5.644500501648273030e+02 1.767318919306292173e+03
5.358500501648272802e+02 1.759618919306292128e+03
4.830500501648272689e+02 1.733218919306292037e+03
4.797500501648272575e+02 1.731018919306292219e+03
4.654500501648273030e+02 1.707918919306292082e+03
