1.260547954016696394e+03 2.816190570685643706e+03
1.269347954016696349e+03 2.808490570685643888e+03
1.314447954016696258e+03 2.808490570685643888e+03
1.374947954016696258e+03 2.831590570685643797e+03
1.374947954016696258e+03 2.832690570685643706e+03
1.369447954016696258e+03 2.850290570685644070e+03
1.360647954016696303e+03 2.876690570685643706e+03
1.358447954016696258e+03 2.881090570685643797e+03
1.344147954016696303e+03 2.900890570685643979e+03
1.343047954016696394e+03 2.901990570685643888e+03
1.330947954016696258e+03 2.909690570685643706e+03
1.315547954016696394e+03 2.909690570685643706e+03
1.292447954016696258e+03 2.905290570685644070e+03
1.285847954016696349e+03 2.903090570685643797e+03
1.271547954016696394e+03 2.897590570685643797e+03
1.260547954016696394e+03 2.886590570685643797e+03
1.260547954016696394e+03 2.816190570685643706e+03
