5.689069938289744641e+02 4.364872200999118832e+03
5.689069938289744641e+02 4.351672200999118104e+03
5.700069938289743732e+02 4.347272200999118468e+03
5.733069938289744414e+02 4.338472200999118286e+03
5.744069938289744641e+02 4.336272200999118468e+03
5.755069938289743732e+02 4.335172200999118104e+03
6.437069938289744186e+02 4.287872200999118832e+03
6.558069938289744414e+02 4.287872200999118832e+03
7.361069938289743959e+02 4.327472200999118286e+03
7.372069938289744186e+02 4.329672200999118104e+03
7.449069938289744641e+02 4.356072200999118650e+03
7.460069938289744869e+02 4.360472200999118286e+03
7.460069938289744869e+02 4.375872200999118832e+03
7.427069938289744186e+02 4.392372200999118832e+03
7.339069938289744641e+02 4.408872200999118832e+03
7.064069938289744641e+02 4.459472200999118286e+03
6.723069938289744414e+02 4.472672200999118104e+03
6.382069938289744186e+02 4.472672200999118104e+03
5.777069938289744186e+02 4.412172200999118104e+03
5.722069938289744186e+02 4.394572200999118650e+03
5.711069938289743959e+02 4.386872200999118832e+03
5.689069938289744641e+02 4.364872200999118832e+03
