1.362936885245901522e+02 4.634975409836065410e+02
2.561936885245901863e+02 4.304975409836065410e+02
2.902936885245901522e+02 4.304975409836065410e+02
3.067936885245901522e+02 4.678975409836065751e+02
3.067936885245901522e+02 4.821975409836065865e+02
2.825936885245901635e+02 5.063975409836065751e+02
2.561936885245901863e+02 5.063975409836065751e+02
1.406936885245901578e+02 4.799975409836065410e+02
1.384936885245901408e+02 4.777975409836065523e+02
1.362936885245901522e+02 4.744975409836065410e+02
1.362936885245901522e+02 4.634975409836065410e+02
