-6.729125589369914451e+00 5.360416280897270553e+03
-5.629125589369920135e+00 5.359316280897271099e+03
3.067087441063008413e+01 5.340616280897271281e+03
4.717087441063009123e+01 5.340616280897271281e+03
1.021708744106300912e+02 5.354916280897270553e+03
1.648708744106301083e+02 5.402216280897270735e+03
1.659708744106301026e+02 5.404416280897270553e+03
1.659708744106301026e+02 5.417616280897271281e+03
1.615708744106300969e+02 5.441816280897271099e+03
1.527708744106300855e+02 5.450616280897271281e+03
1.406708744106300912e+02 5.458316280897271099e+03
5.927087441063008555e+01 5.485816280897271099e+03
3.947087441063008839e+01 5.485816280897271099e+03
-6.729125589369914451e+00 5.467116280897271281e+03
-6.729125589369914451e+00 5.360416280897270553e+03
