5.360841905484911649e+02 7.199959878534826203e+03
5.393841905484912331e+02 7.193359878534826748e+03
5.426841905484911877e+02 7.188959878534826203e+03
5.569841905484911422e+02 7.181259878534826385e+03
5.591841905484911877e+02 7.180159878534826021e+03
5.690841905484911649e+02 7.180159878534826021e+03
5.888841905484912331e+02 7.182359878534826748e+03
5.998841905484912331e+02 7.186759878534826385e+03
6.306841905484911877e+02 7.212059878534826566e+03
6.361841905484911877e+02 7.217559878534826566e+03
6.361841905484911877e+02 7.232959878534826203e+03
6.306841905484911877e+02 7.245059878534826566e+03
6.273841905484912331e+02 7.251659878534826021e+03
5.690841905484911649e+02 7.262659878534826021e+03
5.437841905484912104e+02 7.262659878534826021e+03
5.316841905484911877e+02 7.235159878534826021e+03
5.316841905484911877e+02 7.223059878534826566e+03
5.360841905484911649e+02 7.199959878534826203e+03
