1.406302932551319600e+03 7.100221969696969609e+03
1.428302932551319600e+03 7.076021969696969791e+03
1.431602932551319554e+03 7.072721969696969609e+03
1.452502932551319645e+03 7.055121969696969245e+03
1.453602932551319554e+03 7.055121969696969245e+03
1.482202932551319691e+03 7.083721969696969609e+03
1.482202932551319691e+03 7.110121969696969245e+03
1.469002932551319645e+03 7.153021969696969791e+03
1.464602932551319554e+03 7.153021969696969791e+03
1.438202932551319691e+03 7.151921969696969427e+03
1.419502932551319645e+03 7.150821969696969973e+03
1.406302932551319600e+03 7.110121969696969245e+03
1.406302932551319600e+03 7.100221969696969609e+03
