1.577901778837337133e+03 5.778366147075004847e+03
1.585601778837337179e+03 5.751966147075004301e+03
1.586701778837337315e+03 5.749766147075004483e+03
1.588901778837337133e+03 5.746466147075004301e+03
1.593301778837337224e+03 5.743166147075004119e+03
1.661501778837337270e+03 5.727766147075004483e+03
1.678001778837337270e+03 5.724466147075004301e+03
1.695601778837337179e+03 5.724466147075004301e+03
1.697801778837337224e+03 5.725566147075004665e+03
1.712101778837337179e+03 5.747566147075004665e+03
1.722001778837337270e+03 5.790466147075004301e+03
1.722001778837337270e+03 5.837766147075004483e+03
1.719801778837337224e+03 5.839966147075004301e+03
1.692301778837337224e+03 5.842166147075005028e+03
1.673601778837337179e+03 5.842166147075005028e+03
1.620801778837337224e+03 5.834466147075004301e+03
1.610901778837337133e+03 5.830066147075004665e+03
1.608701778837337315e+03 5.827866147075004847e+03
1.577901778837337133e+03 5.790466147075004301e+03
1.577901778837337133e+03 5.778366147075004847e+03
