9.956830223390276160e+02 6.750782312746386197e+03
1.039683022339027502e+03 6.727682312746386742e+03
1.066083022339027593e+03 6.727682312746386742e+03
1.085883022339027548e+03 6.744182312746386742e+03
1.092483022339027684e+03 6.776082312746386378e+03
1.086983022339027684e+03 6.781582312746386378e+03
1.039683022339027502e+03 6.801382312746386560e+03
1.012183022339027616e+03 6.801382312746386560e+03
9.956830223390276160e+02 6.765082312746386378e+03
9.956830223390276160e+02 6.750782312746386197e+03
