1.482936798986486565e+03 3.723965819256756731e+03
1.486236798986486519e+03 3.717365819256756822e+03
1.496136798986486383e+03 3.703065819256756640e+03
1.503836798986486428e+03 3.692065819256756640e+03
1.545636798986486383e+03 3.642565819256756640e+03
1.546736798986486519e+03 3.641465819256756731e+03
1.550036798986486474e+03 3.639265819256756913e+03
1.554436798986486565e+03 3.637065819256756640e+03
1.566536798986486474e+03 3.633765819256756913e+03
1.577536798986486474e+03 3.633765819256756913e+03
1.578636798986486610e+03 3.634865819256756822e+03
1.586336798986486428e+03 3.646965819256756731e+03
1.587436798986486565e+03 3.649165819256756549e+03
1.599536798986486474e+03 3.687665819256756549e+03
1.612736798986486519e+03 3.733865819256756822e+03
1.612736798986486519e+03 3.745965819256756731e+03
1.591836798986486428e+03 3.773465819256756731e+03
1.581936798986486565e+03 3.784465819256756731e+03
1.579736798986486519e+03 3.786665819256757004e+03
1.564336798986486428e+03 3.798765819256756913e+03
1.561036798986486474e+03 3.799865819256756822e+03
1.546736798986486519e+03 3.799865819256756822e+03
1.529136798986486610e+03 3.797665819256756549e+03
1.513736798986486519e+03 3.789965819256756731e+03
1.510436798986486565e+03 3.787765819256756913e+03
1.501636798986486383e+03 3.778965819256756731e+03
1.487336798986486428e+03 3.758065819256756640e+03
1.486236798986486519e+03 3.755865819256756822e+03
1.484036798986486474e+03 3.748165819256757004e+03
1.482936798986486565e+03 3.741565819256756640e+03
1.482936798986486565e+03 3.723965819256756731e+03
