1.591377415210688469e+03 1.636840262076053477e+03
1.594677415210688650e+03 1.623640262076053432e+03
1.595777415210688559e+03 1.620340262076053477e+03
1.603477415210688605e+03 1.609340262076053477e+03
1.621077415210688514e+03 1.602740262076053341e+03
1.633177415210688650e+03 1.602740262076053341e+03
1.647477415210688605e+03 1.606040262076053523e+03
1.648577415210688514e+03 1.607140262076053432e+03
1.715677415210688650e+03 1.675340262076053477e+03
1.746477415210688605e+03 1.728140262076053432e+03
1.658477415210688605e+03 1.807340262076053477e+03
1.644177415210688650e+03 1.807340262076053477e+03
1.637577415210688514e+03 1.802940262076053386e+03
1.629877415210688469e+03 1.795240262076053341e+03
1.591377415210688469e+03 1.751240262076053341e+03
1.591377415210688469e+03 1.636840262076053477e+03
