1.731205445544554550e+03 7.081264796479647885e+03
1.737805445544554459e+03 7.074664796479647521e+03
1.745505445544554505e+03 7.069164796479647521e+03
1.759805445544554459e+03 7.060364796479648248e+03
1.764205445544554550e+03 7.059264796479647885e+03
1.771905445544554368e+03 7.058164796479648430e+03
1.781805445544554459e+03 7.058164796479648430e+03
1.789505445544554505e+03 7.059264796479647885e+03
1.802705445544554550e+03 7.063664796479648430e+03
1.804905445544554368e+03 7.064764796479647885e+03
1.808205445544554550e+03 7.066964796479647703e+03
1.817005445544554505e+03 7.074664796479647521e+03
1.818105445544554414e+03 7.075764796479647885e+03
1.824705445544554550e+03 7.094464796479647703e+03
1.824705445544554550e+03 7.109864796479648248e+03
1.807105445544554414e+03 7.132964796479647703e+03
1.788405445544554368e+03 7.139564796479648066e+03
1.773005445544554505e+03 7.139564796479648066e+03
1.737805445544554459e+03 7.136264796479647885e+03
1.735605445544554414e+03 7.135164796479648430e+03
1.726805445544554459e+03 7.127464796479647703e+03
1.722405445544554368e+03 7.123064796479648066e+03
1.722405445544554368e+03 7.101064796479648066e+03
1.731205445544554550e+03 7.081264796479647885e+03
