4.487417795753286214e+02 2.880123913043478296e+03
5.059417795753286100e+02 2.826223913043478206e+03
5.202417795753285645e+02 2.826223913043478206e+03
5.345417795753286327e+02 2.830623913043478296e+03
5.367417795753285645e+02 2.832823913043478115e+03
5.576417795753286555e+02 2.858123913043478296e+03
5.587417795753285645e+02 2.860323913043478115e+03
5.675417795753286327e+02 2.881223913043478206e+03
5.741417795753286555e+02 2.898823913043478115e+03
5.741417795753286555e+02 2.910923913043478024e+03
5.719417795753286100e+02 2.931823913043478115e+03
5.675417795753286327e+02 2.940623913043478296e+03
5.642417795753285645e+02 2.945023913043478387e+03
5.411417795753286555e+02 2.971423913043478024e+03
5.169417795753286100e+02 2.971423913043478024e+03
5.136417795753286555e+02 2.970323913043478115e+03
5.081417795753285986e+02 2.968123913043478296e+03
4.938417795753285873e+02 2.959323913043478115e+03
4.894417795753286100e+02 2.954923913043478478e+03
4.586417795753285986e+02 2.921923913043478024e+03
4.487417795753286214e+02 2.907623913043478296e+03
4.487417795753286214e+02 2.880123913043478296e+03
