1.720565709101904986e+03 8.580275476262473603e+03
1.722765709101905031e+03 8.574775476262473603e+03
1.723865709101904940e+03 8.573675476262473239e+03
1.738165709101905122e+03 8.569275476262473603e+03
1.744765709101905031e+03 8.568175476262473239e+03
1.755765709101905031e+03 8.568175476262473239e+03
1.770065709101904986e+03 8.569275476262473603e+03
1.795365709101904940e+03 8.586875476262473967e+03
1.797565709101904986e+03 8.589075476262472876e+03
1.799765709101905031e+03 8.602275476262473603e+03
1.799765709101905031e+03 8.613275476262473603e+03
1.798665709101905122e+03 8.625375476262473967e+03
1.727165709101905122e+03 8.625375476262473967e+03
1.720565709101904986e+03 8.608875476262473967e+03
1.720565709101904986e+03 8.580275476262473603e+03
