1.348920872775463749e+03 3.620558746686861014e+03
1.356620872775463795e+03 3.620558746686861014e+03
1.399520872775463886e+03 3.623858746686861195e+03
1.402820872775463840e+03 3.632658746686860923e+03
1.408320872775463840e+03 3.670058746686861014e+03
1.408320872775463840e+03 3.689858746686861195e+03
1.407220872775463931e+03 3.699758746686860832e+03
1.405020872775463886e+03 3.714058746686861014e+03
1.401720872775463931e+03 3.722858746686861195e+03
1.399520872775463886e+03 3.726158746686860923e+03
1.398420872775463749e+03 3.727258746686860832e+03
1.369820872775463840e+03 3.747058746686861014e+03
1.350020872775463886e+03 3.758058746686861014e+03
1.347820872775463840e+03 3.759158746686860923e+03
1.344520872775463886e+03 3.760258746686860832e+03
1.324720872775463931e+03 3.760258746686860832e+03
1.320320872775463840e+03 3.758058746686861014e+03
1.317020872775463886e+03 3.755858746686861195e+03
1.279620872775463795e+03 3.726158746686860923e+03
1.279620872775463795e+03 3.693158746686860923e+03
1.348920872775463749e+03 3.620558746686861014e+03
