1.734323154386727538e+03 4.918635390857059974e+03
1.740923154386727447e+03 4.888935390857060156e+03
1.744223154386727401e+03 4.881235390857060338e+03
1.753023154386727583e+03 4.863635390857059974e+03
1.758523154386727583e+03 4.858135390857059974e+03
1.765123154386727492e+03 4.853735390857060338e+03
1.778323154386727538e+03 4.853735390857060338e+03
1.800323154386727538e+03 4.863635390857059974e+03
1.832223154386727629e+03 4.887835390857059792e+03
1.835523154386727583e+03 4.891135390857059974e+03
1.842123154386727492e+03 4.898835390857059792e+03
1.844323154386727538e+03 4.902135390857059974e+03
1.849823154386727538e+03 4.913135390857059974e+03
1.854223154386727401e+03 4.926335390857059792e+03
1.855323154386727538e+03 4.935135390857059974e+03
1.855323154386727538e+03 4.947235390857060338e+03
1.853123154386727492e+03 4.960435390857060156e+03
1.848723154386727629e+03 4.976935390857060156e+03
1.816823154386727538e+03 5.007735390857060338e+03
1.797023154386727583e+03 5.020935390857060156e+03
1.794823154386727538e+03 5.022035390857059610e+03
1.779423154386727447e+03 5.024235390857060338e+03
1.740923154386727447e+03 5.024235390857060338e+03
1.728823154386727538e+03 5.015435390857060156e+03
1.727723154386727401e+03 5.014335390857059792e+03
1.726623154386727492e+03 5.012135390857059974e+03
1.723323154386727538e+03 5.003335390857059792e+03
1.722223154386727401e+03 5.000035390857060520e+03
1.722223154386727401e+03 4.990135390857059974e+03
1.725523154386727583e+03 4.968135390857059974e+03
1.734323154386727538e+03 4.918635390857059974e+03
