7.961842960944595688e+02 8.326640881017257925e+03
8.093842960944596143e+02 8.282640881017257925e+03
8.445842960944595461e+02 8.282640881017257925e+03
9.204842960944595234e+02 8.324440881017257198e+03
8.852842960944595916e+02 8.405840881017256834e+03
8.830842960944595461e+02 8.408040881017257561e+03
8.159842960944595234e+02 8.447640881017257925e+03
8.071842960944595688e+02 8.452040881017257561e+03
7.862842960944595916e+02 8.452040881017257561e+03
7.829842960944595234e+02 8.450940881017257198e+03
7.807842960944595916e+02 8.449840881017256834e+03
7.763842960944596143e+02 8.446540881017257561e+03
7.730842960944595461e+02 8.443240881017256470e+03
7.719842960944595234e+02 8.441040881017257561e+03
7.708842960944596143e+02 8.437740881017256470e+03
7.708842960944596143e+02 8.424540881017257561e+03
7.719842960944595234e+02 8.417940881017257198e+03
7.961842960944595688e+02 8.326640881017257925e+03
