1.377898643248768622e+03 2.292310686739150697e+03
1.377898643248768622e+03 2.281310686739150697e+03
1.378998643248768758e+03 2.243910686739150606e+03
1.380098643248768667e+03 2.239510686739150515e+03
1.439498643248768758e+03 2.239510686739150515e+03
1.466998643248768758e+03 2.256010686739150515e+03
1.479098643248768667e+03 2.276910686739150606e+03
1.480198643248768803e+03 2.279110686739150424e+03
1.486798643248768713e+03 2.313210686739150788e+03
1.488998643248768758e+03 2.335210686739150788e+03
1.488998643248768758e+03 2.348410686739150606e+03
1.483498643248768758e+03 2.371510686739150515e+03
1.482398643248768622e+03 2.375910686739150606e+03
1.481298643248768713e+03 2.378110686739150879e+03
1.476898643248768622e+03 2.383610686739150879e+03
1.474698643248768803e+03 2.385810686739150697e+03
1.472498643248768758e+03 2.386910686739150606e+03
1.465898643248768622e+03 2.389110686739150879e+03
1.451598643248768667e+03 2.389110686739150879e+03
1.442798643248768713e+03 2.388010686739150515e+03
1.432898643248768622e+03 2.383610686739150879e+03
1.426298643248768713e+03 2.380310686739150697e+03
1.413098643248768667e+03 2.370410686739150606e+03
1.410898643248768622e+03 2.368210686739150788e+03
1.386698643248768803e+03 2.337410686739150606e+03
1.380098643248768667e+03 2.314310686739150697e+03
1.377898643248768622e+03 2.292310686739150697e+03
