4.777614686248331282e+02 7.888985527369826741e+03
4.799614686248331168e+02 7.884585527369826195e+03
4.876614686248331054e+02 7.875785527369826013e+03
4.898614686248330941e+02 7.873585527369826195e+03
4.953614686248330941e+02 7.872485527369826741e+03
5.140614686248330827e+02 7.872485527369826741e+03
5.283614686248331509e+02 7.881285527369826013e+03
5.316614686248331054e+02 7.883485527369826741e+03
5.470614686248330827e+02 7.897785527369826013e+03
5.492614686248331282e+02 7.901085527369826195e+03
5.514614686248330599e+02 7.912085527369826195e+03
5.514614686248330599e+02 7.925285527369826923e+03
5.492614686248331282e+02 7.929685527369826559e+03
5.459614686248330599e+02 7.935185527369826559e+03
5.437614686248331282e+02 7.938485527369826741e+03
5.316614686248331054e+02 7.950585527369826195e+03
5.118614686248330941e+02 7.950585527369826195e+03
4.733614686248330941e+02 7.932985527369826741e+03
4.777614686248331282e+02 7.888985527369826741e+03
