1.049169279796048386e+03 7.294440535372848899e+03
1.083269279796048522e+03 7.283440535372848899e+03
1.100869279796048431e+03 7.283440535372848899e+03
1.103069279796048477e+03 7.284540535372849263e+03
1.105269279796048522e+03 7.326340535372849445e+03
1.105269279796048522e+03 7.364840535372848535e+03
1.090969279796048340e+03 7.364840535372848535e+03
1.064569279796048477e+03 7.360440535372848899e+03
1.049169279796048386e+03 7.326340535372849445e+03
1.049169279796048386e+03 7.294440535372848899e+03
