2.829110450718177390e+02 4.311264735017335283e+02
2.873110450718177162e+02 4.201264735017335283e+02
3.335110450718177617e+02 4.201264735017335283e+02
3.665110450718177617e+02 4.300264735017335624e+02
3.764110450718177390e+02 4.531264735017335283e+02
3.764110450718177390e+02 4.773264735017335170e+02
3.335110450718177617e+02 4.839264735017335397e+02
2.994110450718177390e+02 4.839264735017335397e+02
2.829110450718177390e+02 4.531264735017335283e+02
2.829110450718177390e+02 4.311264735017335283e+02
