5.807615771368086826e+02 2.885274556761047734e+03
5.807615771368086826e+02 2.844574556761047916e+03
6.236615771368086598e+02 2.837974556761048007e+03
6.797615771368086826e+02 2.837974556761048007e+03
6.786615771368086598e+02 2.925974556761048007e+03
6.236615771368086598e+02 2.965574556761047916e+03
6.159615771368087280e+02 2.965574556761047916e+03
5.961615771368086598e+02 2.936974556761048007e+03
5.862615771368086826e+02 2.920474556761048007e+03
5.818615771368087053e+02 2.911674556761047825e+03
5.807615771368086826e+02 2.885274556761047734e+03
