5.141159322033897752e+02 6.395480500403551559e+03
5.141159322033897752e+02 6.392180500403551378e+03
5.372159322033897979e+02 6.370180500403551378e+03
5.922159322033897979e+02 6.356980500403551559e+03
6.318159322033898206e+02 6.407580500403551014e+03
6.340159322033898661e+02 6.446080500403551014e+03
6.340159322033898661e+02 6.447180500403551378e+03
6.142159322033897979e+02 6.460380500403551196e+03
5.911159322033898889e+02 6.460380500403551196e+03
5.284159322033898434e+02 6.435080500403551014e+03
5.141159322033897752e+02 6.395480500403551559e+03
