1.561189131646416172e+03 4.052719128302307581e+03
1.558989131646416126e+03 4.048319128302307490e+03
1.556789131646416308e+03 4.041719128302307581e+03
1.556789131646416308e+03 4.031819128302307490e+03
1.697589131646416263e+03 4.012019128302307308e+03
1.734989131646416354e+03 4.012019128302307308e+03
1.737189131646416172e+03 4.014219128302307581e+03
1.739389131646416217e+03 4.018619128302307217e+03
1.744889131646416217e+03 4.035119128302307217e+03
1.744889131646416217e+03 4.045019128302307308e+03
1.729489131646416354e+03 4.070319128302307490e+03
1.718489131646416354e+03 4.083519128302307308e+03
1.712989131646416354e+03 4.089019128302307308e+03
1.704189131646416172e+03 4.093419128302307399e+03
1.689889131646416217e+03 4.097819128302307035e+03
1.679989131646416354e+03 4.100019128302307763e+03
1.668989131646416354e+03 4.100019128302307763e+03
1.610689131646416172e+03 4.089019128302307308e+03
1.599689131646416172e+03 4.086819128302307490e+03
1.591989131646416354e+03 4.083519128302307308e+03
1.587589131646416263e+03 4.081319128302307490e+03
1.577689131646416172e+03 4.074719128302307581e+03
1.571089131646416263e+03 4.068119128302307672e+03
1.568889131646416217e+03 4.064819128302307490e+03
1.561189131646416172e+03 4.052719128302307581e+03
