1.276156573767910686e+03 5.056407337427176572e+02
1.276156573767910686e+03 4.891407337427176572e+02
1.277256573767910595e+03 4.880407337427176913e+02
1.300356573767910504e+03 4.715407337427176913e+02
1.332256573767910595e+03 4.550407337427176913e+02
1.342156573767910686e+03 4.550407337427176913e+02
1.343256573767910595e+03 4.561407337427176572e+02
1.354256573767910595e+03 4.770407337427176913e+02
1.354256573767910595e+03 5.287407337427176799e+02
1.350956573767910641e+03 5.628407337427177026e+02
1.326756573767910595e+03 5.826407337427176572e+02
1.297056573767910550e+03 5.826407337427176572e+02
1.288256573767910595e+03 5.606407337427176572e+02
1.284956573767910641e+03 5.496407337427176572e+02
1.276156573767910686e+03 5.056407337427176572e+02
