3.653882206271250652e+02 3.500904374763883425e+03
3.653882206271250652e+02 3.474504374763883789e+03
4.456882206271250197e+02 3.394204374763883607e+03
4.489882206271250311e+02 3.394204374763883607e+03
4.786882206271250766e+02 3.423904374763883425e+03
4.786882206271250766e+02 3.500904374763883425e+03
4.555882206271250539e+02 3.595504374763883789e+03
4.412882206271250425e+02 3.603204374763883607e+03
4.346882206271250766e+02 3.606504374763883789e+03
4.170882206271250539e+02 3.610904374763883879e+03
4.049882206271250311e+02 3.610904374763883879e+03
3.917882206271250425e+02 3.608704374763883607e+03
3.653882206271250652e+02 3.500904374763883425e+03
