9.046102258269720551e+02 6.471897121501272522e+03
9.057102258269719641e+02 6.448797121501272159e+03
9.233102258269719869e+02 6.426797121501272159e+03
9.343102258269719869e+02 6.426797121501272159e+03
9.992102258269719641e+02 6.428997121501271977e+03
9.992102258269719641e+02 6.483997121501271977e+03
9.662102258269719641e+02 6.540097121501272341e+03
9.640102258269720323e+02 6.542297121501272159e+03
9.629102258269720096e+02 6.542297121501272159e+03
9.453102258269719869e+02 6.527997121501271977e+03
9.277102258269719641e+02 6.511497121501271977e+03
9.068102258269719869e+02 6.491697121501272704e+03
9.057102258269719641e+02 6.490597121501272341e+03
9.046102258269720551e+02 6.487297121501272159e+03
9.046102258269720551e+02 6.471897121501272522e+03
