1.447948439086294457e+03 4.243864276649745989e+03
1.461148439086294502e+03 4.230664276649746171e+03
1.513948439086294457e+03 4.220764276649746535e+03
1.560148439086294502e+03 4.220764276649746535e+03
1.572248439086294411e+03 4.227364276649745989e+03
1.575548439086294366e+03 4.243864276649745989e+03
1.575548439086294366e+03 4.258164276649746171e+03
1.574448439086294457e+03 4.265864276649745989e+03
1.570048439086294366e+03 4.275764276649746535e+03
1.560148439086294502e+03 4.291164276649746171e+03
1.544748439086294411e+03 4.306564276649745807e+03
1.534848439086294320e+03 4.314264276649746535e+03
1.531548439086294366e+03 4.315364276649745989e+03
1.508448439086294457e+03 4.318664276649746171e+03
1.489748439086294411e+03 4.318664276649746171e+03
1.476548439086294366e+03 4.313164276649746171e+03
1.469948439086294457e+03 4.309864276649745989e+03
1.466648439086294502e+03 4.307664276649746171e+03
1.458948439086294457e+03 4.299964276649746353e+03
1.457848439086294320e+03 4.297764276649746535e+03
1.447948439086294457e+03 4.243864276649745989e+03
