1.017707096892811137e+03 5.927261555432984096e+03
1.017707096892811137e+03 5.894261555432984096e+03
1.025407096892811296e+03 5.890961555432983914e+03
1.028707096892811251e+03 5.889861555432983550e+03
1.033107096892811114e+03 5.888761555432984096e+03
1.039707096892811251e+03 5.887661555432983732e+03
1.059507096892811205e+03 5.887661555432983732e+03
1.088107096892811114e+03 5.899761555432984096e+03
1.096907096892811296e+03 5.908561555432984278e+03
1.105707096892811251e+03 5.928361555432983550e+03
1.106807096892811160e+03 5.941561555432984278e+03
1.106807096892811160e+03 5.951461555432983914e+03
1.104607096892811114e+03 5.964661555432983732e+03
1.103507096892811205e+03 5.969061555432984278e+03
1.090307096892811160e+03 5.991061555432984278e+03
1.087007096892811205e+03 5.995461555432983914e+03
1.067207096892811251e+03 5.995461555432983914e+03
1.057307096892811160e+03 5.985561555432984278e+03
1.017707096892811137e+03 5.927261555432984096e+03
