1.224188749788529776e+03 3.629163551006598027e+03
1.224188749788529776e+03 3.570863551006597845e+03
1.270388749788529822e+03 3.557663551006598027e+03
1.284688749788529776e+03 3.557663551006598027e+03
1.293488749788529958e+03 3.560963551006597754e+03
1.294588749788529867e+03 3.562063551006597663e+03
1.355088749788529867e+03 3.625863551006597845e+03
1.355088749788529867e+03 3.626963551006597754e+03
1.285788749788529913e+03 3.733663551006598027e+03
1.280288749788529913e+03 3.739163551006598027e+03
1.278088749788529867e+03 3.740263551006597936e+03
1.261588749788529867e+03 3.740263551006597936e+03
1.237388749788529822e+03 3.718263551006597936e+03
1.224188749788529776e+03 3.629163551006598027e+03
