1.706105799031477090e+03 1.955891501210653814e+03
1.706105799031477090e+03 1.939391501210653814e+03
1.707205799031477000e+03 1.937191501210653769e+03
1.708305799031476909e+03 1.936091501210653860e+03
1.778705799031477000e+03 1.932791501210653678e+03
1.842505799031476954e+03 1.932791501210653678e+03
1.842505799031476954e+03 1.937191501210653769e+03
1.821605799031477090e+03 2.028491501210653723e+03
1.819405799031477045e+03 2.035091501210653860e+03
1.818305799031476909e+03 2.037291501210653678e+03
1.811705799031477000e+03 2.048291501210653678e+03
1.799605799031477090e+03 2.048291501210653678e+03
1.718205799031477000e+03 2.005391501210653814e+03
1.717105799031477090e+03 2.003191501210653769e+03
1.709405799031477045e+03 1.984491501210653723e+03
1.706105799031477090e+03 1.955891501210653814e+03
