6.334773437500000455e+02 7.500644626913265711e+03
6.466773437499999773e+02 7.487444626913264983e+03
6.598773437500000227e+02 7.480844626913265529e+03
6.697773437500000000e+02 7.477544626913265347e+03
7.181773437499999773e+02 7.475344626913265529e+03
7.346773437499999773e+02 7.475344626913265529e+03
7.346773437499999773e+02 7.554544626913265347e+03
7.291773437499999773e+02 7.554544626913265347e+03
6.323773437500000227e+02 7.545744626913265165e+03
6.114773437500000455e+02 7.541344626913265529e+03
6.103773437500000227e+02 7.540244626913265165e+03
6.103773437500000227e+02 7.530344626913265529e+03
6.334773437500000455e+02 7.500644626913265711e+03
