-3.912344726487155810e+00 4.176789761592469404e+03
4.887655273512841347e+00 4.176789761592469404e+03
1.588765527351284490e+01 4.182289761592469404e+03
2.028765527351284348e+01 4.185589761592469586e+03
2.138765527351284490e+01 4.186689761592469949e+03
6.648765527351284277e+01 4.239489761592469222e+03
8.848765527351284277e+01 4.271389761592469767e+03
9.178765527351285414e+01 4.277989761592469222e+03
9.508765527351285129e+01 4.285689761592469949e+03
1.005876552735128513e+02 4.301089761592469586e+03
1.005876552735128513e+02 4.319789761592469404e+03
9.948765527351284277e+01 4.325289761592469404e+03
9.838765527351284845e+01 4.329689761592469949e+03
8.848765527351284277e+01 4.359389761592469767e+03
8.628765527351285414e+01 4.363789761592469404e+03
6.428765527351285414e+01 4.390189761592469949e+03
6.208765527351285129e+01 4.391289761592469404e+03
4.998765527351284277e+01 4.391289761592469404e+03
1.148765527351284277e+01 4.383589761592469586e+03
-3.912344726487155810e+00 4.380289761592469404e+03
-3.912344726487155810e+00 4.176789761592469404e+03
