1.834544888427607702e+03 6.604766242864556261e+03
1.849944888427607566e+03 6.589366242864556625e+03
1.856544888427607702e+03 6.589366242864556625e+03
1.868644888427607611e+03 6.594866242864556625e+03
1.869744888427607748e+03 6.595966242864556079e+03
1.871944888427607566e+03 6.599266242864556261e+03
1.871944888427607566e+03 6.701566242864556443e+03
1.833444888427607566e+03 6.703766242864556261e+03
1.824644888427607611e+03 6.703766242864556261e+03
1.824644888427607611e+03 6.654266242864556261e+03
1.834544888427607702e+03 6.604766242864556261e+03
