1.362835233644859727e+03 4.788370794392523749e+03
1.398035233644859773e+03 4.788370794392523749e+03
1.402435233644859863e+03 4.790570794392523567e+03
1.421135233644859909e+03 4.802670794392523021e+03
1.428835233644859727e+03 4.810370794392523749e+03
1.429935233644859863e+03 4.812570794392523567e+03
1.432135233644859909e+03 4.818070794392523567e+03
1.433235233644859818e+03 4.829070794392523567e+03
1.433235233644859818e+03 4.842270794392523385e+03
1.432135233644859909e+03 4.845570794392523567e+03
1.431035233644859773e+03 4.847770794392523385e+03
1.388135233644859909e+03 4.864270794392523385e+03
1.351835233644859727e+03 4.864270794392523385e+03
1.343035233644859773e+03 4.859870794392523749e+03
1.343035233644859773e+03 4.830170794392523021e+03
1.362835233644859727e+03 4.788370794392523749e+03
