-2.123695308381655877e+00 6.259978597785977399e+03
1.107630469161834341e+01 6.259978597785977399e+03
1.327630469161834448e+01 6.261078597785977763e+03
2.537630469161834412e+01 6.267678597785978127e+03
2.757630469161834696e+01 6.269878597785977945e+03
6.497630469161833844e+01 6.318278597785977581e+03
6.497630469161833844e+01 6.328178597785978127e+03
1.437630469161834412e+01 6.367778597785977581e+03
-2.123695308381655877e+00 6.367778597785977581e+03
-2.123695308381655877e+00 6.259978597785977399e+03
