4.569399244539333154e+02 5.778579750369518479e+03
4.723399244539332926e+02 5.771979750369519024e+03
4.855399244539333381e+02 5.771979750369519024e+03
5.075399244539333381e+02 5.775279750369519206e+03
5.207399244539333267e+02 5.781879750369518661e+03
5.218399244539333495e+02 5.782979750369519024e+03
5.262399244539333267e+02 5.788479750369519024e+03
5.339399244539333722e+02 5.809379750369518661e+03
5.339399244539333722e+02 5.822579750369518479e+03
5.328399244539333495e+02 5.824779750369519206e+03
5.218399244539333495e+02 5.842379750369518661e+03
5.119399244539333154e+02 5.857779750369519206e+03
4.866399244539333040e+02 5.857779750369519206e+03
4.316399244539333040e+02 5.851179750369518842e+03
4.305399244539333381e+02 5.850079750369518479e+03
4.184399244539333154e+02 5.828079750369518479e+03
4.184399244539333154e+02 5.817079750369518479e+03
4.569399244539333154e+02 5.778579750369518479e+03
