9.013747826682182449e+02 2.212715846396057259e+03
9.057747826682182222e+02 2.186315846396057168e+03
9.178747826682182449e+02 2.147815846396057168e+03
9.189747826682182676e+02 2.145615846396057350e+03
9.222747826682182222e+02 2.140115846396057350e+03
9.343747826682182449e+02 2.124715846396057259e+03
9.365747826682181767e+02 2.123615846396057350e+03
9.519747826682182676e+02 2.123615846396057350e+03
9.574747826682182676e+02 2.125815846396057168e+03
9.673747826682182449e+02 2.130215846396057259e+03
9.684747826682182676e+02 2.131315846396057168e+03
9.981747826682181994e+02 2.176415846396057077e+03
1.033374782668218131e+03 2.235815846396057168e+03
1.038874782668218131e+03 2.250115846396057350e+03
1.038874782668218131e+03 2.264415846396057077e+03
1.035574782668218177e+03 2.276515846396057441e+03
1.034474782668218268e+03 2.277615846396057350e+03
1.003674782668218199e+03 2.307315846396057168e+03
9.992747826682182222e+02 2.309515846396056986e+03
9.893747826682182449e+02 2.312815846396057168e+03
9.684747826682182676e+02 2.315015846396057441e+03
9.574747826682182676e+02 2.315015846396057441e+03
9.508747826682182449e+02 2.312815846396057168e+03
9.398747826682182449e+02 2.305115846396057350e+03
9.321747826682181994e+02 2.299615846396057350e+03
9.156747826682181994e+02 2.274315846396057168e+03
9.145747826682181767e+02 2.272115846396057350e+03
9.035747826682181767e+02 2.249015846396057441e+03
9.024747826682182676e+02 2.240215846396057259e+03
9.013747826682182449e+02 2.227015846396057441e+03
9.013747826682182449e+02 2.212715846396057259e+03
