1.012322981481481520e+03 1.491420537037037093e+03
1.036522981481481565e+03 1.463920537037037093e+03
1.037622981481481474e+03 1.462820537037036956e+03
1.053022981481481565e+03 1.462820537037036956e+03
1.055222981481481384e+03 1.463920537037037093e+03
1.064022981481481565e+03 1.470520537037037002e+03
1.066222981481481384e+03 1.473820537037036956e+03
1.081622981481481474e+03 1.501320537037036956e+03
1.090422981481481429e+03 1.518920537037037093e+03
1.097022981481481565e+03 1.538720537037037047e+03
1.097022981481481565e+03 1.549720537037037047e+03
1.095922981481481429e+03 1.553020537037037002e+03
1.094822981481481520e+03 1.555220537037037047e+03
1.086022981481481565e+03 1.565120537037037138e+03
1.081622981481481474e+03 1.569520537037037002e+03
1.049722981481481384e+03 1.569520537037037002e+03
1.015622981481481474e+03 1.539820537037036956e+03
1.012322981481481520e+03 1.527720537037037047e+03
1.012322981481481520e+03 1.491420537037037093e+03
