8.972890803446202881e+02 7.396125806451613244e+03
8.983890803446203108e+02 7.395025806451612880e+03
9.225890803446203563e+02 7.375225806451612698e+03
9.456890803446202654e+02 7.360925806451612516e+03
9.577890803446202881e+02 7.360925806451612516e+03
9.918890803446203108e+02 7.390625806451613244e+03
9.984890803446203336e+02 7.397225806451612698e+03
9.995890803446203563e+02 7.399425806451612516e+03
9.995890803446203563e+02 7.411525806451612880e+03
9.984890803446203336e+02 7.418125806451613244e+03
9.973890803446203108e+02 7.422525806451612880e+03
9.962890803446202881e+02 7.425825806451613062e+03
9.951890803446203790e+02 7.428025806451612880e+03
9.918890803446203108e+02 7.432425806451612516e+03
9.896890803446203790e+02 7.434625806451613244e+03
9.874890803446203336e+02 7.435725806451612698e+03
9.753890803446203108e+02 7.440125806451613244e+03
9.368890803446203108e+02 7.440125806451613244e+03
9.225890803446203563e+02 7.437925806451612516e+03
9.071890803446203790e+02 7.430225806451612698e+03
9.049890803446203336e+02 7.428025806451612880e+03
8.983890803446203108e+02 7.419225806451612698e+03
8.972890803446202881e+02 7.407125806451613244e+03
8.972890803446202881e+02 7.396125806451613244e+03
