4.829207306039357377e+02 3.738610291789188068e+03
5.071207306039357832e+02 3.714410291789187795e+03
5.192207306039357491e+02 3.715510291789188159e+03
5.346207306039357263e+02 3.721010291789188159e+03
5.368207306039357718e+02 3.722110291789188068e+03
5.456207306039357263e+02 3.730910291789187795e+03
6.006207306039357263e+02 3.800210291789187977e+03
6.028207306039357718e+02 3.805710291789187977e+03
6.039207306039357945e+02 3.815610291789188068e+03
5.346207306039357263e+02 3.855210291789187977e+03
5.214207306039357945e+02 3.855210291789187977e+03
4.609207306039357377e+02 3.802410291789187795e+03
4.829207306039357377e+02 3.738610291789188068e+03
