1.408682106893880700e+03 5.059655538342370164e+03
1.409782106893880609e+03 5.056355538342369982e+03
1.417482106893880655e+03 5.045355538342369982e+03
1.459282106893880609e+03 5.005755538342370528e+03
1.547282106893880609e+03 5.031055538342370710e+03
1.548382106893880746e+03 5.034355538342369982e+03
1.549482106893880655e+03 5.046455538342370346e+03
1.549482106893880655e+03 5.058555538342369800e+03
1.548382106893880746e+03 5.060755538342370528e+03
1.510982106893880655e+03 5.100355538342369982e+03
1.471382106893880746e+03 5.137755538342370528e+03
1.436182106893880700e+03 5.137755538342370528e+03
1.419682106893880700e+03 5.131155538342370164e+03
1.410882106893880746e+03 5.124555538342370710e+03
1.407582106893880791e+03 5.121255538342370528e+03
1.402082106893880791e+03 5.114655538342370164e+03
1.399882106893880746e+03 5.110255538342370528e+03
1.399882106893880746e+03 5.097055538342370710e+03
1.400982106893880655e+03 5.087155538342370164e+03
1.408682106893880700e+03 5.059655538342370164e+03
