1.282691166604547107e+03 1.538843253820350355e+03
1.285991166604547061e+03 1.526743253820350446e+03
1.289291166604547243e+03 1.519043253820350401e+03
1.290391166604547152e+03 1.516843253820350355e+03
1.298091166604547197e+03 1.504743253820350446e+03
1.300291166604547243e+03 1.502543253820350401e+03
1.307991166604547061e+03 1.500343253820350355e+03
1.327791166604547243e+03 1.500343253820350355e+03
1.349791166604547243e+03 1.513543253820350401e+03
1.354191166604547107e+03 1.517943253820350265e+03
1.355291166604547243e+03 1.520143253820350310e+03
1.356391166604547152e+03 1.561943253820350265e+03
1.356391166604547152e+03 1.578443253820350265e+03
1.354191166604547107e+03 1.582843253820350355e+03
1.346491166604547061e+03 1.593843253820350355e+03
1.343191166604547107e+03 1.597143253820350310e+03
1.339891166604547152e+03 1.599343253820350355e+03
1.337691166604547107e+03 1.600443253820350265e+03
1.325591166604547197e+03 1.600443253820350265e+03
1.296991166604547061e+03 1.596043253820350401e+03
1.291491166604547061e+03 1.592743253820350446e+03
1.288191166604547107e+03 1.590543253820350401e+03
1.283791166604547243e+03 1.586143253820350310e+03
1.281591166604547197e+03 1.582843253820350355e+03
1.279391166604547152e+03 1.578443253820350265e+03
1.279391166604547152e+03 1.563043253820350401e+03
1.282691166604547107e+03 1.538843253820350355e+03
