1.371321811897398675e+02 5.870178442786974301e+03
1.404321811897398504e+02 5.866878442786975029e+03
1.470321811897398447e+02 5.863578442786974847e+03
1.536321811897398675e+02 5.861378442786975029e+03
1.965321811897398447e+02 5.861378442786975029e+03
2.075321811897398732e+02 5.870178442786974301e+03
2.163321811897398561e+02 5.877878442786975029e+03
2.207321811897398618e+02 5.882278442786974665e+03
2.284321811897398788e+02 5.893278442786974665e+03
2.295321811897398732e+02 5.895478442786974483e+03
2.339321811897398788e+02 5.920778442786974665e+03
2.339321811897398788e+02 5.924078442786974847e+03
2.086321811897398675e+02 5.944978442786974483e+03
1.899321811897398504e+02 5.944978442786974483e+03
1.217321811897398618e+02 5.925178442786975211e+03
1.217321811897398618e+02 5.921878442786975029e+03
1.228321811897398561e+02 5.915278442786974665e+03
1.371321811897398675e+02 5.870178442786974301e+03
