1.154520465961312311e+03 4.868509105482526138e+03
1.155620465961312448e+03 4.864109105482526502e+03
1.164420465961312402e+03 4.850909105482526684e+03
1.179820465961312266e+03 4.835509105482526138e+03
1.196320465961312266e+03 4.820109105482526502e+03
1.206220465961312357e+03 4.820109105482526502e+03
1.233720465961312357e+03 4.838809105482526320e+03
1.242520465961312311e+03 4.846509105482526138e+03
1.243620465961312448e+03 4.847609105482526502e+03
1.257920465961312402e+03 4.871809105482526320e+03
1.259020465961312311e+03 4.874009105482526138e+03
1.259020465961312311e+03 4.886109105482526502e+03
1.256820465961312493e+03 4.910309105482526320e+03
1.248020465961312311e+03 4.929009105482526138e+03
1.245820465961312493e+03 4.933409105482526684e+03
1.240320465961312493e+03 4.942209105482526866e+03
1.222720465961312357e+03 4.956509105482526138e+03
1.218320465961312493e+03 4.959809105482526320e+03
1.215020465961312311e+03 4.962009105482526138e+03
1.210620465961312448e+03 4.964209105482526866e+03
1.207320465961312493e+03 4.965309105482526320e+03
1.197420465961312402e+03 4.965309105482526320e+03
1.179820465961312266e+03 4.959809105482526320e+03
1.169920465961312402e+03 4.953209105482526866e+03
1.165520465961312311e+03 4.949909105482526684e+03
1.162220465961312357e+03 4.946609105482526502e+03
1.160020465961312311e+03 4.942209105482526866e+03
1.154520465961312311e+03 4.925709105482526866e+03
1.154520465961312311e+03 4.868509105482526138e+03
