1.154462818166694404e+02 4.994531625353518393e+03
1.143462818166694319e+02 4.992331625353518575e+03
1.143462818166694319e+02 4.989031625353518393e+03
2.078462818166694319e+02 4.952731625353518211e+03
2.496462818166694433e+02 4.952731625353518211e+03
2.496462818166694433e+02 4.961531625353518393e+03
2.474462818166694547e+02 5.006631625353518757e+03
2.452462818166694376e+02 5.014331625353518575e+03
2.430462818166694490e+02 5.018731625353518211e+03
2.408462818166694319e+02 5.022031625353518393e+03
2.122462818166694376e+02 5.061631625353518757e+03
2.078462818166694319e+02 5.061631625353518757e+03
1.330462818166694206e+02 5.016531625353518393e+03
1.319462818166694547e+02 5.015431625353518939e+03
1.154462818166694404e+02 4.994531625353518393e+03
