7.549942011354420401e+02 6.647166409840497181e+03
7.648942011354420174e+02 6.641666409840497181e+03
7.791942011354419719e+02 6.641666409840497181e+03
7.923942011354420174e+02 6.651566409840497727e+03
7.934942011354420401e+02 6.652666409840497181e+03
8.000942011354420629e+02 6.666966409840497363e+03
8.154942011354420401e+02 6.747266409840497545e+03
8.154942011354420401e+02 6.760466409840497363e+03
8.143942011354420174e+02 6.763766409840497545e+03
8.132942011354419947e+02 6.765966409840497363e+03
7.670942011354420629e+02 6.765966409840497363e+03
6.845942011354420629e+02 6.746166409840497181e+03
6.845942011354420629e+02 6.743966409840497363e+03
7.549942011354420401e+02 6.647166409840497181e+03
