2.738922802112457475e+02 5.027812519415967927e+02
2.870922802112457362e+02 4.884812519415967813e+02
2.980922802112457362e+02 4.785812519415967472e+02
3.398922802112457475e+02 4.719812519415967813e+02
3.761922802112457589e+02 4.719812519415967813e+02
3.926922802112457589e+02 5.027812519415967927e+02
3.926922802112457589e+02 5.126812519415967699e+02
3.849922802112457134e+02 5.236812519415967699e+02
3.838922802112457475e+02 5.247812519415967927e+02
3.794922802112457134e+02 5.280812519415967472e+02
3.233922802112457475e+02 5.665812519415967472e+02
3.211922802112457020e+02 5.676812519415967699e+02
3.068922802112457475e+02 5.731812519415967699e+02
2.903922802112457475e+02 5.742812519415967927e+02
2.870922802112457362e+02 5.742812519415967927e+02
2.738922802112457475e+02 5.027812519415967927e+02
