-4.229883040935675353e+00 3.741112309941520380e+03
4.747011695906432749e+01 3.686112309941520380e+03
4.967011695906433033e+01 3.683912309941520562e+03
8.597011695906432749e+01 3.735612309941520380e+03
8.597011695906432749e+01 3.762012309941520471e+03
7.937011695906433317e+01 3.829112309941520380e+03
7.827011695906432465e+01 3.829112309941520380e+03
2.767011695906432678e+01 3.818112309941520380e+03
-4.229883040935675353e+00 3.791712309941520289e+03
-4.229883040935675353e+00 3.741112309941520380e+03
