7.056651638334565178e+02 7.977771249076126878e+03
7.067651638334565405e+02 7.971171249076127424e+03
7.122651638334565405e+02 7.959071249076127060e+03
7.166651638334565178e+02 7.954671249076127424e+03
7.210651638334564950e+02 7.953571249076127060e+03
7.265651638334564950e+02 7.952471249076126696e+03
7.529651638334564723e+02 7.952471249076126696e+03
7.639651638334564723e+02 7.956871249076127242e+03
7.650651638334564950e+02 7.957971249076126696e+03
7.716651638334565178e+02 7.965671249076127424e+03
7.727651638334565405e+02 7.967871249076127242e+03
7.782651638334565405e+02 7.993171249076127424e+03
7.782651638334565405e+02 8.014071249076127060e+03
7.716651638334565178e+02 8.027271249076126878e+03
7.650651638334564950e+02 8.030571249076127060e+03
7.496651638334565178e+02 8.030571249076127060e+03
7.397651638334565405e+02 8.029471249076126696e+03
7.221651638334565178e+02 8.025071249076127060e+03
7.188651638334565632e+02 8.022871249076127242e+03
7.166651638334565178e+02 8.020671249076127424e+03
7.067651638334565405e+02 8.004171249076127424e+03
7.056651638334565178e+02 7.998671249076127424e+03
7.056651638334565178e+02 7.977771249076126878e+03
