2.495206715806715749e+02 6.505634201474201291e+03
2.847206715806715920e+02 6.461634201474201291e+03
2.869206715806715806e+02 6.459434201474201473e+03
2.968206715806715579e+02 6.450634201474201291e+03
3.089206715806715806e+02 6.450634201474201291e+03
3.749206715806715806e+02 6.496834201474201109e+03
3.804206715806715806e+02 6.502334201474201109e+03
3.804206715806715806e+02 6.505634201474201291e+03
3.276206715806715692e+02 6.562834201474201109e+03
3.232206715806715920e+02 6.565034201474201836e+03
3.012206715806715920e+02 6.565034201474201836e+03
2.495206715806715749e+02 6.511134201474201291e+03
2.495206715806715749e+02 6.505634201474201291e+03
