8.512372519954390100e+02 2.836346374002280299e+03
8.666372519954389873e+02 2.794546374002280572e+03
8.699372519954390555e+02 2.786846374002280299e+03
8.710372519954389645e+02 2.784646374002280481e+03
8.743372519954390327e+02 2.781346374002280299e+03
8.886372519954389873e+02 2.780246374002280390e+03
9.007372519954390100e+02 2.780246374002280390e+03
9.161372519954389873e+02 2.782446374002280663e+03
9.260372519954389645e+02 2.789046374002280572e+03
9.392372519954390100e+02 2.800046374002280572e+03
9.524372519954390555e+02 2.816546374002280572e+03
9.623372519954390327e+02 2.834146374002280481e+03
9.634372519954390555e+02 2.836346374002280299e+03
9.634372519954390555e+02 2.852846374002280299e+03
9.612372519954390100e+02 2.861646374002280481e+03
9.579372519954390555e+02 2.864946374002280663e+03
8.996372519954389873e+02 2.917746374002280390e+03
8.864372519954390555e+02 2.917746374002280390e+03
8.787372519954390100e+02 2.906746374002280390e+03
8.457372519954390100e+02 2.857246374002280390e+03
8.457372519954390100e+02 2.852846374002280299e+03
8.512372519954390100e+02 2.836346374002280299e+03
