1.434126078222852243e+02 4.857662412855961520e+02
1.423126078222852300e+02 4.835662412855961065e+02
1.423126078222852300e+02 4.758662412855961179e+02
2.314126078222852527e+02 4.758662412855961179e+02
2.831126078222852698e+02 5.022662412855961520e+02
2.963126078222852584e+02 5.154662412855960838e+02
2.963126078222852584e+02 5.737662412855961520e+02
2.875126078222852470e+02 5.737662412855961520e+02
2.248126078222852300e+02 5.660662412855961065e+02
2.105126078222852470e+02 5.605662412855961065e+02
1.995126078222852470e+02 5.539662412855960838e+02
1.863126078222852300e+02 5.440662412855961065e+02
1.797126078222852357e+02 5.385662412855961065e+02
1.643126078222852300e+02 5.242662412855961520e+02
1.434126078222852243e+02 4.857662412855961520e+02
