1.753350902904998748e+03 4.710075111227427442e+03
1.773150902904998702e+03 4.671575111227427442e+03
1.784150902904998702e+03 4.660575111227427442e+03
1.786350902904998748e+03 4.659475111227427078e+03
1.802850902904998748e+03 4.659475111227427078e+03
1.821550902904998793e+03 4.667175111227426896e+03
1.828150902904998702e+03 4.673775111227427260e+03
1.831450902904998657e+03 4.679275111227427260e+03
1.832550902904998793e+03 4.681475111227427078e+03
1.843550902904998793e+03 4.707875111227427624e+03
1.843550902904998793e+03 4.724375111227427624e+03
1.810550902904998793e+03 4.799175111227426896e+03
1.797350902904998748e+03 4.812375111227427624e+03
1.755550902904998793e+03 4.810175111227426896e+03
1.753350902904998748e+03 4.807975111227427078e+03
1.752250902904998611e+03 4.805775111227427260e+03
1.752250902904998611e+03 4.793675111227427806e+03
1.753350902904998748e+03 4.710075111227427442e+03
