1.381986759781880892e+03 4.311955591696163538e+03
1.381986759781880892e+03 4.296555591696163901e+03
1.383086759781880801e+03 4.294355591696164083e+03
1.405086759781880801e+03 4.283355591696164083e+03
1.411686759781880710e+03 4.281155591696164265e+03
1.420486759781880892e+03 4.280055591696163901e+03
1.432586759781880801e+03 4.280055591696163901e+03
1.449086759781880801e+03 4.296555591696163901e+03
1.532686759781880710e+03 4.392255591696163719e+03
1.541486759781880892e+03 4.414255591696163719e+03
1.541486759781880892e+03 4.439555591696163901e+03
1.540386759781880755e+03 4.467055591696163901e+03
1.530486759781880892e+03 4.494555591696163901e+03
1.529386759781880755e+03 4.495655591696164265e+03
1.509586759781880801e+03 4.508855591696164083e+03
1.495286759781880846e+03 4.517655591696164265e+03
1.490886759781880755e+03 4.519855591696164083e+03
1.487586759781880801e+03 4.520955591696163538e+03
1.473286759781880846e+03 4.525355591696164083e+03
1.463386759781880755e+03 4.525355591696164083e+03
1.453486759781880892e+03 4.520955591696163538e+03
1.444686759781880710e+03 4.516555591696163901e+03
1.432586759781880801e+03 4.508855591696164083e+03
1.425986759781880892e+03 4.503355591696164083e+03
1.422686759781880710e+03 4.500055591696163901e+03
1.406186759781880710e+03 4.479155591696164265e+03
1.405086759781880801e+03 4.476955591696163538e+03
1.403986759781880892e+03 4.473655591696164265e+03
1.381986759781880892e+03 4.311955591696163538e+03
