1.663052190237797276e+03 2.276551001251564514e+02
1.680652190237797186e+03 2.056551001251564514e+02
1.687252190237797322e+03 2.045551001251564571e+02
1.709252190237797322e+03 2.045551001251564571e+02
1.713652190237797186e+03 2.056551001251564514e+02
1.715852190237797231e+03 2.067551001251564458e+02
1.720252190237797322e+03 2.111551001251564514e+02
1.722452190237797367e+03 2.144551001251564344e+02
1.725752190237797322e+03 2.441551001251564514e+02
1.725752190237797322e+03 2.562551001251564458e+02
1.712552190237797276e+03 2.760551001251564571e+02
1.707052190237797276e+03 2.815551001251564571e+02
1.698252190237797322e+03 2.837551001251564458e+02
1.685052190237797276e+03 2.837551001251564458e+02
1.681752190237797322e+03 2.815551001251564571e+02
1.676252190237797322e+03 2.760551001251564571e+02
1.674052190237797276e+03 2.727551001251564458e+02
1.663052190237797276e+03 2.430551001251564571e+02
1.663052190237797276e+03 2.276551001251564514e+02
