4.834285251914985224e+02 2.175452637825007969e+03
4.845285251914985452e+02 2.165552637825007878e+03
4.911285251914985110e+02 2.140252637825008151e+03
5.263285251914985565e+02 2.105052637825007878e+03
5.296285251914985110e+02 2.105052637825007878e+03
5.483285251914985565e+02 2.111652637825008242e+03
5.582285251914985338e+02 2.116052637825007878e+03
5.604285251914985793e+02 2.117152637825008242e+03
5.813285251914985565e+02 2.129252637825008151e+03
5.813285251914985565e+02 2.177652637825008242e+03
5.648285251914985565e+02 2.262352637825008060e+03
5.626285251914985110e+02 2.264552637825007878e+03
5.505285251914986020e+02 2.264552637825007878e+03
5.241285251914985110e+02 2.255752637825008151e+03
5.219285251914985793e+02 2.254652637825008242e+03
5.186285251914985110e+02 2.251352637825008060e+03
4.845285251914985452e+02 2.206252637825008151e+03
4.823285251914985565e+02 2.201852637825008060e+03
4.823285251914985565e+02 2.186452637825007969e+03
4.834285251914985224e+02 2.175452637825007969e+03
