5.070689723756905778e+02 7.077607226519337019e+03
5.081689723756906005e+02 7.074307226519336837e+03
5.092689723756906233e+02 7.072107226519337019e+03
5.180689723756905778e+02 7.058907226519337200e+03
5.246689723756906005e+02 7.052307226519336837e+03
5.334689723756905551e+02 7.045707226519337382e+03
5.378689723756906460e+02 7.043507226519336655e+03
5.455689723756905778e+02 7.041307226519336837e+03
5.620689723756905778e+02 7.041307226519336837e+03
5.730689723756905778e+02 7.044607226519337019e+03
5.818689723756906460e+02 7.047907226519337200e+03
5.851689723756906005e+02 7.051207226519337382e+03
5.895689723756905778e+02 7.061107226519337019e+03
5.895689723756905778e+02 7.083107226519337019e+03
5.884689723756905551e+02 7.111707226519337382e+03
5.774689723756906687e+02 7.122707226519337382e+03
5.763689723756906460e+02 7.122707226519337382e+03
5.312689723756906233e+02 7.119407226519337200e+03
5.180689723756905778e+02 7.116107226519337019e+03
5.169689723756905551e+02 7.113907226519337200e+03
5.103689723756905892e+02 7.099607226519337019e+03
5.070689723756905778e+02 7.090807226519336837e+03
5.070689723756905778e+02 7.077607226519337019e+03
