1.414532715873468305e+03 5.636083984041037183e+03
1.438732715873468123e+03 5.588783984041037002e+03
1.473932715873468169e+03 5.542583984041037183e+03
1.476132715873468214e+03 5.540383984041037365e+03
1.478332715873468260e+03 5.539283984041037002e+03
1.478332715873468260e+03 5.644883984041037365e+03
1.465132715873468214e+03 5.700983984041037729e+03
1.432132715873468214e+03 5.738383984041037365e+03
1.420032715873468305e+03 5.741683984041037547e+03
1.407932715873468169e+03 5.741683984041037547e+03
1.404632715873468214e+03 5.738383984041037365e+03
1.400232715873468123e+03 5.731783984041037002e+03
1.393632715873468214e+03 5.717483984041037729e+03
1.393632715873468214e+03 5.698783984041037002e+03
1.414532715873468305e+03 5.636083984041037183e+03
