2.167797622124579959e+02 2.075461191522357240e+03
2.805797622124579789e+02 2.118361191522357331e+03
2.849797622124580130e+02 2.121661191522357058e+03
2.871797622124580016e+02 2.123861191522357331e+03
3.146797622124580016e+02 2.155761191522356967e+03
3.146797622124580016e+02 2.175561191522357149e+03
3.047797622124580244e+02 2.221761191522357421e+03
3.014797622124580130e+02 2.228361191522357331e+03
2.992797622124580244e+02 2.230561191522357149e+03
2.563797622124579902e+02 2.241561191522357149e+03
2.497797622124579959e+02 2.242661191522357058e+03
2.167797622124579959e+02 2.175561191522357149e+03
2.167797622124579959e+02 2.075461191522357240e+03
