7.501726422037640987e+02 2.480462233203658798e+03
7.501726422037640987e+02 2.469462233203658798e+03
7.512726422037640077e+02 2.466162233203659071e+03
7.710726422037640759e+02 2.416662233203659071e+03
8.029726422037640532e+02 2.371562233203658707e+03
8.040726422037640759e+02 2.371562233203658707e+03
8.084726422037640532e+02 2.375962233203658798e+03
8.579726422037640532e+02 2.483762233203658980e+03
8.579726422037640532e+02 2.531062233203659162e+03
8.524726422037640532e+02 2.538762233203658980e+03
8.381726422037640987e+02 2.548662233203659071e+03
8.172726422037641214e+02 2.561862233203658889e+03
8.018726422037640305e+02 2.561862233203658889e+03
7.930726422037640759e+02 2.556362233203658889e+03
7.842726422037640077e+02 2.549762233203658980e+03
7.831726422037640987e+02 2.548662233203659071e+03
7.633726422037640305e+02 2.520062233203659162e+03
7.512726422037640077e+02 2.488162233203659071e+03
7.501726422037640987e+02 2.480462233203658798e+03
