6.690101212192537616e+01 1.715561127456749546e+03
6.690101212192537616e+01 1.703461127456749409e+03
1.252010121219253875e+02 1.653961127456749409e+03
1.439010121219253904e+02 1.653961127456749409e+03
1.956010121219254074e+02 1.691361127456749500e+03
1.956010121219254074e+02 1.699061127456749546e+03
1.714010121219253904e+02 1.787061127456749546e+03
1.549010121219253904e+02 1.789261127456749364e+03
1.406010121219253790e+02 1.789261127456749364e+03
1.274010121219253904e+02 1.783761127456749364e+03
1.252010121219253875e+02 1.782661127456749455e+03
1.175010121219253847e+02 1.777161127456749455e+03
1.153010121219253818e+02 1.774961127456749409e+03
9.660101212192537901e+01 1.755161127456749455e+03
6.690101212192537616e+01 1.715561127456749546e+03
