7.407882341110216657e+02 8.540556516492357559e+02
7.429882341110217112e+02 8.518556516492357105e+02
7.594882341110217112e+02 8.364556516492357332e+02
7.825882341110217340e+02 8.188556516492357105e+02
7.847882341110216657e+02 8.177556516492356877e+02
8.001882341110217567e+02 8.177556516492356877e+02
8.166882341110217567e+02 8.254556516492357332e+02
8.199882341110217112e+02 8.287556516492356877e+02
8.210882341110217340e+02 8.309556516492357332e+02
8.254882341110217112e+02 8.441556516492357787e+02
8.276882341110217567e+02 8.573556516492357105e+02
8.276882341110217567e+02 8.716556516492357787e+02
8.254882341110217112e+02 8.914556516492357332e+02
8.232882341110216657e+02 8.947556516492356877e+02
8.177882341110217794e+02 9.002556516492356877e+02
8.144882341110217112e+02 9.013556516492357105e+02
7.869882341110217112e+02 9.057556516492356877e+02
7.748882341110216885e+02 9.057556516492356877e+02
7.682882341110216657e+02 9.035556516492357559e+02
7.506882341110217567e+02 8.947556516492356877e+02
7.440882341110217340e+02 8.881556516492357787e+02
7.407882341110216657e+02 8.716556516492357787e+02
7.407882341110216657e+02 8.540556516492357559e+02
