3.625359206660136806e+02 2.736042629774730813e+03
3.889359206660137147e+02 2.709642629774730722e+03
4.285359206660137374e+02 2.709642629774730722e+03
4.835359206660137374e+02 2.716242629774730631e+03
5.033359206660137488e+02 2.736042629774730813e+03
5.033359206660137488e+02 2.744842629774730540e+03
4.747359206660137261e+02 2.798742629774730631e+03
4.703359206660137488e+02 2.806442629774730904e+03
4.670359206660137374e+02 2.809742629774730631e+03
4.637359206660137261e+02 2.811942629774730904e+03
4.593359206660136920e+02 2.814142629774730722e+03
4.560359206660137374e+02 2.815242629774730631e+03
4.428359206660136920e+02 2.815242629774730631e+03
4.186359206660137033e+02 2.809742629774730631e+03
4.065359206660137374e+02 2.804242629774730631e+03
4.043359206660136920e+02 2.802042629774730813e+03
3.867359206660137261e+02 2.782242629774730631e+03
3.625359206660136806e+02 2.736042629774730813e+03
