2.998784988472376654e+02 5.499816010588336212e+03
3.515784988472376540e+02 5.445916010588335666e+03
3.526784988472376199e+02 5.444816010588335303e+03
3.691784988472376199e+02 5.438216010588335848e+03
3.966784988472376199e+02 5.428316010588336212e+03
4.087784988472376426e+02 5.428316010588336212e+03
4.274784988472376313e+02 5.447016010588336030e+03
4.395784988472376540e+02 5.461316010588336212e+03
4.417784988472376426e+02 5.465716010588335848e+03
4.516784988472376199e+02 5.489916010588335666e+03
4.516784988472376199e+02 5.500916010588335666e+03
4.439784988472376313e+02 5.540516010588336030e+03
4.428784988472376654e+02 5.542716010588335848e+03
4.285784988472376540e+02 5.551516010588336030e+03
3.955784988472376540e+02 5.554816010588336212e+03
3.262784988472376426e+02 5.560316010588336212e+03
3.152784988472376426e+02 5.560316010588336212e+03
2.998784988472376654e+02 5.557016010588336030e+03
2.998784988472376654e+02 5.499816010588336212e+03
