1.718937593408699058e+03 8.487454569840965632e+03
1.718937593408699058e+03 8.474254569840964905e+03
1.734337593408698922e+03 8.456654569840966360e+03
1.749737593408699013e+03 8.447854569840965269e+03
1.782737593408699013e+03 8.447854569840965269e+03
1.794837593408698922e+03 8.448954569840965632e+03
1.799237593408699013e+03 8.453354569840965269e+03
1.799237593408699013e+03 8.496254569840964905e+03
1.792637593408699104e+03 8.549054569840965996e+03
1.787137593408699104e+03 8.549054569840965996e+03
1.777237593408699013e+03 8.547954569840965632e+03
1.760737593408699013e+03 8.543554569840965996e+03
1.758537593408698967e+03 8.542454569840965632e+03
1.728837593408698922e+03 8.518254569840964905e+03
1.727737593408699013e+03 8.517154569840966360e+03
1.718937593408699058e+03 8.487454569840965632e+03
