4.993220192307691718e+01 2.546738778846153764e+03
4.993220192307691718e+01 2.536838778846153673e+03
5.103220192307691150e+01 2.528038778846153946e+03
5.213220192307692002e+01 2.524738778846153764e+03
5.323220192307691434e+01 2.523638778846153855e+03
1.137322019230769286e+02 2.523638778846153855e+03
1.676322019230769342e+02 2.536838778846153673e+03
2.061322019230769342e+02 2.575338778846153673e+03
2.061322019230769342e+02 2.586338778846153673e+03
1.885322019230769115e+02 2.603938778846154037e+03
1.137322019230769286e+02 2.660038778846153946e+03
1.060322019230769257e+02 2.660038778846153946e+03
8.843220192307691718e+01 2.645738778846153764e+03
8.073220192307692855e+01 2.634738778846153764e+03
7.743220192307691718e+01 2.629238778846153764e+03
7.413220192307692002e+01 2.622638778846153855e+03
6.863220192307692002e+01 2.606138778846153855e+03
4.993220192307691718e+01 2.546738778846153764e+03
