6.637411944444444316e+02 5.717771361111111219e+03
6.736411944444444089e+02 5.694671361111110855e+03
6.846411944444444089e+02 5.670471361111111037e+03
6.868411944444444543e+02 5.667171361111110855e+03
6.901411944444444089e+02 5.663871361111110673e+03
6.923411944444444543e+02 5.662771361111111219e+03
6.945411944444444998e+02 5.662771361111111219e+03
7.627411944444444316e+02 5.743071361111111401e+03
7.627411944444444316e+02 5.744171361111110855e+03
7.572411944444444316e+02 5.755171361111110855e+03
7.561411944444444089e+02 5.756271361111111219e+03
7.429411944444444771e+02 5.762871361111111582e+03
7.055411944444444998e+02 5.765071361111111401e+03
6.923411944444444543e+02 5.765071361111111401e+03
6.747411944444444316e+02 5.760671361111110855e+03
6.736411944444444089e+02 5.759571361111111401e+03
6.659411944444444771e+02 5.747471361111111037e+03
6.637411944444444316e+02 5.736471361111111037e+03
6.637411944444444316e+02 5.717771361111111219e+03
