3.311280183829256885e+02 1.917305398037077339e+03
3.311280183829256885e+02 1.906305398037077339e+03
3.410280183829256657e+02 1.863405398037077475e+03
3.487280183829257112e+02 1.859005398037077384e+03
3.696280183829256885e+02 1.854605398037077521e+03
3.883280183829256771e+02 1.854605398037077521e+03
4.279280183829256998e+02 1.866705398037077430e+03
4.345280183829256657e+02 1.868905398037077475e+03
4.367280183829257112e+02 1.870005398037077384e+03
4.400280183829256657e+02 1.872205398037077430e+03
4.521280183829256885e+02 1.888705398037077430e+03
4.521280183829256885e+02 1.951405398037077475e+03
4.356280183829256885e+02 2.005305398037077339e+03
4.059280183829256998e+02 2.035005398037077384e+03
3.839280183829256998e+02 2.035005398037077384e+03
3.784280183829256998e+02 2.029505398037077384e+03
3.740280183829256657e+02 2.021805398037077339e+03
3.586280183829256885e+02 1.991005398037077384e+03
3.311280183829256885e+02 1.917305398037077339e+03
