8.026078117572492374e+02 3.486478339407383828e+03
8.037078117572492602e+02 3.485378339407383919e+03
8.070078117572492147e+02 3.483178339407384101e+03
8.092078117572492602e+02 3.482078339407383737e+03
8.224078117572491919e+02 3.482078339407383737e+03
8.466078117572492374e+02 3.485378339407383919e+03
8.598078117572492829e+02 3.494178339407384101e+03
8.609078117572493056e+02 3.495278339407384010e+03
8.642078117572492602e+02 3.549178339407384101e+03
8.642078117572492602e+02 3.596478339407383828e+03
7.960078117572492147e+02 3.623978339407383828e+03
7.960078117572492147e+02 3.549178339407384101e+03
8.026078117572492374e+02 3.486478339407383828e+03
