1.267100780141843870e+03 7.879668333333333067e+03
1.271500780141843961e+03 7.867568333333333612e+03
1.275900780141844052e+03 7.863168333333333067e+03
1.289100780141843870e+03 7.852168333333333067e+03
1.291300780141843916e+03 7.851068333333333612e+03
1.311100780141843870e+03 7.851068333333333612e+03
1.316600780141843870e+03 7.852168333333333067e+03
1.321000780141843961e+03 7.854368333333332885e+03
1.322100780141843870e+03 7.855468333333333248e+03
1.326500780141843961e+03 7.862068333333333612e+03
1.327600780141843870e+03 7.865368333333333794e+03
1.329800780141843916e+03 7.873068333333333612e+03
1.329800780141843916e+03 7.897268333333333430e+03
1.328700780141844007e+03 7.901668333333333067e+03
1.315500780141843961e+03 7.910468333333333248e+03
1.301200780141844007e+03 7.915968333333333248e+03
1.289100780141843870e+03 7.915968333333333248e+03
1.285800780141843916e+03 7.914868333333333794e+03
1.272600780141843870e+03 7.907168333333333067e+03
1.269300780141843916e+03 7.904968333333333248e+03
1.267100780141843870e+03 7.902768333333333430e+03
1.267100780141843870e+03 7.879668333333333067e+03
