-1.526618975903616615e+00 7.941541566265060283e+03
3.973381024096385161e+00 7.941541566265060283e+03
1.497338102409638516e+01 7.943741566265060101e+03
1.937338102409638552e+01 7.945941566265059919e+03
3.257338102409639191e+01 7.959141566265060646e+03
3.587338102409638907e+01 7.985541566265060283e+03
3.587338102409638907e+01 7.999841566265060465e+03
3.477338102409638765e+01 8.017441566265059919e+03
3.147338102409638694e+01 8.027341566265060465e+03
2.707338102409638481e+01 8.031741566265060101e+03
2.487338102409638552e+01 8.032841566265060465e+03
9.473381024096385161e+00 8.037241566265060101e+03
-1.526618975903616615e+00 8.037241566265060101e+03
-1.526618975903616615e+00 7.941541566265060283e+03
