1.278223223896663114e+02 6.508270721205597511e+03
1.300223223896663001e+02 6.507170721205597147e+03
1.333223223896663114e+02 6.506070721205597692e+03
1.641223223896663228e+02 6.498370721205596965e+03
1.773223223896663114e+02 6.498370721205596965e+03
1.872223223896663171e+02 6.500570721205597692e+03
2.136223223896663228e+02 6.508270721205597511e+03
2.136223223896663228e+02 6.545670721205597147e+03
2.004223223896663058e+02 6.590770721205597511e+03
1.267223223896663029e+02 6.601770721205597511e+03
1.102223223896663029e+02 6.601770721205597511e+03
1.025223223896663001e+02 6.599570721205597692e+03
8.712232238966630860e+01 6.587470721205597329e+03
8.602232238966630007e+01 6.586370721205597874e+03
8.052232238966630007e+01 6.579770721205597511e+03
7.942232238966630575e+01 6.577570721205597692e+03
7.942232238966630575e+01 6.559970721205597329e+03
8.052232238966630007e+01 6.557770721205597511e+03
8.492232238966630575e+01 6.550070721205597692e+03
1.278223223896663114e+02 6.508270721205597511e+03
