7.368597531902959190e+02 2.766449446080493544e+03
7.522597531902958963e+02 2.751049446080493453e+03
7.830597531902958508e+02 2.751049446080493453e+03
8.391597531902958735e+02 2.777449446080493544e+03
8.391597531902958735e+02 2.796149446080493817e+03
8.380597531902958508e+02 2.815949446080493544e+03
8.369597531902959417e+02 2.828049446080493453e+03
7.830597531902958508e+02 2.867649446080493817e+03
7.731597531902958735e+02 2.867649446080493817e+03
7.511597531902958735e+02 2.848949446080493544e+03
7.489597531902959417e+02 2.846749446080493726e+03
7.335597531902958508e+02 2.822549446080493453e+03
7.324597531902959417e+02 2.820349446080493635e+03
7.324597531902959417e+02 2.808249446080493726e+03
7.368597531902959190e+02 2.766449446080493544e+03
