8.148973751600511832e+02 1.785751190781049900e+03
8.159973751600512060e+02 1.779151190781049991e+03
8.170973751600512287e+02 1.773651190781049991e+03
8.181973751600512514e+02 1.771451190781049945e+03
8.324973751600512060e+02 1.747251190781049900e+03
8.368973751600511832e+02 1.742851190781050036e+03
8.621973751600512514e+02 1.723051190781049854e+03
8.643973751600511832e+02 1.723051190781049854e+03
8.775973751600512287e+02 1.736251190781049900e+03
9.204973751600512060e+02 1.790151190781049991e+03
9.204973751600512060e+02 1.800051190781049854e+03
8.709973751600512060e+02 1.859451190781049945e+03
8.643973751600511832e+02 1.866051190781049854e+03
8.346973751600512514e+02 1.866051190781049854e+03
8.247973751600511605e+02 1.850651190781049991e+03
8.214973751600512060e+02 1.842951190781049945e+03
8.148973751600511832e+02 1.823151190781049991e+03
8.148973751600511832e+02 1.785751190781049900e+03
