1.253750705337997857e+02 3.848000124139487525e+03
1.253750705337997857e+02 3.844700124139487798e+03
1.363750705337997715e+02 3.833700124139487798e+03
2.177750705337998056e+02 3.798500124139487525e+03
2.254750705337997942e+02 3.798500124139487525e+03
2.859750705337997942e+02 3.834800124139487707e+03
2.881750705337997829e+02 3.837000124139487525e+03
2.903750705337997715e+02 3.840300124139487707e+03
2.936750705337997829e+02 3.859000124139487525e+03
2.936750705337997829e+02 3.876600124139487889e+03
2.914750705337997942e+02 3.881000124139487525e+03
2.815750705337998170e+02 3.893100124139487889e+03
2.793750705337997715e+02 3.895300124139487707e+03
2.760750705337998170e+02 3.897500124139487525e+03
2.694750705337997942e+02 3.900800124139487707e+03
1.979750705337997942e+02 3.910700124139487798e+03
1.407750705337998056e+02 3.888700124139487798e+03
1.253750705337997857e+02 3.848000124139487525e+03
