1.333762540960584147e+03 3.481668027338264437e+03
1.335962540960584192e+03 3.478368027338264255e+03
1.337062540960584101e+03 3.477268027338264346e+03
1.349162540960584238e+03 3.472868027338264255e+03
1.360162540960584238e+03 3.472868027338264255e+03
1.365662540960584238e+03 3.477268027338264346e+03
1.407462540960584192e+03 3.532268027338264346e+03
1.411862540960584283e+03 3.538868027338264255e+03
1.414062540960584329e+03 3.543268027338264346e+03
1.414062540960584329e+03 3.556468027338264164e+03
1.406362540960584283e+03 3.609268027338264346e+03
1.398662540960584238e+03 3.635668027338264437e+03
1.359062540960584329e+03 3.635668027338264437e+03
1.346962540960584192e+03 3.632368027338264255e+03
1.287562540960584101e+03 3.572968027338264164e+03
1.287562540960584101e+03 3.569668027338264437e+03
1.333762540960584147e+03 3.481668027338264437e+03
