1.026143354347255126e+03 2.805553532965589511e+03
1.034943354347255081e+03 2.787953532965589602e+03
1.041543354347254990e+03 2.776953532965589602e+03
1.106443354347255081e+03 2.776953532965589602e+03
1.113043354347254990e+03 2.783553532965589511e+03
1.114143354347255126e+03 2.829753532965589784e+03
1.114143354347255126e+03 2.841853532965589693e+03
1.113043354347254990e+03 2.853953532965589602e+03
1.109743354347255035e+03 2.871553532965589511e+03
1.104243354347255035e+03 2.882553532965589511e+03
1.091043354347254990e+03 2.896853532965589693e+03
1.074543354347254990e+03 2.896853532965589693e+03
9.997433543472550355e+02 2.860553532965589511e+03
9.997433543472550355e+02 2.859453532965589602e+03
1.026143354347255126e+03 2.805553532965589511e+03
