1.496402675537938876e+03 6.482896637882219693e+03
1.511802675537938740e+03 6.459796637882219329e+03
1.512902675537938876e+03 6.458696637882219875e+03
1.552502675537938785e+03 6.435596637882219511e+03
1.582202675537938831e+03 6.419096637882219511e+03
1.585502675537938785e+03 6.417996637882220057e+03
1.604202675537938831e+03 6.417996637882220057e+03
1.607502675537938785e+03 6.419096637882219511e+03
1.611902675537938876e+03 6.421296637882219329e+03
1.615202675537938831e+03 6.423496637882220057e+03
1.617402675537938876e+03 6.425696637882219875e+03
1.618502675537938785e+03 6.427896637882219693e+03
1.618502675537938785e+03 6.441096637882219511e+03
1.617402675537938876e+03 6.450996637882220057e+03
1.616302675537938740e+03 6.454296637882219329e+03
1.563502675537938785e+03 6.607196637882219875e+03
1.525002675537938785e+03 6.636896637882219693e+03
1.489802675537938740e+03 6.636896637882219693e+03
1.463402675537938876e+03 6.578596637882219511e+03
1.463402675537938876e+03 6.547796637882219329e+03
1.496402675537938876e+03 6.482896637882219693e+03
