9.440849164568550123e+01 6.269832776379033930e+03
9.440849164568550123e+01 6.237932776379034294e+03
1.219084916456855154e+02 6.232432776379034294e+03
1.395084916456855240e+02 6.232432776379034294e+03
1.582084916456855126e+02 6.237932776379034294e+03
1.604084916456855012e+02 6.239032776379033749e+03
1.626084916456855183e+02 6.241232776379034476e+03
1.725084916456855240e+02 6.257732776379034476e+03
1.736084916456855183e+02 6.259932776379034294e+03
1.736084916456855183e+02 6.279732776379034476e+03
1.615084916456855240e+02 6.303932776379034294e+03
1.571084916456855183e+02 6.308332776379033930e+03
1.450084916456855240e+02 6.313832776379033930e+03
1.263084916456855069e+02 6.317132776379034112e+03
1.109084916456855154e+02 6.317132776379034112e+03
9.440849164568550123e+01 6.269832776379033930e+03
