6.023397765971938043e+02 6.837298746764746284e+03
6.199397765971938270e+02 6.811998746764746102e+03
6.782397765971938952e+02 6.781198746764745920e+03
6.859397765971938270e+02 6.781198746764745920e+03
7.134397765971938270e+02 6.808698746764745920e+03
7.134397765971938270e+02 6.809798746764746284e+03
7.123397765971938043e+02 6.828498746764746102e+03
7.068397765971938043e+02 6.840598746764745556e+03
6.903397765971938043e+02 6.861498746764746102e+03
6.738397765971938043e+02 6.880198746764745920e+03
6.617397765971938952e+02 6.892298746764746284e+03
6.452397765971938952e+02 6.904398746764745738e+03
6.287397765971937815e+02 6.904398746764745738e+03
6.177397765971938952e+02 6.902198746764745920e+03
6.155397765971938497e+02 6.901098746764745556e+03
6.023397765971938043e+02 6.887898746764745738e+03
6.023397765971938043e+02 6.837298746764746284e+03
