1.439697916926531207e+03 1.267152925034302143e+03
1.441897916926531025e+03 1.264952925034302098e+03
1.456197916926531207e+03 1.253952925034302098e+03
1.475997916926531161e+03 1.253952925034302098e+03
1.507897916926531025e+03 1.255052925034302007e+03
1.510097916926531070e+03 1.256152925034302143e+03
1.527697916926531207e+03 1.269352925034302189e+03
1.528797916926531116e+03 1.270452925034302098e+03
1.529897916926531025e+03 1.272652925034302143e+03
1.538697916926531207e+03 1.296852925034302189e+03
1.540897916926531025e+03 1.307852925034302189e+03
1.540897916926531025e+03 1.333152925034302143e+03
1.537597916926531070e+03 1.341952925034302098e+03
1.525497916926531161e+03 1.360652925034302143e+03
1.513397916926531025e+03 1.365052925034302007e+03
1.489197916926531207e+03 1.369452925034302098e+03
1.484797916926531116e+03 1.369452925034302098e+03
1.416597916926531070e+03 1.341952925034302098e+03
1.416597916926531070e+03 1.329852925034302189e+03
1.439697916926531207e+03 1.267152925034302143e+03
