6.569647982863262996e+02 3.143127954302035050e+03
6.580647982863263223e+02 3.140927954302034777e+03
6.602647982863263678e+02 3.138727954302034959e+03
6.624647982863262996e+02 3.137627954302035050e+03
6.932647982863263678e+02 3.127727954302034959e+03
7.064647982863262996e+02 3.127727954302034959e+03
7.218647982863262769e+02 3.132127954302035050e+03
7.240647982863263223e+02 3.133227954302034959e+03
7.559647982863262996e+02 3.173927954302034777e+03
7.691647982863263451e+02 3.191527954302035141e+03
7.691647982863263451e+02 3.193727954302034959e+03
6.954647982863262996e+02 3.233327954302034868e+03
6.866647982863263451e+02 3.233327954302034868e+03
6.569647982863262996e+02 3.187127954302035050e+03
6.569647982863262996e+02 3.143127954302035050e+03
