6.857783170591613953e+02 4.750735511200459769e+03
7.176783170591613725e+02 4.761735511200459769e+03
7.550783170591614635e+02 4.810135511200459405e+03
7.572783170591613953e+02 4.813435511200459587e+03
7.616783170591613725e+02 4.822235511200459769e+03
7.616783170591613725e+02 4.832135511200459405e+03
7.583783170591614180e+02 4.855235511200459769e+03
7.550783170591614635e+02 4.862935511200459587e+03
7.539783170591614407e+02 4.864035511200459950e+03
7.440783170591614635e+02 4.871735511200459769e+03
7.374783170591614407e+02 4.875035511200459950e+03
7.242783170591613953e+02 4.880535511200459950e+03
7.011783170591613725e+02 4.884935511200459587e+03
6.868783170591614180e+02 4.884935511200459587e+03
6.802783170591613953e+02 4.882735511200459769e+03
6.758783170591614180e+02 4.880535511200459950e+03
6.692783170591613953e+02 4.873935511200459587e+03
6.593783170591614180e+02 4.856335511200459223e+03
6.593783170591614180e+02 4.839835511200459223e+03
6.857783170591613953e+02 4.750735511200459769e+03
