2.367424189425534848e+02 4.498990986142875954e+03
3.060424189425534678e+02 4.498990986142875954e+03
3.247424189425535133e+02 4.517690986142876682e+03
3.280424189425534678e+02 4.556190986142876682e+03
3.280424189425534678e+02 4.567190986142876682e+03
3.214424189425535019e+02 4.597990986142875954e+03
3.203424189425534792e+02 4.601290986142876136e+03
3.137424189425534564e+02 4.614490986142875954e+03
3.071424189425534905e+02 4.621090986142876318e+03
3.027424189425534564e+02 4.621090986142876318e+03
2.895424189425534678e+02 4.617790986142876136e+03
2.774424189425535019e+02 4.612290986142876136e+03
2.752424189425534564e+02 4.611190986142876682e+03
2.532424189425534848e+02 4.599090986142876318e+03
2.521424189425534905e+02 4.597990986142875954e+03
2.466424189425534905e+02 4.591390986142876500e+03
2.444424189425534735e+02 4.585890986142876500e+03
2.411424189425534905e+02 4.572690986142876682e+03
2.400424189425534678e+02 4.567190986142876682e+03
2.367424189425534848e+02 4.498990986142875954e+03
