6.775856691134952143e+02 2.617479808018068979e+03
7.413856691134951689e+02 2.597679808018068798e+03
7.941856691134952371e+02 2.597679808018068798e+03
7.941856691134952371e+02 2.599879808018069070e+03
7.842856691134952598e+02 2.691179808018068798e+03
7.611856691134952371e+02 2.725279808018068707e+03
7.413856691134951689e+02 2.725279808018068707e+03
6.445856691134952143e+02 2.675779808018068707e+03
6.445856691134952143e+02 2.674679808018068798e+03
6.489856691134951916e+02 2.665879808018069070e+03
6.775856691134952143e+02 2.617479808018068979e+03
