1.303192078651685279e+03 6.518452247191011111e+02
1.302092078651685370e+03 6.474452247191011338e+02
1.302092078651685370e+03 6.463452247191011111e+02
1.372492078651685460e+03 6.133452247191011111e+02
1.456092078651685370e+03 6.133452247191011111e+02
1.456092078651685370e+03 6.298452247191011111e+02
1.428592078651685370e+03 6.936452247191011793e+02
1.427492078651685460e+03 6.947452247191010883e+02
1.372492078651685460e+03 6.947452247191010883e+02
1.347192078651685279e+03 6.936452247191011793e+02
1.311992078651685460e+03 6.606452247191011793e+02
1.303192078651685279e+03 6.518452247191011111e+02
