9.247129787234042624e+02 7.242759432624113288e+03
9.258129787234042851e+02 7.241659432624113833e+03
9.379129787234041942e+02 7.231759432624113288e+03
9.412129787234042624e+02 7.229559432624113470e+03
9.467129787234042624e+02 7.227359432624113651e+03
9.533129787234042851e+02 7.225159432624113833e+03
9.852129787234042624e+02 7.217459432624113106e+03
1.003912978723404194e+03 7.217459432624113106e+03
1.013812978723404285e+03 7.218559432624113470e+03
1.027012978723404331e+03 7.225159432624113833e+03
1.029212978723404149e+03 7.241659432624113833e+03
1.029212978723404149e+03 7.253759432624113288e+03
1.024812978723404285e+03 7.260359432624113651e+03
1.019312978723404285e+03 7.265859432624113651e+03
1.005012978723404217e+03 7.277959432624113106e+03
9.962129787234042624e+02 7.284559432624113470e+03
9.874129787234043079e+02 7.290059432624113470e+03
9.786129787234042396e+02 7.294459432624113106e+03
9.731129787234042396e+02 7.296659432624113833e+03
9.456129787234042396e+02 7.296659432624113833e+03
9.137129787234042624e+02 7.288959432624113106e+03
9.137129787234042624e+02 7.258159432624113833e+03
9.247129787234042624e+02 7.242759432624113288e+03
