1.381004611119995616e+03 2.092783309344848021e+03
1.379904611119995707e+03 2.086183309344847657e+03
1.379904611119995707e+03 2.074083309344847748e+03
1.382104611119995752e+03 2.071883309344847930e+03
1.392004611119995616e+03 2.063083309344847748e+03
1.510804611119995798e+03 1.969583309344847748e+03
1.544904611119995707e+03 1.999283309344847794e+03
1.577904611119995707e+03 2.090583309344847748e+03
1.577904611119995707e+03 2.202783309344848021e+03
1.554804611119995798e+03 2.203883309344847930e+03
1.541604611119995752e+03 2.203883309344847930e+03
1.533904611119995707e+03 2.200583309344847748e+03
1.527304611119995798e+03 2.197283309344848021e+03
1.388704611119995661e+03 2.112583309344847748e+03
1.381004611119995616e+03 2.092783309344848021e+03
