1.611037597471022082e+03 3.017807987355110527e+03
1.611037597471022082e+03 2.979307987355110527e+03
1.613237597471022127e+03 2.978207987355110618e+03
1.642937597471022173e+03 2.978207987355110618e+03
1.661637597471022218e+03 2.981507987355110799e+03
1.697937597471022173e+03 2.996907987355110436e+03
1.697937597471022173e+03 3.017807987355110527e+03
1.694637597471022218e+03 3.060707987355110618e+03
1.638537597471022082e+03 3.070607987355110708e+03
1.637437597471022173e+03 3.070607987355110708e+03
1.611037597471022082e+03 3.017807987355110527e+03
