1.570419978284473473e+03 5.218653550488599649e+03
1.579219978284473427e+03 5.203253550488599103e+03
1.583619978284473291e+03 5.198853550488599467e+03
1.611119978284473291e+03 5.187853550488599467e+03
1.614419978284473473e+03 5.186753550488599103e+03
1.626519978284473382e+03 5.186753550488599103e+03
1.636419978284473473e+03 5.187853550488599467e+03
1.652919978284473473e+03 5.192253550488599103e+03
1.661719978284473427e+03 5.199953550488598921e+03
1.662819978284473336e+03 5.201053550488599285e+03
1.663919978284473473e+03 5.203253550488599103e+03
1.666119978284473518e+03 5.213153550488599649e+03
1.667219978284473427e+03 5.220853550488599467e+03
1.667219978284473427e+03 5.231853550488599467e+03
1.665019978284473382e+03 5.246153550488599649e+03
1.663919978284473473e+03 5.248353550488599467e+03
1.657319978284473336e+03 5.254953550488598921e+03
1.612219978284473427e+03 5.254953550488598921e+03
1.566019978284473382e+03 5.245053550488599285e+03
1.566019978284473382e+03 5.243953550488598921e+03
1.568219978284473427e+03 5.224153550488599649e+03
1.570419978284473473e+03 5.218653550488599649e+03
