6.355171539716401412e+02 6.251332927594427929e+03
6.399171539716401185e+02 6.244732927594428475e+03
6.443171539716400957e+02 6.240332927594428838e+03
6.762171539716400730e+02 6.211732927594428475e+03
6.927171539716400730e+02 6.205132927594428111e+03
7.037171539716400730e+02 6.201832927594427929e+03
7.169171539716401185e+02 6.201832927594427929e+03
7.334171539716401185e+02 6.208432927594428293e+03
7.378171539716400957e+02 6.210632927594428111e+03
7.411171539716401639e+02 6.213932927594428293e+03
7.455171539716401412e+02 6.222732927594428475e+03
7.510171539716401412e+02 6.252432927594428293e+03
7.510171539716401412e+02 6.265632927594428111e+03
7.488171539716400957e+02 6.277732927594428475e+03
7.477171539716400730e+02 6.279932927594428293e+03
7.400171539716401412e+02 6.288732927594428475e+03
7.334171539716401185e+02 6.295332927594428838e+03
6.916171539716401639e+02 6.323932927594428293e+03
6.740171539716401412e+02 6.323932927594428293e+03
6.443171539716400957e+02 6.286532927594428656e+03
6.410171539716401412e+02 6.282132927594428111e+03
6.344171539716401185e+02 6.271132927594428111e+03
6.344171539716401185e+02 6.260132927594428111e+03
6.355171539716401412e+02 6.251332927594427929e+03
