1.075431394840402390e+03 5.246671840839528159e+03
1.087531394840402299e+03 5.244471840839527431e+03
1.116131394840402209e+03 5.244471840839527431e+03
1.120531394840402299e+03 5.245571840839527795e+03
1.131531394840402299e+03 5.249971840839527431e+03
1.138131394840402209e+03 5.255471840839527431e+03
1.139231394840402345e+03 5.256571840839527795e+03
1.140331394840402254e+03 5.258771840839527613e+03
1.140331394840402254e+03 5.271971840839527431e+03
1.138131394840402209e+03 5.302771840839527613e+03
1.137031394840402299e+03 5.312671840839528159e+03
1.133731394840402345e+03 5.322571840839527795e+03
1.132631394840402209e+03 5.324771840839527613e+03
1.118331394840402254e+03 5.344571840839527795e+03
1.116131394840402209e+03 5.346771840839527613e+03
1.113931394840402390e+03 5.347871840839527977e+03
1.098531394840402299e+03 5.350071840839527795e+03
1.087531394840402299e+03 5.350071840839527795e+03
1.022631394840402209e+03 5.307171840839528159e+03
1.022631394840402209e+03 5.301671840839528159e+03
1.075431394840402390e+03 5.246671840839528159e+03
