1.408969959551960073e+03 5.991825715619165749e+03
1.466169959551960119e+03 5.952225715619166294e+03
1.503569959551960210e+03 5.952225715619166294e+03
1.510169959551960119e+03 5.962125715619165931e+03
1.511269959551960255e+03 5.964325715619165749e+03
1.511269959551960255e+03 5.976425715619166112e+03
1.510169959551960119e+03 6.011625715619165931e+03
1.509069959551960210e+03 6.018225715619166294e+03
1.507969959551960073e+03 6.020425715619166112e+03
1.502469959551960073e+03 6.028125715619165931e+03
1.459569959551960210e+03 6.073225715619166294e+03
1.404569959551960210e+03 6.018225715619166294e+03
1.404569959551960210e+03 6.017125715619165931e+03
1.408969959551960073e+03 5.991825715619165749e+03
