1.095312582187686758e+03 7.995157501494321878e+03
1.119512582187686803e+03 7.942357501494321696e+03
1.147012582187686803e+03 7.950057501494321514e+03
1.159112582187686712e+03 7.955557501494321514e+03
1.165712582187686849e+03 7.958857501494321696e+03
1.173412582187686894e+03 7.963257501494321332e+03
1.178912582187686894e+03 7.967657501494321878e+03
1.185512582187686803e+03 7.974257501494321332e+03
1.189912582187686894e+03 7.979757501494321332e+03
1.197612582187686712e+03 7.991857501494321696e+03
1.197612582187686712e+03 8.001757501494321332e+03
1.194312582187686758e+03 8.024857501494321696e+03
1.143712582187686849e+03 8.075457501494322059e+03
1.142612582187686712e+03 8.075457501494322059e+03
1.095312582187686758e+03 8.019357501494321696e+03
1.095312582187686758e+03 7.995157501494321878e+03
