6.263426736719205792e+02 8.135987011091651766e+03
6.263426736719205792e+02 8.101887011091652312e+03
6.593426736719205792e+02 8.097487011091651766e+03
6.780426736719206247e+02 8.096387011091652312e+03
6.824426736719206019e+02 8.096387011091652312e+03
6.824426736719206019e+02 8.168987011091651766e+03
6.560426736719206247e+02 8.179987011091651766e+03
6.494426736719206019e+02 8.179987011091651766e+03
6.329426736719206019e+02 8.178887011091652312e+03
6.263426736719205792e+02 8.135987011091651766e+03
