1.441778031691279466e+03 3.080940325536272667e+03
1.468178031691279557e+03 3.022640325536272485e+03
1.501178031691279557e+03 2.990740325536272394e+03
1.517678031691279557e+03 2.990740325536272394e+03
1.522078031691279421e+03 2.991840325536272303e+03
1.524278031691279466e+03 2.992940325536272667e+03
1.525378031691279602e+03 2.994040325536272576e+03
1.529778031691279466e+03 3.002840325536272303e+03
1.549578031691279421e+03 3.080940325536272667e+03
1.549578031691279421e+03 3.120540325536272576e+03
1.541878031691279602e+03 3.133740325536272394e+03
1.534178031691279557e+03 3.142540325536272576e+03
1.531978031691279512e+03 3.144740325536272394e+03
1.518778031691279466e+03 3.149140325536272485e+03
1.504478031691279512e+03 3.149140325536272485e+03
1.500078031691279421e+03 3.148040325536272576e+03
1.494578031691279421e+03 3.145840325536272303e+03
1.470378031691279602e+03 3.135940325536272667e+03
1.468178031691279557e+03 3.134840325536272303e+03
1.446178031691279557e+03 3.121640325536272485e+03
1.443978031691279512e+03 3.119440325536272667e+03
1.441778031691279466e+03 3.113940325536272667e+03
1.441778031691279466e+03 3.080940325536272667e+03
