1.547702114711699323e+03 2.688826258938080173e+03
1.551002114711699278e+03 2.682226258938079809e+03
1.552102114711699414e+03 2.681126258938079900e+03
1.556502114711699278e+03 2.677826258938080173e+03
1.558702114711699323e+03 2.676726258938079809e+03
1.595002114711699278e+03 2.676726258938079809e+03
1.630202114711699323e+03 2.682226258938079809e+03
1.636802114711699460e+03 2.683326258938080173e+03
1.641202114711699323e+03 2.684426258938080082e+03
1.670902114711699369e+03 2.693226258938079809e+03
1.679702114711699323e+03 2.699826258938080173e+03
1.681902114711699369e+03 2.702026258938079991e+03
1.684102114711699414e+03 2.706426258938080082e+03
1.685202114711699323e+03 2.709726258938079809e+03
1.685202114711699323e+03 2.725126258938079900e+03
1.684102114711699414e+03 2.727326258938080173e+03
1.667602114711699414e+03 2.755926258938080082e+03
1.625802114711699460e+03 2.755926258938080082e+03
1.534502114711699278e+03 2.722926258938080082e+03
1.537802114711699460e+03 2.713026258938079991e+03
1.547702114711699323e+03 2.688826258938080173e+03
