1.564324131542380655e+03 6.801436807163810045e+03
1.568724131542380746e+03 6.797036807163810408e+03
1.580824131542380655e+03 6.788236807163810226e+03
1.591824131542380655e+03 6.782736807163810226e+03
1.676524131542380701e+03 6.743136807163810772e+03
1.677624131542380837e+03 6.743136807163810772e+03
1.677624131542380837e+03 6.806936807163810045e+03
1.671024131542380701e+03 6.843236807163810226e+03
1.660024131542380701e+03 6.846536807163810408e+03
1.651224131542380746e+03 6.847636807163810772e+03
1.639124131542380837e+03 6.847636807163810772e+03
1.586324131542380655e+03 6.844336807163810590e+03
1.581924131542380792e+03 6.843236807163810226e+03
1.574224131542380746e+03 6.841036807163810408e+03
1.572024131542380701e+03 6.839936807163810045e+03
1.567624131542380610e+03 6.835536807163810408e+03
1.564324131542380655e+03 6.830036807163810408e+03
1.563224131542380746e+03 6.824536807163810408e+03
1.563224131542380746e+03 6.814636807163810772e+03
1.564324131542380655e+03 6.801436807163810045e+03
