8.303592372881355459e+02 5.436894043583534767e+03
8.831592372881356141e+02 5.417094043583535495e+03
9.194592372881355686e+02 5.417094043583535495e+03
9.711592372881356141e+02 5.470994043583535131e+03
9.711592372881356141e+02 5.473194043583534949e+03
9.315592372881355914e+02 5.512794043583535313e+03
9.128592372881355459e+02 5.521594043583535495e+03
8.897592372881356368e+02 5.531494043583535131e+03
8.831592372881356141e+02 5.531494043583535131e+03
8.237592372881356368e+02 5.472094043583535495e+03
8.303592372881355459e+02 5.436894043583534767e+03
