1.611068527646806615e+03 6.524110094299185221e+03
1.639668527646806751e+03 6.486710094299185585e+03
1.645168527646806751e+03 6.481210094299185585e+03
1.648468527646806706e+03 6.479010094299185766e+03
1.658368527646806797e+03 6.473510094299185766e+03
1.671568527646806615e+03 6.473510094299185766e+03
1.690268527646806660e+03 6.474610094299185221e+03
1.696868527646806797e+03 6.475710094299185585e+03
1.699068527646806615e+03 6.476810094299185948e+03
1.711168527646806751e+03 6.485610094299185221e+03
1.718868527646806797e+03 6.493310094299185948e+03
1.727668527646806751e+03 6.504310094299185948e+03
1.734268527646806660e+03 6.513110094299185221e+03
1.748568527646806615e+03 6.567010094299185766e+03
1.680368527646806797e+03 6.595610094299185221e+03
1.642968527646806706e+03 6.595610094299185221e+03
1.611068527646806615e+03 6.580210094299185585e+03
1.611068527646806615e+03 6.524110094299185221e+03
