3.798226305418719448e+02 6.071855369458127825e+03
3.787226305418719221e+02 6.050955369458128189e+03
3.787226305418719221e+02 6.034455369458128189e+03
3.809226305418719107e+02 6.028955369458128189e+03
3.820226305418719335e+02 6.026755369458128371e+03
3.941226305418718994e+02 6.014655369458128007e+03
4.029226305418719107e+02 6.008055369458128553e+03
4.051226305418718994e+02 6.006955369458128189e+03
4.194226305418719107e+02 6.006955369458128189e+03
4.568226305418719448e+02 6.014655369458128007e+03
4.590226305418719335e+02 6.015755369458128371e+03
4.700226305418719335e+02 6.023455369458128189e+03
5.107226305418719221e+02 6.055355369458127825e+03
5.107226305418719221e+02 6.065255369458128371e+03
4.623226305418719448e+02 6.160955369458128189e+03
4.590226305418719335e+02 6.163155369458128007e+03
4.557226305418719221e+02 6.164255369458128371e+03
4.425226305418719335e+02 6.164255369458128371e+03
4.073226305418719448e+02 6.131255369458128371e+03
3.919226305418719107e+02 6.102655369458128007e+03
3.886226305418718994e+02 6.094955369458128189e+03
3.798226305418719448e+02 6.071855369458127825e+03
