4.942984895191121950e+02 3.605891229963008755e+03
4.942984895191121950e+02 3.551991229963008664e+03
5.008984895191122177e+02 3.544291229963008391e+03
5.019984895191121836e+02 3.543191229963008482e+03
5.063984895191122177e+02 3.542091229963008573e+03
5.173984895191122177e+02 3.542091229963008573e+03
5.536984895191121723e+02 3.567391229963008755e+03
5.756984895191121723e+02 3.586091229963008573e+03
5.833984895191122177e+02 3.605891229963008755e+03
5.833984895191122177e+02 3.622391229963008755e+03
5.756984895191121723e+02 3.638891229963008755e+03
5.745984895191122632e+02 3.641091229963008573e+03
5.701984895191121723e+02 3.647691229963008482e+03
5.459984895191122405e+02 3.667491229963008664e+03
5.305984895191122632e+02 3.669691229963008482e+03
5.118984895191122177e+02 3.670791229963008846e+03
4.942984895191121950e+02 3.605891229963008755e+03
