1.573280814163555306e+03 7.367704347826086632e+03
1.574380814163555442e+03 7.358904347826087360e+03
1.576580814163555260e+03 7.352304347826086996e+03
1.578780814163555306e+03 7.349004347826086814e+03
1.579880814163555442e+03 7.347904347826087360e+03
1.589780814163555306e+03 7.340204347826086632e+03
1.607380814163555442e+03 7.328104347826087178e+03
1.609580814163555260e+03 7.327004347826086814e+03
1.618380814163555442e+03 7.324804347826086996e+03
1.645880814163555442e+03 7.324804347826086996e+03
1.686580814163555260e+03 7.328104347826087178e+03
1.695380814163555442e+03 7.334704347826086632e+03
1.699780814163555306e+03 7.339104347826087178e+03
1.703080814163555260e+03 7.345704347826086632e+03
1.709680814163555397e+03 7.361104347826087178e+03
1.709680814163555397e+03 7.373204347826086632e+03
1.706380814163555442e+03 7.377604347826087178e+03
1.705280814163555306e+03 7.378704347826086632e+03
1.652480814163555351e+03 7.418304347826086996e+03
1.628280814163555306e+03 7.426004347826086814e+03
1.610680814163555397e+03 7.426004347826086814e+03
1.607380814163555442e+03 7.424904347826087360e+03
1.597480814163555351e+03 7.420504347826086814e+03
1.590880814163555442e+03 7.413904347826087360e+03
1.580980814163555351e+03 7.399604347826087178e+03
1.574380814163555442e+03 7.386404347826087360e+03
1.573280814163555306e+03 7.379804347826086996e+03
1.573280814163555306e+03 7.367704347826086632e+03
