2.518031887612888795e+02 5.454721708105697644e+02
2.518031887612888795e+02 5.322721708105697189e+02
2.529031887612888738e+02 5.278721708105697417e+02
2.650031887612888681e+02 5.157721708105697189e+02
2.749031887612889022e+02 5.113721708105697417e+02
2.859031887612889022e+02 5.102721708105697189e+02
3.002031887612888568e+02 5.102721708105697189e+02
3.024031887612889022e+02 5.113721708105697417e+02
3.035031887612888681e+02 5.124721708105697644e+02
3.332031887612888568e+02 5.465721708105697871e+02
3.420031887612888681e+02 5.641721708105696962e+02
3.475031887612888681e+02 5.839721708105697644e+02
3.486031887612888909e+02 5.927721708105697189e+02
3.486031887612888909e+02 6.114721708105697644e+02
3.475031887612888681e+02 6.147721708105697189e+02
3.409031887612889022e+02 6.301721708105696962e+02
3.387031887612888568e+02 6.334721708105697644e+02
3.266031887612888909e+02 6.477721708105697189e+02
3.255031887612888681e+02 6.488721708105697417e+02
3.233031887612888795e+02 6.499721708105697644e+02
3.200031887612888681e+02 6.510721708105697871e+02
3.145031887612888681e+02 6.521721708105696962e+02
3.002031887612888568e+02 6.543721708105697417e+02
2.815031887612888681e+02 6.543721708105697417e+02
2.793031887612888795e+02 6.532721708105697189e+02
2.672031887612888568e+02 6.378721708105697417e+02
2.595031887612888681e+02 6.268721708105697417e+02
2.573031887612888795e+02 6.235721708105697871e+02
2.551031887612888909e+02 6.169721708105697644e+02
2.518031887612888795e+02 5.454721708105697644e+02
