1.342108995910949488e+03 3.824881411046926587e+03
1.344308995910949534e+03 3.812781411046926678e+03
1.345408995910949670e+03 3.808381411046926587e+03
1.390508995910949579e+03 3.681881411046926587e+03
1.391608995910949488e+03 3.681881411046926587e+03
1.394908995910949670e+03 3.682981411046926951e+03
1.397108995910949488e+03 3.684081411046926860e+03
1.404808995910949534e+03 3.688481411046926951e+03
1.416908995910949670e+03 3.699481411046926496e+03
1.418008995910949579e+03 3.700581411046926860e+03
1.426808995910949534e+03 3.712681411046926769e+03
1.485108995910949488e+03 3.823781411046926678e+03
1.486208995910949625e+03 3.825981411046926496e+03
1.486208995910949625e+03 3.842481411046926951e+03
1.485108995910949488e+03 3.845781411046926678e+03
1.469708995910949625e+03 3.874381411046926587e+03
1.459808995910949534e+03 3.886481411046926951e+03
1.448808995910949534e+03 3.899681411046926769e+03
1.434508995910949579e+03 3.915081411046926860e+03
1.432308995910949534e+03 3.917281411046926678e+03
1.427908995910949670e+03 3.918381411046926587e+03
1.411408995910949670e+03 3.918381411046926587e+03
1.403708995910949625e+03 3.917281411046926678e+03
1.393808995910949534e+03 3.915081411046926860e+03
1.378408995910949670e+03 3.908481411046926951e+03
1.376208995910949625e+03 3.907381411046926587e+03
1.361908995910949670e+03 3.899681411046926769e+03
1.360808995910949534e+03 3.898581411046926860e+03
1.354208995910949625e+03 3.890881411046926587e+03
1.353108995910949488e+03 3.888681411046926769e+03
1.348708995910949625e+03 3.874381411046926587e+03
1.345408995910949670e+03 3.863381411046926587e+03
1.343208995910949625e+03 3.852381411046926587e+03
1.342108995910949488e+03 3.840281411046926678e+03
1.342108995910949488e+03 3.824881411046926587e+03
