3.254675092641609240e+02 5.073988883006882133e+03
3.419675092641609240e+02 5.067388883006881770e+03
4.112675092641609353e+02 5.055288883006882315e+03
4.277675092641609353e+02 5.055288883006882315e+03
4.288675092641609581e+02 5.056388883006881770e+03
4.343675092641609581e+02 5.071788883006882315e+03
4.343675092641609581e+02 5.083888883006881770e+03
4.332675092641609353e+02 5.098188883006881952e+03
4.244675092641609240e+02 5.142188883006881952e+03
4.189675092641609240e+02 5.154288883006882315e+03
3.606675092641609126e+02 5.189488883006882133e+03
3.474675092641609240e+02 5.189488883006882133e+03
3.254675092641609240e+02 5.135588883006881588e+03
3.254675092641609240e+02 5.073988883006882133e+03
