4.640882289546162269e+02 2.424986289067177495e+03
4.684882289546162042e+02 2.410686289067177768e+03
4.695882289546162269e+02 2.407386289067177586e+03
4.750882289546162269e+02 2.401886289067177586e+03
4.772882289546162156e+02 2.400786289067177677e+03
5.091882289546161928e+02 2.391986289067177495e+03
5.157882289546162156e+02 2.390886289067177586e+03
5.344882289546162610e+02 2.389786289067177677e+03
5.487882289546162156e+02 2.389786289067177677e+03
5.564882289546162610e+02 2.391986289067177495e+03
5.652882289546162156e+02 2.395286289067177677e+03
5.773882289546162383e+02 2.400786289067177677e+03
5.784882289546162610e+02 2.401886289067177586e+03
5.828882289546162383e+02 2.409586289067177404e+03
5.949882289546162610e+02 2.435986289067177495e+03
5.949882289546162610e+02 2.466786289067177677e+03
5.916882289546161928e+02 2.472286289067177677e+03
5.883882289546162383e+02 2.476686289067177768e+03
5.872882289546162156e+02 2.477786289067177677e+03
5.685882289546161701e+02 2.478886289067177586e+03
5.542882289546162156e+02 2.478886289067177586e+03
4.772882289546162156e+02 2.473386289067177586e+03
4.750882289546162269e+02 2.472286289067177677e+03
4.673882289546162383e+02 2.466786289067177677e+03
4.640882289546162269e+02 2.463486289067177495e+03
4.629882289546162042e+02 2.461286289067177677e+03
4.618882289546162383e+02 2.456886289067177586e+03
4.607882289546162156e+02 2.451386289067177586e+03
4.607882289546162156e+02 2.440386289067177586e+03
4.640882289546162269e+02 2.424986289067177495e+03
