1.569535140703790148e+03 3.154268990945074052e+02
1.573935140703790012e+03 2.934268990945074052e+02
1.579435140703790012e+03 2.758268990945073824e+02
1.581635140703790057e+03 2.692268990945074165e+02
1.584935140703790012e+03 2.615268990945073710e+02
1.591535140703790148e+03 2.483268990945073824e+02
1.593735140703789966e+03 2.450268990945073995e+02
1.594835140703790103e+03 2.439268990945074052e+02
1.613535140703790148e+03 2.263268990945073824e+02
1.623435140703790012e+03 2.197268990945073881e+02
1.636635140703790057e+03 2.164268990945074052e+02
1.657535140703790148e+03 2.164268990945074052e+02
1.674035140703790148e+03 2.285268990945073710e+02
1.685035140703790148e+03 2.406268990945073938e+02
1.700435140703790012e+03 2.604268990945074052e+02
1.730135140703790057e+03 3.132268990945074165e+02
1.731235140703789966e+03 3.154268990945074052e+02
1.732335140703790103e+03 3.198268990945073824e+02
1.732335140703790103e+03 3.319268990945074052e+02
1.601435140703790012e+03 4.474268990945074052e+02
1.583835140703790103e+03 4.474268990945074052e+02
1.573935140703790012e+03 4.430268990945074279e+02
1.571735140703789966e+03 4.408268990945074393e+02
1.558535140703790148e+03 4.001268990945073938e+02
1.558535140703790148e+03 3.737268990945074165e+02
1.559635140703790057e+03 3.671268990945073938e+02
1.569535140703790148e+03 3.154268990945074052e+02
