1.310845149797570912e+03 7.153298785425101414e+03
1.315245149797570775e+03 7.144498785425101232e+03
1.319645149797570866e+03 7.136798785425101414e+03
1.326245149797570775e+03 7.129098785425101596e+03
1.327345149797570912e+03 7.127998785425101232e+03
1.329545149797570730e+03 7.126898785425100868e+03
1.342745149797570775e+03 7.126898785425100868e+03
1.352645149797570866e+03 7.127998785425101232e+03
1.397745149797570775e+03 7.166498785425101232e+03
1.402145149797570866e+03 7.170898785425100868e+03
1.403245149797570775e+03 7.173098785425101596e+03
1.407645149797570866e+03 7.187398785425100868e+03
1.407645149797570866e+03 7.200598785425101596e+03
1.397745149797570775e+03 7.221498785425101232e+03
1.385645149797570866e+03 7.237998785425101232e+03
1.366945149797570821e+03 7.237998785425101232e+03
1.310845149797570912e+03 7.215998785425101232e+03
1.310845149797570912e+03 7.153298785425101414e+03
