1.700541686203004247e+03 6.060206173482677514e+03
1.702741686203004292e+03 6.039306173482677877e+03
1.703841686203004201e+03 6.037106173482678059e+03
1.712641686203004156e+03 6.028306173482677877e+03
1.726941686203004338e+03 6.019506173482677696e+03
1.765441686203004338e+03 6.014006173482677696e+03
1.767641686203004156e+03 6.014006173482677696e+03
1.829241686203004292e+03 6.021706173482677514e+03
1.829241686203004292e+03 6.032706173482677514e+03
1.827041686203004247e+03 6.091006173482677696e+03
1.825941686203004338e+03 6.093206173482677514e+03
1.785241686203004292e+03 6.139406173482678241e+03
1.761041686203004247e+03 6.163606173482678059e+03
1.750041686203004247e+03 6.158106173482678059e+03
1.746741686203004292e+03 6.155906173482677332e+03
1.721441686203004338e+03 6.138306173482677877e+03
1.707141686203004156e+03 6.124006173482677696e+03
1.704941686203004338e+03 6.120706173482677514e+03
1.700541686203004247e+03 6.095406173482678241e+03
1.700541686203004247e+03 6.060206173482677514e+03
