1.380063539424770170e+03 6.932609587164938603e+03
1.376763539424769988e+03 6.926009587164938239e+03
1.375663539424770079e+03 6.921609587164938603e+03
1.374563539424770170e+03 6.915009587164938239e+03
1.374563539424770170e+03 6.904009587164938239e+03
1.460363539424770124e+03 6.857809587164938421e+03
1.468063539424770170e+03 6.857809587164938421e+03
1.504363539424770124e+03 6.897409587164938785e+03
1.510963539424770033e+03 6.917209587164938057e+03
1.515363539424770124e+03 6.939209587164938057e+03
1.515363539424770124e+03 6.957909587164938785e+03
1.508763539424770215e+03 6.979909587164938785e+03
1.507663539424770079e+03 6.982109587164938603e+03
1.485663539424770079e+03 7.017309587164938421e+03
1.471363539424770124e+03 7.017309587164938421e+03
1.413063539424770170e+03 6.995309587164938421e+03
1.380063539424770170e+03 6.932609587164938603e+03
