1.618403089558075862e+03 3.929448736800938605e+03
1.634903089558075862e+03 3.920648736800938423e+03
1.648103089558075908e+03 3.920648736800938423e+03
1.667903089558075862e+03 3.940448736800938605e+03
1.720703089558075817e+03 4.038348736800938696e+03
1.713003089558075771e+03 4.091148736800938423e+03
1.711903089558075862e+03 4.093348736800938696e+03
1.710803089558075953e+03 4.094448736800938605e+03
1.659103089558075908e+03 4.121948736800938605e+03
1.650303089558075953e+03 4.121948736800938605e+03
1.595303089558075953e+03 4.086748736800938786e+03
1.590903089558075862e+03 4.082348736800938696e+03
1.570003089558075771e+03 4.058148736800938423e+03
1.570003089558075771e+03 4.039448736800938605e+03
1.618403089558075862e+03 3.929448736800938605e+03
