7.234100931461142636e+02 5.342430571388849785e+03
7.300100931461142864e+02 5.324830571388850331e+03
7.520100931461142864e+02 5.290730571388849967e+03
7.641100931461143091e+02 5.278630571388850512e+03
7.949100931461142636e+02 5.278630571388850512e+03
8.180100931461142864e+02 5.330330571388850331e+03
8.213100931461142409e+02 5.340230571388849967e+03
8.213100931461142409e+02 5.352330571388850331e+03
8.169100931461142636e+02 5.383130571388850512e+03
8.114100931461142636e+02 5.391930571388849785e+03
8.059100931461142636e+02 5.399630571388850512e+03
7.982100931461143318e+02 5.405130571388850512e+03
7.938100931461142409e+02 5.406230571388849967e+03
7.806100931461143091e+02 5.406230571388849967e+03
7.641100931461143091e+02 5.405130571388850512e+03
7.608100931461142409e+02 5.404030571388850149e+03
7.575100931461142864e+02 5.401830571388850331e+03
7.410100931461142864e+02 5.388630571388850512e+03
7.377100931461143318e+02 5.385330571388850331e+03
7.278100931461142409e+02 5.372130571388850512e+03
7.234100931461142636e+02 5.356730571388849967e+03
7.234100931461142636e+02 5.342430571388849785e+03
