1.150323073996576113e+03 1.036815655316720495e+03
1.151423073996576022e+03 1.025815655316720495e+03
1.153623073996576068e+03 1.017015655316720540e+03
1.155823073996576113e+03 1.009315655316720608e+03
1.156923073996576022e+03 1.006015655316720540e+03
1.159123073996576068e+03 1.002715655316720586e+03
1.161323073996575886e+03 1.000515655316720540e+03
1.174523073996575931e+03 9.928156553167206084e+02
1.185523073996575931e+03 9.895156553167205402e+02
1.209723073996575977e+03 9.895156553167205402e+02
1.210823073996576113e+03 9.906156553167205630e+02
1.235023073996575931e+03 1.031315655316720495e+03
1.235023073996575931e+03 1.055515655316720540e+03
1.224023073996575931e+03 1.069815655316720495e+03
1.221823073996576113e+03 1.072015655316720540e+03
1.209723073996575977e+03 1.083015655316720540e+03
1.207523073996575931e+03 1.084115655316720677e+03
1.175623073996576068e+03 1.084115655316720677e+03
1.171223073996575977e+03 1.083015655316720540e+03
1.167923073996576022e+03 1.081915655316720631e+03
1.164623073996576068e+03 1.079715655316720586e+03
1.163523073996575931e+03 1.078615655316720677e+03
1.151423073996576022e+03 1.054415655316720631e+03
1.150323073996576113e+03 1.050015655316720540e+03
1.150323073996576113e+03 1.036815655316720495e+03
