2.148974139351012980e+02 6.845278487893263446e+03
2.148974139351012980e+02 6.830978487893263264e+03
2.159974139351012923e+02 6.829878487893262900e+03
2.192974139351013037e+02 6.827678487893263082e+03
2.313974139351012980e+02 6.823278487893263446e+03
2.643974139351013264e+02 6.812278487893263446e+03
2.775974139351013150e+02 6.812278487893263446e+03
3.105974139351013150e+02 6.845278487893263446e+03
2.973974139351013264e+02 6.892578487893262718e+03
2.907974139351013037e+02 6.905778487893263446e+03
2.885974139351013150e+02 6.909078487893262718e+03
2.852974139351013037e+02 6.911278487893263446e+03
2.830974139351013150e+02 6.912378487893262900e+03
2.753974139351013264e+02 6.913478487893263264e+03
2.665974139351013150e+02 6.914578487893262718e+03
2.533974139351012980e+02 6.914578487893262718e+03
2.445974139351013150e+02 6.913478487893263264e+03
2.346974139351013093e+02 6.911278487893263446e+03
2.291974139351013093e+02 6.906878487893262900e+03
2.280974139351013150e+02 6.905778487893263446e+03
2.269974139351012923e+02 6.903578487893262718e+03
2.203974139351012980e+02 6.881578487893262718e+03
2.170974139351013150e+02 6.866178487893263082e+03
2.148974139351012980e+02 6.845278487893263446e+03
