7.164246971332613612e+02 5.805084166966535122e+03
7.648246971332613384e+02 5.756684166966534576e+03
7.912246971332613157e+02 5.756684166966534576e+03
7.945246971332613839e+02 5.757784166966534940e+03
8.022246971332613157e+02 5.761084166966535122e+03
8.044246971332613612e+02 5.763284166966534940e+03
8.099246971332613612e+02 5.769884166966534394e+03
8.286246971332614066e+02 5.797384166966534394e+03
8.484246971332613612e+02 5.834784166966534940e+03
8.484246971332613612e+02 5.844684166966534576e+03
8.220246971332613839e+02 5.858984166966534758e+03
7.648246971332613384e+02 5.865584166966535122e+03
7.340246971332613839e+02 5.865584166966535122e+03
7.164246971332613612e+02 5.831484166966534758e+03
7.164246971332613612e+02 5.805084166966535122e+03
