6.356999719022197723e+02 6.920237046923292837e+03
6.378999719022197041e+02 6.918037046923293019e+03
6.477999719022196814e+02 6.910337046923293201e+03
6.521999719022197723e+02 6.908137046923293383e+03
6.587999719022196814e+02 6.907037046923293019e+03
6.851999719022197723e+02 7.037937046923292655e+03
6.851999719022197723e+02 7.076437046923292655e+03
6.334999719022197269e+02 7.076437046923292655e+03
5.674999719022197269e+02 7.063237046923292837e+03
5.674999719022197269e+02 7.062137046923293383e+03
6.356999719022197723e+02 6.920237046923292837e+03
