1.503555910674042252e+03 5.251873407088711247e+03
1.511255910674042298e+03 5.244173407088711429e+03
1.523355910674042207e+03 5.244173407088711429e+03
1.566255910674042298e+03 5.287073407088711065e+03
1.573955910674042116e+03 5.318973407088711610e+03
1.511255910674042298e+03 5.345373407088711247e+03
1.507955910674042116e+03 5.345373407088711247e+03
1.472755910674042298e+03 5.331073407088711065e+03
1.472755910674042298e+03 5.300273407088711792e+03
1.503555910674042252e+03 5.251873407088711247e+03
