1.578144905758707637e+03 2.028527273516893956e+03
1.578144905758707637e+03 2.016427273516894047e+03
1.580344905758707455e+03 2.007627273516893865e+03
1.582544905758707500e+03 2.002127273516893865e+03
1.585844905758707455e+03 1.994427273516894047e+03
1.591344905758707455e+03 1.988927273516894047e+03
1.599044905758707500e+03 1.985627273516893865e+03
1.602344905758707455e+03 1.984527273516893956e+03
1.611144905758707637e+03 1.983427273516894047e+03
1.621044905758707500e+03 1.983427273516894047e+03
1.738744905758707546e+03 1.993327273516893911e+03
1.740944905758707591e+03 1.994427273516894047e+03
1.742044905758707500e+03 1.995527273516893956e+03
1.755244905758707546e+03 2.009827273516893911e+03
1.758544905758707500e+03 2.014227273516894002e+03
1.760744905758707546e+03 2.017527273516893956e+03
1.760744905758707546e+03 2.032927273516894047e+03
1.758544905758707500e+03 2.045027273516893956e+03
1.745344905758707455e+03 2.059327273516893911e+03
1.738744905758707546e+03 2.063727273516894002e+03
1.723344905758707455e+03 2.069227273516894002e+03
1.678244905758707546e+03 2.080227273516894002e+03
1.655144905758707637e+03 2.084627273516894093e+03
1.636444905758707591e+03 2.084627273516894093e+03
1.632044905758707500e+03 2.083527273516894184e+03
1.607844905758707455e+03 2.073627273516894093e+03
1.605644905758707637e+03 2.072527273516893729e+03
1.594644905758707637e+03 2.062627273516894093e+03
1.591344905758707455e+03 2.059327273516893911e+03
1.580344905758707455e+03 2.046127273516893865e+03
1.579244905758707546e+03 2.038427273516894047e+03
1.578144905758707637e+03 2.028527273516893956e+03
