9.881722130923034229e+02 2.350755916187345974e+03
9.881722130923034229e+02 2.334255916187345974e+03
1.032172213092303537e+03 2.299055916187346156e+03
1.038772213092303446e+03 2.299055916187346156e+03
1.046472213092303491e+03 2.306755916187345974e+03
1.057472213092303491e+03 2.326555916187345701e+03
1.058572213092303400e+03 2.328755916187345974e+03
1.078372213092303582e+03 2.385955916187345792e+03
1.078372213092303582e+03 2.396955916187345792e+03
1.061872213092303582e+03 2.422255916187345974e+03
1.032172213092303537e+03 2.444255916187345974e+03
1.024472213092303491e+03 2.444255916187345974e+03
1.016772213092303446e+03 2.442055916187346156e+03
1.013472213092303491e+03 2.440955916187345792e+03
1.007972213092303491e+03 2.438755916187345974e+03
1.003572213092303514e+03 2.436555916187346156e+03
1.002472213092303491e+03 2.435455916187345792e+03
1.001372213092303468e+03 2.433255916187345974e+03
9.991722130923034229e+02 2.427755916187345974e+03
9.980722130923035138e+02 2.424455916187345792e+03
9.925722130923035138e+02 2.399155916187346065e+03
9.881722130923034229e+02 2.350755916187345974e+03
