1.105730309962255433e+03 2.189806496625872114e+03
1.105730309962255433e+03 2.176606496625872296e+03
1.106830309962255569e+03 2.167806496625872114e+03
1.111230309962255433e+03 2.163406496625872023e+03
1.115630309962255524e+03 2.160106496625872296e+03
1.118930309962255478e+03 2.157906496625872023e+03
1.121130309962255524e+03 2.156806496625872114e+03
1.126630309962255524e+03 2.154606496625872296e+03
1.134330309962255569e+03 2.152406496625872023e+03
1.178330309962255569e+03 2.140306496625872114e+03
1.208030309962255615e+03 2.137006496625871932e+03
1.209130309962255524e+03 2.137006496625871932e+03
1.235530309962255615e+03 2.163406496625872023e+03
1.235530309962255615e+03 2.198606496625872296e+03
1.200330309962255569e+03 2.273406496625872023e+03
1.182730309962255433e+03 2.267906496625872023e+03
1.123330309962255569e+03 2.220606496625872296e+03
1.121130309962255524e+03 2.218406496625872023e+03
1.107930309962255478e+03 2.196406496625872023e+03
1.106830309962255569e+03 2.194206496625872205e+03
1.105730309962255433e+03 2.189806496625872114e+03
