-3.621296412838269418e+00 2.147740163624921479e+03
2.978703587161732003e+00 2.147740163624921479e+03
2.497870358716173556e+01 2.149940163624921297e+03
2.827870358716173627e+01 2.151040163624921206e+03
4.917870358716173484e+01 2.160940163624921297e+03
5.137870358716173769e+01 2.162040163624921206e+03
5.577870358716174337e+01 2.165340163624921388e+03
6.237870358716173769e+01 2.171940163624921297e+03
8.767870358716174906e+01 2.210440163624921297e+03
8.877870358716174337e+01 2.212640163624921115e+03
8.987870358716173769e+01 2.217040163624921206e+03
8.987870358716173769e+01 2.239040163624921206e+03
8.877870358716174337e+01 2.241240163624921479e+03
6.457870358716174053e+01 2.272040163624921206e+03
6.347870358716173911e+01 2.273140163624921570e+03
4.037870358716173769e+01 2.283040163624921206e+03
2.717870358716173484e+01 2.283040163624921206e+03
4.078703587161733424e+00 2.270940163624921297e+03
-3.621296412838269418e+00 2.264340163624921388e+03
-3.621296412838269418e+00 2.147740163624921479e+03
