3.991698748043818341e+02 2.196371924882629173e+03
4.024698748043818455e+02 2.191971924882629082e+03
4.222698748043818568e+02 2.179871924882629173e+03
4.673698748043818227e+02 2.156771924882629264e+03
4.871698748043818341e+02 2.156771924882629264e+03
5.817698748043818568e+02 2.196371924882629173e+03
5.773698748043818796e+02 2.200771924882629264e+03
5.652698748043818568e+02 2.208471924882629082e+03
5.113698748043818796e+02 2.241471924882629082e+03
5.058698748043818227e+02 2.244771924882629264e+03
5.025698748043818682e+02 2.245871924882629173e+03
4.893698748043818227e+02 2.245871924882629173e+03
3.991698748043818341e+02 2.241471924882629082e+03
3.991698748043818341e+02 2.196371924882629173e+03
