1.155570252669966067e+03 1.622880750195363362e+03
1.161070252669966067e+03 1.611880750195363362e+03
1.169870252669966249e+03 1.607480750195363271e+03
1.247970252669966158e+03 1.581080750195363407e+03
1.272170252669966203e+03 1.581080750195363407e+03
1.272170252669966203e+03 1.594280750195363453e+03
1.228170252669966203e+03 1.647080750195363407e+03
1.225970252669966158e+03 1.649280750195363453e+03
1.221570252669966067e+03 1.652580750195363407e+03
1.216070252669966067e+03 1.655880750195363362e+03
1.210570252669966067e+03 1.658080750195363407e+03
1.197370252669966021e+03 1.659180750195363316e+03
1.181970252669966158e+03 1.659180750195363316e+03
1.177570252669966067e+03 1.658080750195363407e+03
1.164370252669966249e+03 1.653680750195363316e+03
1.161070252669966067e+03 1.651480750195363498e+03
1.155570252669966067e+03 1.640480750195363271e+03
1.154470252669966158e+03 1.637180750195363316e+03
1.154470252669966158e+03 1.626180750195363316e+03
1.155570252669966067e+03 1.622880750195363362e+03
