3.689688638195003705e+02 1.641017437550362501e+03
3.755688638195003932e+02 1.632217437550362547e+03
3.766688638195004160e+02 1.631117437550362638e+03
3.931688638195004160e+02 1.622317437550362683e+03
4.041688638195004160e+02 1.616817437550362683e+03
4.173688638195004046e+02 1.613517437550362501e+03
4.426688638195004160e+02 1.612417437550362592e+03
4.536688638195004160e+02 1.612417437550362592e+03
4.613688638195004046e+02 1.613517437550362501e+03
4.723688638195004046e+02 1.616817437550362683e+03
4.756688638195004160e+02 1.620117437550362638e+03
4.789688638195004273e+02 1.626717437550362547e+03
4.800688638195003932e+02 1.630017437550362501e+03
4.811688638195004160e+02 1.655317437550362683e+03
4.811688638195004160e+02 1.667417437550362592e+03
4.789688638195004273e+02 1.677317437550362683e+03
4.173688638195004046e+02 1.694917437550362592e+03
3.876688638195004160e+02 1.694917437550362592e+03
3.821688638195004160e+02 1.689417437550362592e+03
3.656688638195004160e+02 1.671817437550362683e+03
3.656688638195004160e+02 1.660817437550362683e+03
3.689688638195003705e+02 1.641017437550362501e+03
