1.348006186249834400e+03 1.732050602728838157e+03
1.368906186249834491e+03 1.688050602728838157e+03
1.382106186249834536e+03 1.688050602728838157e+03
1.386506186249834400e+03 1.689150602728838294e+03
1.430506186249834400e+03 1.717750602728838203e+03
1.466806186249834354e+03 1.780450602728838248e+03
1.466806186249834354e+03 1.781550602728838157e+03
1.464606186249834536e+03 1.813450602728838248e+03
1.419506186249834400e+03 1.817850602728838339e+03
1.381006186249834400e+03 1.809050602728838157e+03
1.355706186249834445e+03 1.802450602728838248e+03
1.345806186249834354e+03 1.787050602728838157e+03
1.345806186249834354e+03 1.777150602728838294e+03
1.348006186249834400e+03 1.732050602728838157e+03
