1.550761737804878067e+03 3.471929246515679552e+03
1.550761737804878067e+03 3.430129246515679370e+03
1.559561737804878021e+03 3.423529246515679461e+03
1.573861737804877976e+03 3.416929246515679552e+03
1.577161737804877930e+03 3.415829246515679642e+03
1.585961737804878112e+03 3.413629246515679370e+03
1.593661737804877930e+03 3.412529246515679461e+03
1.611261737804878067e+03 3.412529246515679461e+03
1.627761737804878067e+03 3.415829246515679642e+03
1.635461737804878112e+03 3.421329246515679642e+03
1.665161737804878157e+03 3.459829246515679642e+03
1.667361737804877976e+03 3.468629246515679370e+03
1.667361737804877976e+03 3.482929246515679552e+03
1.664061737804878021e+03 3.506029246515679461e+03
1.662961737804878112e+03 3.510429246515679552e+03
1.660761737804878067e+03 3.517029246515679461e+03
1.656361737804877976e+03 3.529129246515679370e+03
1.607961737804878112e+03 3.541229246515679279e+03
1.559561737804878021e+03 3.513729246515679279e+03
1.550761737804878067e+03 3.471929246515679552e+03
