9.540689286448694020e+02 1.819846617314414971e+03
9.551689286448694247e+02 1.816546617314415016e+03
9.628689286448694702e+02 1.808846617314414971e+03
9.727689286448694475e+02 1.800046617314415016e+03
9.903689286448694702e+02 1.794546617314415016e+03
1.002468928644869379e+03 1.791246617314415062e+03
1.013468928644869379e+03 1.791246617314415062e+03
1.016768928644869447e+03 1.792346617314414971e+03
1.022268928644869447e+03 1.794546617314415016e+03
1.024468928644869493e+03 1.795646617314414925e+03
1.027768928644869447e+03 1.797846617314414971e+03
1.036568928644869402e+03 1.804446617314414880e+03
1.038768928644869447e+03 1.806646617314414925e+03
1.040968928644869493e+03 1.814346617314414971e+03
1.042068928644869402e+03 1.820946617314414880e+03
1.042068928644869402e+03 1.836346617314414971e+03
1.039868928644869357e+03 1.840746617314415062e+03
1.035468928644869493e+03 1.848446617314414880e+03
1.033268928644869447e+03 1.851746617314415062e+03
1.025568928644869402e+03 1.861646617314414925e+03
1.023368928644869470e+03 1.863846617314414971e+03
1.009068928644869402e+03 1.871546617314415016e+03
1.006868928644869470e+03 1.872646617314414925e+03
1.003568928644869402e+03 1.873746617314415062e+03
9.914689286448693792e+02 1.873746617314415062e+03
9.727689286448694475e+02 1.871546617314415016e+03
9.628689286448694702e+02 1.863846617314414971e+03
9.540689286448694020e+02 1.856146617314414925e+03
9.540689286448694020e+02 1.819846617314414971e+03
