1.312920533955795463e+03 5.715259362462616082e+03
1.319520533955795372e+03 5.684459362462615900e+03
1.326120533955795509e+03 5.675659362462615718e+03
1.329420533955795463e+03 5.672359362462615536e+03
1.345920533955795463e+03 5.660259362462616082e+03
1.350320533955795554e+03 5.658059362462616264e+03
1.358020533955795372e+03 5.655859362462615536e+03
1.375620533955795509e+03 5.655859362462615536e+03
1.428420533955795463e+03 5.660259362462616082e+03
1.502120533955795509e+03 5.716359362462615536e+03
1.503220533955795418e+03 5.717459362462615900e+03
1.506520533955795372e+03 5.731759362462616082e+03
1.506520533955795372e+03 5.743859362462615536e+03
1.504320533955795554e+03 5.748259362462616082e+03
1.490020533955795372e+03 5.763659362462615718e+03
1.487820533955795554e+03 5.765859362462615536e+03
1.476820533955795554e+03 5.774659362462615718e+03
1.462520533955795372e+03 5.784559362462616264e+03
1.460320533955795554e+03 5.785659362462615718e+03
1.444920533955795463e+03 5.785659362462615718e+03
1.383320533955795554e+03 5.780159362462615718e+03
1.373420533955795463e+03 5.776859362462615536e+03
1.362420533955795463e+03 5.771359362462615536e+03
1.334920533955795463e+03 5.752659362462615718e+03
1.319520533955795372e+03 5.739459362462615900e+03
1.315120533955795509e+03 5.735059362462616264e+03
1.312920533955795463e+03 5.728459362462615900e+03
1.312920533955795463e+03 5.715259362462616082e+03
