2.321374365876384616e+02 4.735879873692929323e+03
2.376374365876384616e+02 4.724879873692928413e+03
2.420374365876384672e+02 4.717179873692928595e+03
2.431374365876384616e+02 4.716079873692929141e+03
2.519374365876384729e+02 4.708379873692928413e+03
2.618374365876384786e+02 4.706179873692928595e+03
2.673374365876384786e+02 4.705079873692929141e+03
2.838374365876384786e+02 4.705079873692929141e+03
2.948374365876384786e+02 4.707279873692928959e+03
3.025374365876384672e+02 4.709479873692928777e+03
3.047374365876384559e+02 4.710579873692929141e+03
3.520374365876384672e+02 4.743579873692929141e+03
3.531374365876384900e+02 4.744679873692928595e+03
3.542374365876385127e+02 4.746879873692928413e+03
3.542374365876385127e+02 4.763379873692928413e+03
3.080374365876384672e+02 4.809579873692929141e+03
2.959374365876384445e+02 4.816179873692928595e+03
2.508374365876384786e+02 4.840379873692929323e+03
2.365374365876384672e+02 4.840379873692929323e+03
2.211374365876384616e+02 4.838179873692928595e+03
2.145374365876384672e+02 4.832679873692928595e+03
2.112374365876384559e+02 4.829379873692929323e+03
2.101374365876384616e+02 4.826079873692929141e+03
2.090374365876384672e+02 4.816179873692928595e+03
2.090374365876384672e+02 4.801879873692929323e+03
2.321374365876384616e+02 4.735879873692929323e+03
