1.973413484775253721e+02 2.096781343644272511e+03
1.962413484775253778e+02 2.089081343644272692e+03
1.962413484775253778e+02 2.078081343644272692e+03
2.039413484775253664e+02 2.058281343644272511e+03
2.270413484775253892e+02 2.058281343644272511e+03
2.886413484775253551e+02 2.080281343644272511e+03
2.886413484775253551e+02 2.081381343644272420e+03
2.787413484775253778e+02 2.109981343644272783e+03
2.743413484775254005e+02 2.117681343644272602e+03
2.655413484775253892e+02 2.129781343644272511e+03
2.578413484775254005e+02 2.137481343644272783e+03
2.468413484775253721e+02 2.141881343644272420e+03
2.369413484775253664e+02 2.141881343644272420e+03
2.105413484775253607e+02 2.122081343644272692e+03
2.061413484775253835e+02 2.117681343644272602e+03
2.039413484775253664e+02 2.113281343644272511e+03
1.984413484775253664e+02 2.100081343644272692e+03
1.973413484775253721e+02 2.096781343644272511e+03
