1.143255393718707410e+03 3.736801729631315538e+03
1.143255393718707410e+03 3.720301729631315538e+03
1.145455393718707228e+03 3.712601729631315266e+03
1.150955393718707228e+03 3.701601729631315266e+03
1.167455393718707228e+03 3.689501729631315357e+03
1.187255393718707410e+03 3.689501729631315357e+03
1.193855393718707319e+03 3.690601729631315266e+03
1.205955393718707228e+03 3.692801729631315538e+03
1.229055393718707364e+03 3.699401729631315447e+03
1.231255393718707410e+03 3.700501729631315357e+03
1.246655393718707273e+03 3.717001729631315357e+03
1.246655393718707273e+03 3.735701729631315629e+03
1.231255393718707410e+03 3.787401729631315447e+03
1.214755393718707410e+03 3.799501729631315357e+03
1.203755393718707410e+03 3.799501729631315357e+03
1.191655393718707273e+03 3.794001729631315357e+03
1.182855393718707319e+03 3.789601729631315266e+03
1.181755393718707410e+03 3.788501729631315357e+03
1.149855393718707319e+03 3.752201729631315629e+03
1.143255393718707410e+03 3.736801729631315538e+03
