1.315080860876249062e+03 3.181828064950038424e+03
1.315080860876249062e+03 3.094928064950038333e+03
1.326080860876249062e+03 3.091628064950038606e+03
1.338180860876248971e+03 3.091628064950038606e+03
1.350280860876249108e+03 3.096028064950038242e+03
1.352480860876249153e+03 3.097128064950038606e+03
1.408580860876249062e+03 3.146628064950038606e+03
1.417380860876249017e+03 3.155428064950038333e+03
1.428380860876249017e+03 3.173028064950038242e+03
1.428380860876249017e+03 3.185128064950038606e+03
1.419580860876249062e+03 3.252228064950038515e+03
1.418480860876249153e+03 3.259928064950038333e+03
1.385480860876249153e+03 3.259928064950038333e+03
1.359080860876249062e+03 3.257728064950038515e+03
1.357980860876248926e+03 3.256628064950038606e+03
1.351380860876249017e+03 3.248928064950038333e+03
1.334880860876249017e+03 3.225828064950038424e+03
1.315080860876249062e+03 3.181828064950038424e+03
