1.002426514555468088e+03 3.317444331592876097e+03
1.002426514555468088e+03 3.307544331592876006e+03
1.009026514555468111e+03 3.294344331592876188e+03
1.027726514555468157e+03 3.276744331592875824e+03
1.069526514555468111e+03 3.252544331592876006e+03
1.116826514555468066e+03 3.277844331592876188e+03
1.123426514555468202e+03 3.344944331592876097e+03
1.128926514555468202e+03 3.450544331592876006e+03
1.128926514555468202e+03 3.462644331592875915e+03
1.124526514555468111e+03 3.473644331592875915e+03
1.123426514555468202e+03 3.474744331592876279e+03
1.114626514555468020e+03 3.479144331592875915e+03
1.103626514555468248e+03 3.479144331592875915e+03
1.082726514555468157e+03 3.469244331592876279e+03
1.080526514555468111e+03 3.467044331592876006e+03
1.027726514555468157e+03 3.380144331592875915e+03
1.002426514555468088e+03 3.317444331592876097e+03
