1.731276026490066215e+03 5.712780132450330939e+02
1.731276026490066215e+03 5.547780132450330939e+02
1.746676026490066306e+03 5.371780132450330711e+02
1.748876026490066124e+03 5.349780132450331394e+02
1.752176026490066306e+03 5.327780132450330939e+02
1.757676026490066306e+03 5.294780132450331394e+02
1.785176026490066306e+03 5.228780132450331166e+02
1.795076026490066170e+03 5.228780132450331166e+02
1.814876026490066124e+03 5.327780132450330939e+02
1.820376026490066124e+03 5.382780132450330939e+02
1.825876026490066124e+03 5.470780132450331621e+02
1.826976026490066261e+03 5.492780132450330939e+02
1.828076026490066170e+03 5.525780132450331621e+02
1.830276026490066215e+03 5.624780132450331394e+02
1.830276026490066215e+03 5.756780132450330711e+02
1.829176026490066306e+03 5.921780132450330711e+02
1.806076026490066170e+03 6.526780132450330711e+02
1.781876026490066124e+03 6.526780132450330711e+02
1.757676026490066306e+03 6.284780132450331394e+02
1.731276026490066215e+03 5.712780132450330939e+02
