4.857212159090909154e+02 1.921606284090909185e+03
5.143212159090909381e+02 1.893006284090909048e+03
5.176212159090908926e+02 1.893006284090909048e+03
5.561212159090908926e+02 1.902906284090909139e+03
5.770212159090908699e+02 1.913906284090909139e+03
6.100212159090908699e+02 1.937006284090909048e+03
6.100212159090908699e+02 1.960106284090909185e+03
5.803212159090909381e+02 1.989806284090909003e+03
5.308212159090909381e+02 2.009606284090909185e+03
5.187212159090909154e+02 2.014006284090909048e+03
4.879212159090909040e+02 2.014006284090909048e+03
4.780212159090908699e+02 2.012906284090909139e+03
4.758212159090908813e+02 2.011806284090909003e+03
4.714212159090909040e+02 2.007406284090909139e+03
4.670212159090908699e+02 1.994206284090909094e+03
4.670212159090908699e+02 1.974406284090909139e+03
4.681212159090908926e+02 1.968906284090909139e+03
4.692212159090909154e+02 1.965606284090909185e+03
4.857212159090909154e+02 1.921606284090909185e+03
