1.229828192327903253e+03 3.163331739358906816e+03
1.323328192327903253e+03 3.095131739358906998e+03
1.343128192327903434e+03 3.200731739358906907e+03
1.343128192327903434e+03 3.223831739358906816e+03
1.269428192327903389e+03 3.241431739358907180e+03
1.259528192327903298e+03 3.241431739358907180e+03
1.255128192327903434e+03 3.240331739358906816e+03
1.239728192327903344e+03 3.233731739358906907e+03
1.192428192327903389e+03 3.209531739358907089e+03
1.192428192327903389e+03 3.200731739358906907e+03
1.229828192327903253e+03 3.163331739358906816e+03
