1.045648652995577095e+03 1.412494611982308015e+03
1.074248652995577004e+03 1.405894611982308106e+03
1.096248652995577004e+03 1.405894611982308106e+03
1.096248652995577004e+03 1.442194611982308061e+03
1.085248652995577004e+03 1.477394611982308106e+03
1.083048652995576958e+03 1.478494611982308015e+03
1.069848652995576913e+03 1.481794611982307970e+03
1.064348652995576913e+03 1.482894611982308106e+03
1.056648652995577095e+03 1.482894611982308106e+03
1.045648652995577095e+03 1.442194611982308061e+03
1.045648652995577095e+03 1.412494611982308015e+03
