1.661799930807818782e+03 6.385940252551461526e+03
1.661799930807818782e+03 6.382640252551461344e+03
1.670599930807818737e+03 6.373840252551462072e+03
1.739899930807818691e+03 6.347440252551461526e+03
1.778399930807818691e+03 6.347440252551461526e+03
1.784999930807818600e+03 6.382640252551461344e+03
1.784999930807818600e+03 6.409040252551461890e+03
1.754199930807818646e+03 6.465140252551461344e+03
1.749799930807818782e+03 6.469540252551461890e+03
1.745399930807818691e+03 6.472840252551462072e+03
1.734399930807818691e+03 6.472840252551462072e+03
1.733299930807818782e+03 6.471740252551461708e+03
1.661799930807818782e+03 6.385940252551461526e+03
