1.195413556632141763e+03 2.122700300701636934e+03
1.199813556632141626e+03 2.112800300701637298e+03
1.218513556632141672e+03 2.080900300701637207e+03
1.219613556632141581e+03 2.079800300701637298e+03
1.228413556632141763e+03 2.075400300701637207e+03
1.239413556632141763e+03 2.072100300701637025e+03
1.304313556632141626e+03 2.071000300701637116e+03
1.330713556632141717e+03 2.071000300701637116e+03
1.335113556632141581e+03 2.072100300701637025e+03
1.341713556632141717e+03 2.075400300701637207e+03
1.345013556632141672e+03 2.077600300701637025e+03
1.353813556632141626e+03 2.086400300701637207e+03
1.354913556632141763e+03 2.088600300701637025e+03
1.354913556632141763e+03 2.102900300701637207e+03
1.353813556632141626e+03 2.112800300701637298e+03
1.343913556632141763e+03 2.161200300701637389e+03
1.317513556632141672e+03 2.231600300701637025e+03
1.236113556632141581e+03 2.177700300701637389e+03
1.225113556632141581e+03 2.168900300701637207e+03
1.198713556632141717e+03 2.142500300701637116e+03
1.195413556632141763e+03 2.133700300701637389e+03
1.195413556632141763e+03 2.122700300701636934e+03
