1.973121868552902924e+02 5.352600957854406261e+03
2.721121868552903038e+02 5.317400957854406442e+03
3.029121868552903152e+02 5.317400957854406442e+03
3.139121868552903152e+02 5.331700957854405715e+03
3.238121868552902924e+02 5.349300957854406079e+03
3.238121868552902924e+02 5.374600957854406261e+03
3.227121868552903265e+02 5.386700957854405715e+03
3.216121868552903038e+02 5.388900957854406442e+03
3.128121868552902924e+02 5.397700957854406624e+03
3.007121868552903265e+02 5.407600957854406261e+03
2.974121868552903152e+02 5.409800957854406079e+03
2.864121868552903152e+02 5.413100957854406261e+03
2.820121868552902811e+02 5.414200957854406624e+03
2.743121868552902924e+02 5.415300957854406079e+03
2.600121868552902811e+02 5.415300957854406079e+03
2.578121868552902924e+02 5.414200957854406624e+03
2.369121868552903152e+02 5.403200957854405715e+03
2.237121868552902981e+02 5.395500957854405897e+03
1.995121868552902811e+02 5.368000957854405897e+03
1.973121868552902924e+02 5.352600957854406261e+03
