1.704175558495002861e+03 2.666323883009994006e+03
1.705275558495002997e+03 2.664123883009994188e+03
1.732775558495002997e+03 2.631123883009994188e+03
1.832875558495002906e+03 2.628923883009993915e+03
1.842775558495002997e+03 2.628923883009993915e+03
1.842775558495002997e+03 2.649823883009994006e+03
1.777875558495002906e+03 2.741123883009994188e+03
1.770175558495002861e+03 2.741123883009994188e+03
1.706375558495002906e+03 2.686123883009994188e+03
1.705275558495002997e+03 2.683923883009993915e+03
1.704175558495002861e+03 2.680623883009994188e+03
1.704175558495002861e+03 2.666323883009994006e+03
