1.742280182410423549e+03 4.832287009771986959e+03
1.744480182410423367e+03 4.823487009771986777e+03
1.745580182410423504e+03 4.821287009771986959e+03
1.748880182410423458e+03 4.815787009771986959e+03
1.749980182410423367e+03 4.814687009771986595e+03
1.768680182410423413e+03 4.804787009771986959e+03
1.770880182410423458e+03 4.803687009771986595e+03
1.778580182410423504e+03 4.802587009771987141e+03
1.802780182410423549e+03 4.801487009771986777e+03
1.818180182410423413e+03 4.801487009771986777e+03
1.829180182410423413e+03 4.803687009771986595e+03
1.839080182410423504e+03 4.813587009771987141e+03
1.843480182410423367e+03 4.820187009771986595e+03
1.853380182410423458e+03 4.838887009771987323e+03
1.854480182410423367e+03 4.841087009771987141e+03
1.857780182410423549e+03 4.849887009771987323e+03
1.859980182410423367e+03 4.861987009771986777e+03
1.859980182410423367e+03 4.876287009771986959e+03
1.858880182410423458e+03 4.888387009771987323e+03
1.855580182410423504e+03 4.897187009771986595e+03
1.854480182410423367e+03 4.899387009771987323e+03
1.844580182410423504e+03 4.904887009771987323e+03
1.803880182410423458e+03 4.904887009771987323e+03
1.743380182410423458e+03 4.860887009771987323e+03
1.742280182410423549e+03 4.857587009771987141e+03
1.742280182410423549e+03 4.832287009771986959e+03
