1.300302828034428160e+02 1.231616019673283063e+03
1.300302828034428160e+02 1.222816019673282881e+03
1.520302828034428160e+02 1.160116019673283063e+03
1.531302828034428103e+02 1.160116019673283063e+03
1.564302828034428217e+02 1.161216019673282972e+03
1.586302828034428103e+02 1.162316019673282881e+03
1.938302828034428273e+02 1.187616019673283063e+03
1.971302828034428387e+02 1.190916019673283017e+03
2.081302828034428103e+02 1.205216019673282972e+03
2.092302828034428330e+02 1.207416019673283017e+03
2.103302828034428273e+02 1.210716019673282972e+03
2.125302828034428444e+02 1.220616019673283063e+03
2.125302828034428444e+02 1.237116019673283063e+03
1.894302828034428217e+02 1.315216019673282972e+03
1.817302828034428330e+02 1.318516019673282926e+03
1.696302828034428103e+02 1.318516019673282926e+03
1.608302828034428273e+02 1.313016019673282926e+03
1.300302828034428160e+02 1.231616019673283063e+03
