1.111198642015706810e+03 5.312801865183246264e+03
1.112298642015706719e+03 5.301801865183246264e+03
1.115598642015706901e+03 5.296301865183246264e+03
1.127698642015706810e+03 5.284201865183245900e+03
1.136498642015706764e+03 5.276501865183246082e+03
1.138698642015706810e+03 5.275401865183245718e+03
1.149698642015706810e+03 5.274301865183246264e+03
1.167298642015706719e+03 5.274301865183246264e+03
1.195898642015706855e+03 5.276501865183246082e+03
1.209098642015706901e+03 5.284201865183245900e+03
1.212398642015706855e+03 5.287501865183246082e+03
1.215698642015706810e+03 5.293001865183246082e+03
1.217898642015706855e+03 5.297401865183245718e+03
1.217898642015706855e+03 5.308401865183245718e+03
1.216798642015706719e+03 5.331501865183246082e+03
1.213498642015706764e+03 5.338101865183246446e+03
1.210198642015706810e+03 5.340301865183246264e+03
1.207998642015706764e+03 5.341401865183245718e+03
1.198098642015706901e+03 5.345801865183246264e+03
1.149698642015706810e+03 5.360101865183246446e+03
1.135398642015706855e+03 5.360101865183246446e+03
1.130998642015706764e+03 5.357901865183245718e+03
1.118898642015706855e+03 5.345801865183246264e+03
1.117798642015706719e+03 5.343601865183246446e+03
1.111198642015706810e+03 5.327101865183246446e+03
1.111198642015706810e+03 5.312801865183246264e+03
