1.393095259661835826e+03 1.835400845410628108e+03
1.397495259661835689e+03 1.825500845410628017e+03
1.398595259661835826e+03 1.823300845410627971e+03
1.421695259661835735e+03 1.806800845410627971e+03
1.463495259661835689e+03 1.806800845410627971e+03
1.468995259661835689e+03 1.812300845410627971e+03
1.468995259661835689e+03 1.822200845410628062e+03
1.451395259661835780e+03 1.860700845410628062e+03
1.446995259661835689e+03 1.867300845410627971e+03
1.445895259661835780e+03 1.868400845410628108e+03
1.441495259661835689e+03 1.871700845410628062e+03
1.416195259661835735e+03 1.886000845410628017e+03
1.410695259661835735e+03 1.886000845410628017e+03
1.386495259661835689e+03 1.861800845410627971e+03
1.386495259661835689e+03 1.854100845410627926e+03
1.393095259661835826e+03 1.835400845410628108e+03
