2.056801718717250083e+02 2.038441395933766444e+03
2.089801718717249912e+02 2.031841395933766535e+03
2.221801718717250083e+02 2.014241395933766398e+03
2.232801718717250026e+02 2.013141395933766489e+03
2.375801718717250139e+02 2.003241395933766398e+03
2.397801718717250026e+02 2.002141395933766489e+03
2.562801718717250310e+02 2.002141395933766489e+03
2.650801718717249855e+02 2.004341395933766535e+03
2.716801718717250083e+02 2.006541395933766580e+03
2.793801718717249969e+02 2.014241395933766398e+03
2.925801718717249855e+02 2.029641395933766489e+03
2.936801718717250083e+02 2.032941395933766444e+03
2.947801718717250310e+02 2.037341395933766535e+03
2.958801718717249969e+02 2.052741395933766398e+03
2.958801718717249969e+02 2.065941395933766671e+03
2.881801718717250083e+02 2.084641395933766489e+03
2.474801718717249912e+02 2.084641395933766489e+03
2.023801718717249969e+02 2.062641395933766489e+03
2.034801718717249912e+02 2.051641395933766489e+03
2.056801718717250083e+02 2.038441395933766444e+03
