1.570170223325062125e+03 5.864849339630192844e+03
1.570170223325062125e+03 5.851649339630193026e+03
1.572370223325061943e+03 5.843949339630193208e+03
1.574570223325061988e+03 5.841749339630192480e+03
1.620770223325062034e+03 5.807649339630193026e+03
1.622970223325062079e+03 5.806549339630192662e+03
1.626270223325062034e+03 5.805449339630193208e+03
1.636170223325062125e+03 5.805449339630193208e+03
1.681270223325062034e+03 5.814249339630192480e+03
1.703270223325062034e+03 5.820849339630192844e+03
1.705470223325062079e+03 5.823049339630192662e+03
1.728570223325061988e+03 5.858249339630192480e+03
1.735170223325062125e+03 5.876949339630193208e+03
1.735170223325062125e+03 5.883549339630192662e+03
1.716470223325062079e+03 5.918749339630192480e+03
1.690070223325061988e+03 5.945149339630193026e+03
1.673570223325061988e+03 5.945149339630193026e+03
1.604270223325062034e+03 5.934149339630193026e+03
1.570170223325062125e+03 5.864849339630192844e+03
