4.210608479629016188e+02 1.221699403776084864e+03
4.309608479629015960e+02 1.209599403776084728e+03
4.639608479629015960e+02 1.193099403776084728e+03
4.969608479629016529e+02 1.185399403776084910e+03
5.288608479629016301e+02 1.185399403776084910e+03
5.420608479629016756e+02 1.197499403776084819e+03
5.431608479629015847e+02 1.198599403776084728e+03
5.431608479629015847e+02 1.209599403776084728e+03
5.365608479629016756e+02 1.234899403776084910e+03
5.354608479629016529e+02 1.237099403776084728e+03
5.145608479629016756e+02 1.262399403776084910e+03
5.101608479629016415e+02 1.266799403776084773e+03
5.057608479629016074e+02 1.268999403776084819e+03
4.903608479629016301e+02 1.268999403776084819e+03
4.738608479629016301e+02 1.263499403776084819e+03
4.650608479629016188e+02 1.260199403776084864e+03
4.540608479629016188e+02 1.255799403776084773e+03
4.353608479629016301e+02 1.246999403776084819e+03
4.287608479629016074e+02 1.243699403776084864e+03
4.210608479629016188e+02 1.231599403776084728e+03
4.210608479629016188e+02 1.221699403776084864e+03
