9.922162617890826368e+02 6.044713775364390131e+03
9.933162617890825459e+02 6.041413775364389949e+03
9.944162617890825686e+02 6.040313775364389585e+03
1.087916261789082682e+03 5.990813775364389585e+03
1.095616261789082500e+03 5.990813775364389585e+03
1.122016261789082591e+03 6.053513775364390312e+03
1.122016261789082591e+03 6.109613775364389767e+03
1.087916261789082682e+03 6.109613775364389767e+03
9.856162617890826141e+02 6.078813775364389585e+03
9.856162617890826141e+02 6.074413775364389949e+03
9.867162617890826368e+02 6.066713775364390131e+03
9.922162617890826368e+02 6.044713775364390131e+03
