4.689183744028161982e+02 8.367365507920543678e+03
5.206183744028162437e+02 8.296965507920542223e+03
5.217183744028161527e+02 8.295865507920543678e+03
5.470183744028162209e+02 8.295865507920543678e+03
6.493183744028161755e+02 8.366265507920543314e+03
6.493183744028161755e+02 8.367365507920543678e+03
6.130183744028162209e+02 8.487265507920543314e+03
5.866183744028162437e+02 8.492765507920543314e+03
5.459183744028161982e+02 8.493865507920543678e+03
5.338183744028161755e+02 8.493865507920543678e+03
5.272183744028161527e+02 8.492765507920543314e+03
5.261183744028162437e+02 8.491665507920542950e+03
4.689183744028161982e+02 8.367365507920543678e+03
