1.237685801895558370e+03 2.502923601561048145e+03
1.234385801895558416e+03 2.490823601561048235e+03
1.234385801895558416e+03 2.488623601561047963e+03
1.244285801895558507e+03 2.478723601561048326e+03
1.253085801895558461e+03 2.475423601561048145e+03
1.271785801895558507e+03 2.469923601561048145e+03
1.309185801895558370e+03 2.464423601561048145e+03
1.322385801895558416e+03 2.464423601561048145e+03
1.338885801895558416e+03 2.478723601561048326e+03
1.339985801895558325e+03 2.479823601561048235e+03
1.341085801895558461e+03 2.482023601561048054e+03
1.342185801895558370e+03 2.485323601561048235e+03
1.343285801895558507e+03 2.489723601561048326e+03
1.343285801895558507e+03 2.501823601561048235e+03
1.339985801895558325e+03 2.533723601561048326e+03
1.330085801895558461e+03 2.554623601561047963e+03
1.315785801895558507e+03 2.554623601561047963e+03
1.254185801895558370e+03 2.528223601561048326e+03
1.237685801895558370e+03 2.502923601561048145e+03
