3.280071190781050063e+02 2.758843341869398046e+03
3.654071190781049836e+02 2.692843341869398046e+03
3.896071190781049722e+02 2.666443341869398409e+03
3.907071190781049950e+02 2.665343341869398046e+03
4.259071190781049836e+02 2.758843341869398046e+03
4.292071190781049950e+02 2.813843341869398046e+03
4.292071190781049950e+02 2.825943341869398409e+03
4.281071190781050291e+02 2.840243341869398137e+03
4.237071190781049950e+02 2.844643341869398228e+03
4.182071190781049950e+02 2.845743341869398137e+03
4.061071190781049722e+02 2.845743341869398137e+03
3.280071190781050063e+02 2.797343341869398046e+03
3.280071190781050063e+02 2.758843341869398046e+03
