7.023291402567853083e+02 1.356950333170811064e+03
7.067291402567852856e+02 1.352550333170810973e+03
7.474291402567853311e+02 1.338250333170811018e+03
7.727291402567852856e+02 1.329450333170811064e+03
7.760291402567853538e+02 1.328350333170810927e+03
7.925291402567853538e+02 1.328350333170810927e+03
7.969291402567853311e+02 1.329450333170811064e+03
8.057291402567852856e+02 1.333850333170810927e+03
8.233291402567853083e+02 1.345950333170811064e+03
8.310291402567853538e+02 1.356950333170811064e+03
8.310291402567853538e+02 1.380050333170810973e+03
8.299291402567853311e+02 1.381150333170811109e+03
7.881291402567852629e+02 1.399850333170810927e+03
7.287291402567852856e+02 1.406450333170811064e+03
7.144291402567853311e+02 1.406450333170811064e+03
7.067291402567852856e+02 1.405350333170810927e+03
7.012291402567852856e+02 1.380050333170810973e+03
7.012291402567852856e+02 1.369050333170810973e+03
7.023291402567853083e+02 1.356950333170811064e+03
