6.769462089163683913e+02 5.742300325414904364e+03
6.802462089163683459e+02 5.721400325414903818e+03
6.824462089163683913e+02 5.717000325414904182e+03
6.956462089163683231e+02 5.698300325414904364e+03
7.000462089163684141e+02 5.696100325414903637e+03
7.132462089163683459e+02 5.696100325414903637e+03
7.561462089163683231e+02 5.715900325414903818e+03
7.660462089163684141e+02 5.731300325414904364e+03
7.704462089163683913e+02 5.740100325414903637e+03
7.792462089163683459e+02 5.762100325414903637e+03
7.220462089163684141e+02 5.810500325414904182e+03
7.198462089163683686e+02 5.810500325414904182e+03
6.780462089163684141e+02 5.779700325414904000e+03
6.769462089163683913e+02 5.754400325414903818e+03
6.769462089163683913e+02 5.742300325414904364e+03
