1.688797646745404563e+03 6.699661539827723573e+03
1.766897646745404472e+03 6.631461539827723755e+03
1.806497646745404609e+03 6.644661539827723573e+03
1.810897646745404472e+03 6.646861539827724300e+03
1.842797646745404563e+03 6.675461539827723755e+03
1.844997646745404381e+03 6.677661539827723573e+03
1.848297646745404563e+03 6.684261539827723936e+03
1.849397646745404472e+03 6.688661539827723573e+03
1.850497646745404381e+03 6.695261539827723936e+03
1.850497646745404381e+03 6.707361539827724300e+03
1.838397646745404472e+03 6.734861539827724300e+03
1.826297646745404563e+03 6.759061539827724118e+03
1.820797646745404563e+03 6.764561539827724118e+03
1.806497646745404609e+03 6.765661539827724482e+03
1.771297646745404563e+03 6.765661539827724482e+03
1.688797646745404563e+03 6.732661539827724482e+03
1.688797646745404563e+03 6.699661539827723573e+03
