6.229086367485182336e+02 5.655464555461473537e+03
6.229086367485182336e+02 5.637864555461473174e+03
6.295086367485181427e+02 5.631264555461473719e+03
6.823086367485182109e+02 5.607064555461472992e+03
7.274086367485182336e+02 5.607064555461472992e+03
7.307086367485181881e+02 5.660964555461473537e+03
7.307086367485181881e+02 5.680764555461473719e+03
7.285086367485182564e+02 5.685164555461473356e+03
7.274086367485182336e+02 5.686264555461473719e+03
7.197086367485181881e+02 5.692864555461473174e+03
6.603086367485182109e+02 5.737964555461473537e+03
6.581086367485181654e+02 5.739064555461472992e+03
6.229086367485182336e+02 5.655464555461473537e+03
