3.292911955907292167e+02 3.421233550028264744e+03
3.303911955907292395e+02 3.416833550028264654e+03
3.369911955907292054e+02 3.410233550028264744e+03
3.479911955907292054e+02 3.405833550028264654e+03
3.765911955907292281e+02 3.399233550028264744e+03
4.205911955907292281e+02 3.409133550028264381e+03
4.260911955907292281e+02 3.414633550028264381e+03
4.282911955907292167e+02 3.449833550028264654e+03
4.282911955907292167e+02 3.485033550028264472e+03
4.051911955907292509e+02 3.505933550028264563e+03
3.919911955907292054e+02 3.509233550028264744e+03
3.787911955907292167e+02 3.509233550028264744e+03
3.688911955907292395e+02 3.503733550028264744e+03
3.578911955907292395e+02 3.494933550028264563e+03
3.567911955907292167e+02 3.493833550028264654e+03
3.336911955907291940e+02 3.466333550028264654e+03
3.292911955907292167e+02 3.457533550028264472e+03
3.292911955907292167e+02 3.421233550028264744e+03
