6.877943237764262676e+02 2.496828023940534877e+03
6.877943237764262676e+02 2.482528023940534695e+03
6.910943237764263358e+02 2.478128023940534604e+03
7.251943237764262449e+02 2.455028023940534695e+03
7.768943237764262904e+02 2.438528023940534695e+03
8.010943237764263358e+02 2.438528023940534695e+03
8.329943237764263131e+02 2.461628023940534604e+03
8.428943237764262904e+02 2.475928023940534786e+03
8.439943237764263131e+02 2.479228023940534968e+03
8.472943237764262676e+02 2.490228023940534968e+03
8.483943237764262904e+02 2.496828023940534877e+03
8.483943237764262904e+02 2.510028023940534695e+03
8.406943237764262449e+02 2.543028023940534695e+03
8.395943237764263358e+02 2.546328023940534877e+03
8.384943237764263131e+02 2.547428023940534786e+03
8.164943237764263131e+02 2.556228023940534968e+03
8.065943237764263358e+02 2.556228023940534968e+03
7.911943237764262449e+02 2.554028023940534695e+03
7.064943237764263131e+02 2.524328023940534877e+03
6.910943237764263358e+02 2.510028023940534695e+03
6.899943237764263131e+02 2.508928023940534786e+03
6.888943237764262904e+02 2.505628023940534604e+03
6.877943237764262676e+02 2.496828023940534877e+03
