3.925366500108624450e+02 3.350128720399738995e+02
3.925366500108624450e+02 3.229128720399739336e+02
4.002366500108624905e+02 3.075128720399738995e+02
4.068366500108624564e+02 2.954128720399739336e+02
4.354366500108624791e+02 2.668128720399739109e+02
4.849366500108624791e+02 2.668128720399739109e+02
4.849366500108624791e+02 2.745128720399738995e+02
4.838366500108625132e+02 3.768128720399739109e+02
4.816366500108624678e+02 4.120128720399738995e+02
4.805366500108625019e+02 4.131128720399739223e+02
4.629366500108624791e+02 4.241128720399739223e+02
4.519366500108624791e+02 4.241128720399739223e+02
4.387366500108624905e+02 4.230128720399738995e+02
4.134366500108624791e+02 4.054128720399739336e+02
4.123366500108624564e+02 4.043128720399739109e+02
4.101366500108624678e+02 4.010128720399739564e+02
4.035366500108624450e+02 3.878128720399739109e+02
3.980366500108624450e+02 3.735128720399739564e+02
3.958366500108624564e+02 3.658128720399739109e+02
3.936366500108624678e+02 3.460128720399738995e+02
3.925366500108624450e+02 3.350128720399738995e+02
