1.049786476043276707e+03 6.199247952086553596e+03
1.105886476043276616e+03 6.148647952086553232e+03
1.109186476043276571e+03 6.148647952086553232e+03
1.163086476043276662e+03 6.214647952086553232e+03
1.163086476043276662e+03 6.227847952086553050e+03
1.139986476043276753e+03 6.242147952086553232e+03
1.125686476043276571e+03 6.247647952086553232e+03
1.113586476043276662e+03 6.247647952086553232e+03
1.102586476043276662e+03 6.246547952086553778e+03
1.098186476043276571e+03 6.245447952086553414e+03
1.090486476043276753e+03 6.242147952086553232e+03
1.072886476043276616e+03 6.233347952086553050e+03
1.064086476043276662e+03 6.224547952086553778e+03
1.059686476043276571e+03 6.219047952086553778e+03
1.049786476043276707e+03 6.199247952086553596e+03
