8.839202597840755971e+02 1.029777682186234870e+03
8.905202597840756198e+02 1.012177682186234847e+03
9.026202597840755288e+02 1.007777682186234870e+03
9.411202597840755288e+02 1.005577682186234824e+03
9.521202597840755288e+02 1.005577682186234824e+03
9.675202597840756198e+02 1.006677682186234847e+03
9.895202597840756198e+02 1.016577682186234824e+03
9.961202597840755288e+02 1.023177682186234847e+03
9.961202597840755288e+02 1.046277682186234870e+03
9.807202597840755516e+02 1.072677682186234733e+03
9.620202597840756198e+02 1.081477682186234915e+03
9.521202597840755288e+02 1.084777682186234870e+03
9.466202597840755288e+02 1.085877682186234779e+03
9.323202597840755743e+02 1.085877682186234779e+03
9.180202597840756198e+02 1.083677682186234733e+03
9.015202597840756198e+02 1.078177682186234733e+03
8.839202597840755971e+02 1.046277682186234870e+03
8.839202597840755971e+02 1.029777682186234870e+03
