1.566059371157561827e+03 7.379298173195152231e+02
1.571559371157561827e+03 7.214298173195152231e+02
1.573759371157561873e+03 7.192298173195151776e+02
1.575959371157561918e+03 7.181298173195151548e+02
1.589159371157561964e+03 7.181298173195151548e+02
1.644159371157561964e+03 7.489298173195152231e+02
1.645259371157561873e+03 7.500298173195151321e+02
1.648559371157561827e+03 7.566298173195151548e+02
1.665059371157561827e+03 8.831298173195151548e+02
1.665059371157561827e+03 9.128298173195152003e+02
1.634259371157561873e+03 9.447298173195151776e+02
1.633159371157561964e+03 9.458298173195152003e+02
1.623259371157561873e+03 9.524298173195152231e+02
1.619959371157561918e+03 9.535298173195152458e+02
1.610059371157561827e+03 9.546298173195151548e+02
1.596859371157562009e+03 9.546298173195151548e+02
1.594659371157561964e+03 9.535298173195152458e+02
1.592459371157561918e+03 9.513298173195152003e+02
1.588059371157561827e+03 9.425298173195152458e+02
1.566059371157561827e+03 8.831298173195151548e+02
1.566059371157561827e+03 7.379298173195152231e+02
