4.938953693665789046e+02 5.756702385008517922e+03
5.444953693665788705e+02 5.713802385008518286e+03
5.510953693665788933e+02 5.712702385008517922e+03
5.752953693665789388e+02 5.709402385008517740e+03
5.785953693665788933e+02 5.709402385008517740e+03
6.522953693665789388e+02 5.738002385008518104e+03
6.060953693665788933e+02 5.811702385008517922e+03
5.785953693665788933e+02 5.811702385008517922e+03
5.081953693665789160e+02 5.780902385008517740e+03
4.938953693665789046e+02 5.766602385008517558e+03
4.938953693665789046e+02 5.756702385008517922e+03
