3.675194957000918095e+01 3.827099933205310208e+03
5.655194957000917810e+01 3.795199933205310117e+03
7.635194957000918237e+01 3.772099933205310208e+03
7.745194957000919089e+01 3.770999933205310299e+03
1.357519495700091738e+02 3.748999933205310299e+03
1.423519495700091966e+02 3.748999933205310299e+03
1.423519495700091966e+02 3.912899933205309935e+03
1.335519495700091852e+02 3.918399933205309935e+03
1.236519495700091795e+02 3.923899933205309935e+03
1.214519495700091909e+02 3.924999933205310299e+03
1.148519495700091824e+02 3.926099933205310208e+03
1.027519495700091881e+02 3.926099933205310208e+03
9.175194957000918805e+01 3.924999933205310299e+03
7.305194957000918521e+01 3.919499933205310299e+03
2.465194957000917952e+01 3.872199933205310117e+03
2.465194957000917952e+01 3.861199933205310117e+03
3.675194957000918095e+01 3.827099933205310208e+03
