1.137321090376875190e+03 7.155066132455177467e+03
1.138421090376875327e+03 7.139666132455177831e+03
1.139521090376875236e+03 7.131966132455177103e+03
1.142821090376875190e+03 7.120966132455177103e+03
1.143921090376875327e+03 7.118766132455177285e+03
1.146121090376875145e+03 7.115466132455177103e+03
1.149421090376875327e+03 7.111066132455177467e+03
1.161521090376875236e+03 7.096766132455177285e+03
1.169221090376875281e+03 7.087966132455177103e+03
1.170321090376875190e+03 7.086866132455177649e+03
1.179121090376875145e+03 7.080266132455177285e+03
1.192321090376875190e+03 7.080266132455177285e+03
1.213221090376875281e+03 7.086866132455177649e+03
1.225321090376875190e+03 7.092366132455177649e+03
1.227521090376875236e+03 7.093466132455177103e+03
1.247321090376875190e+03 7.112166132455177831e+03
1.251721090376875281e+03 7.116566132455177467e+03
1.255021090376875236e+03 7.123166132455177831e+03
1.260521090376875236e+03 7.137466132455177103e+03
1.260521090376875236e+03 7.180366132455177649e+03
1.258321090376875190e+03 7.201266132455177285e+03
1.253921090376875327e+03 7.214466132455177103e+03
1.247321090376875190e+03 7.233166132455177831e+03
1.246221090376875281e+03 7.235366132455177649e+03
1.241821090376875190e+03 7.239766132455177285e+03
1.237421090376875327e+03 7.243066132455177467e+03
1.194521090376875236e+03 7.245266132455177285e+03
1.175821090376875190e+03 7.245266132455177285e+03
1.158221090376875281e+03 7.236466132455177103e+03
1.154921090376875327e+03 7.233166132455177831e+03
1.137321090376875190e+03 7.183666132455177831e+03
1.137321090376875190e+03 7.155066132455177467e+03
