2.646473873468929128e+02 5.511999033599280665e+03
2.679473873468929241e+02 5.502099033599281029e+03
2.767473873468928787e+02 5.482299033599280847e+03
2.877473873468928787e+02 5.471299033599280847e+03
3.042473873468928787e+02 5.465799033599280847e+03
3.152473873468928787e+02 5.464699033599280483e+03
3.295473873468928900e+02 5.464699033599280483e+03
3.361473873468929128e+02 5.467999033599280665e+03
3.394473873468929241e+02 5.470199033599280483e+03
3.515473873468928900e+02 5.478999033599280665e+03
4.021473873468929128e+02 5.530699033599280483e+03
4.021473873468929128e+02 5.537299033599280847e+03
3.999473873468929241e+02 5.539499033599280665e+03
3.625473873468928900e+02 5.571399033599281211e+03
3.240473873468928900e+02 5.573599033599281029e+03
2.701473873468929128e+02 5.573599033599281029e+03
2.646473873468929128e+02 5.524099033599281029e+03
2.646473873468929128e+02 5.511999033599280665e+03
