1.092440647848218305e+03 7.381285793614067643e+02
1.092440647848218305e+03 7.282285793614067870e+02
1.094640647848218350e+03 7.029285793614067188e+02
1.096840647848218396e+03 6.941285793614067643e+02
1.097940647848218305e+03 6.919285793614067188e+02
1.101240647848218487e+03 6.886285793614067643e+02
1.113340647848218396e+03 6.798285793614068098e+02
1.116640647848218350e+03 6.776285793614067643e+02
1.129840647848218396e+03 6.732285793614067870e+02
1.139740647848218487e+03 6.710285793614067416e+02
1.151840647848218396e+03 6.710285793614067416e+02
1.179340647848218396e+03 6.831285793614067643e+02
1.183740647848218487e+03 6.875285793614067416e+02
1.192540647848218441e+03 7.018285793614066961e+02
1.193640647848218350e+03 7.040285793614067416e+02
1.195840647848218396e+03 7.106285793614067643e+02
1.196940647848218532e+03 7.183285793614066961e+02
1.196940647848218532e+03 7.304285793614067188e+02
1.183740647848218487e+03 7.920285793614067416e+02
1.172740647848218487e+03 8.085285793614067416e+02
1.151840647848218396e+03 8.338285793614068098e+02
1.150740647848218487e+03 8.349285793614067188e+02
1.135340647848218396e+03 8.382285793614067870e+02
1.125440647848218305e+03 8.382285793614067870e+02
1.124340647848218396e+03 8.371285793614067643e+02
1.113340647848218396e+03 8.184285793614067188e+02
1.106740647848218487e+03 8.052285793614067870e+02
1.097940647848218305e+03 7.711285793614067643e+02
1.095740647848218487e+03 7.612285793614067870e+02
1.092440647848218305e+03 7.381285793614067643e+02
