5.862544518785382763e+01 4.100132640247040399e+03
6.192544518785383190e+01 4.091332640247040672e+03
6.412544518785384184e+01 4.089132640247040854e+03
7.622544518785383616e+01 4.085832640247040672e+03
8.832544518785383048e+01 4.085832640247040672e+03
1.169254451878538390e+02 4.101232640247040763e+03
1.389254451878538248e+02 4.113332640247040217e+03
1.389254451878538248e+02 4.123232640247040763e+03
1.378254451878538305e+02 4.151832640247040217e+03
1.345254451878538475e+02 4.177132640247040399e+03
1.334254451878538248e+02 4.179332640247041127e+03
1.158254451878538305e+02 4.210132640247040399e+03
1.037254451878538362e+02 4.224432640247040581e+03
1.004254451878538390e+02 4.227732640247040763e+03
9.822544518785383616e+01 4.228832640247041127e+03
8.832544518785383048e+01 4.232132640247040399e+03
7.512544518785384184e+01 4.234332640247041127e+03
6.302544518785383332e+01 4.234332640247041127e+03
5.422544518785383616e+01 4.233232640247040763e+03
2.782544518785383048e+01 4.226632640247040399e+03
2.562544518785382763e+01 4.224432640247040581e+03
2.562544518785382763e+01 4.211232640247040763e+03
3.112544518785382763e+01 4.189232640247040763e+03
3.442544518785383190e+01 4.177132640247040399e+03
5.862544518785382763e+01 4.100132640247040399e+03
