1.561794078873868784e+03 2.139236487543291332e+03
1.561794078873868784e+03 2.128236487543291332e+03
1.563994078873868830e+03 2.123836487543291241e+03
1.573894078873868921e+03 2.108436487543291150e+03
1.577194078873868875e+03 2.105136487543291423e+03
1.587094078873868739e+03 2.098536487543291059e+03
1.589294078873868784e+03 2.097436487543291150e+03
1.605794078873868784e+03 2.094136487543291423e+03
1.617894078873868921e+03 2.094136487543291423e+03
1.651994078873868830e+03 2.097436487543291150e+03
1.671794078873868784e+03 2.101836487543291241e+03
1.673994078873868830e+03 2.102936487543291150e+03
1.684994078873868830e+03 2.113936487543291150e+03
1.684994078873868830e+03 2.139236487543291332e+03
1.647594078873868966e+03 2.195336487543291241e+03
1.625594078873868966e+03 2.217336487543291241e+03
1.624494078873868830e+03 2.217336487543291241e+03
1.601394078873868921e+03 2.209636487543291423e+03
1.588194078873868875e+03 2.204136487543291423e+03
1.585994078873868830e+03 2.203036487543291059e+03
1.572794078873868784e+03 2.189836487543291241e+03
1.567294078873868784e+03 2.182136487543291423e+03
1.566194078873868875e+03 2.177736487543291332e+03
1.563994078873868830e+03 2.165636487543291423e+03
1.561794078873868784e+03 2.139236487543291332e+03
