1.175725722396836545e+03 8.271540322417115021e+03
1.175725722396836545e+03 8.228640322417115385e+03
1.243925722396836591e+03 8.198940322417114658e+03
1.246125722396836636e+03 8.198940322417114658e+03
1.261525722396836727e+03 8.271540322417115021e+03
1.261525722396836727e+03 8.367240322417113930e+03
1.260425722396836591e+03 8.368340322417114294e+03
1.237325722396836682e+03 8.387040322417115021e+03
1.228525722396836727e+03 8.391440322417114658e+03
1.220825722396836682e+03 8.394740322417113930e+03
1.215325722396836682e+03 8.396940322417114658e+03
1.208725722396836545e+03 8.399140322417115385e+03
1.204325722396836682e+03 8.400240322417113930e+03
1.203225722396836773e+03 8.400240322417113930e+03
1.175725722396836545e+03 8.271540322417115021e+03
