3.216171140365874237e+01 6.076496572063600979e+03
3.326171140365873669e+01 6.061096572063600433e+03
3.986171140365873811e+01 6.052296572063600252e+03
5.416171140365874237e+01 6.033596572063600433e+03
5.526171140365874379e+01 6.032496572063600979e+03
7.176171140365875090e+01 6.022596572063600433e+03
8.386171140365874521e+01 6.020396572063600615e+03
9.486171140365874521e+01 6.020396572063600615e+03
9.816171140365874237e+01 6.021496572063600979e+03
1.091617114036587424e+02 6.025896572063600615e+03
1.388617114036587452e+02 6.046796572063600252e+03
1.619617114036587395e+02 6.064396572063600615e+03
1.696617114036587566e+02 6.077596572063600433e+03
1.718617114036587452e+02 6.081996572063600979e+03
1.718617114036587452e+02 6.097396572063600615e+03
1.707617114036587509e+02 6.099596572063600433e+03
1.080617114036587481e+02 6.176596572063600433e+03
8.716171140365874237e+01 6.176596572063600433e+03
5.856171140365874095e+01 6.147996572063600979e+03
3.326171140365873669e+01 6.099596572063600433e+03
3.216171140365874237e+01 6.097396572063600615e+03
3.216171140365874237e+01 6.076496572063600979e+03
