1.187337025926719434e+03 3.548362245553888897e+03
1.189537025926719480e+03 3.543962245553888806e+03
1.200537025926719480e+03 3.531862245553888897e+03
1.207137025926719616e+03 3.525262245553888988e+03
1.220337025926719434e+03 3.513162245553889079e+03
1.258837025926719434e+03 3.513162245553889079e+03
1.291837025926719434e+03 3.521962245553888806e+03
1.297337025926719434e+03 3.526362245553888897e+03
1.298437025926719571e+03 3.527462245553888806e+03
1.309437025926719571e+03 3.539562245553889170e+03
1.314937025926719571e+03 3.549462245553888806e+03
1.318237025926719525e+03 3.558262245553888988e+03
1.319337025926719434e+03 3.563762245553888988e+03
1.319337025926719434e+03 3.576962245553888806e+03
1.306137025926719616e+03 3.601162245553889079e+03
1.298437025926719571e+03 3.608862245553888897e+03
1.296237025926719525e+03 3.609962245553888806e+03
1.258837025926719434e+03 3.614362245553888897e+03
1.200537025926719480e+03 3.614362245553888897e+03
1.188437025926719571e+03 3.602262245553888988e+03
1.187337025926719434e+03 3.600062245553889170e+03
1.185137025926719616e+03 3.592362245553888897e+03
1.185137025926719616e+03 3.578062245553889170e+03
1.187337025926719434e+03 3.548362245553888897e+03
