1.740394503063308321e+03 3.448958279441797004e+03
1.740394503063308321e+03 3.437958279441797004e+03
1.742594503063308366e+03 3.431358279441797094e+03
1.749194503063308275e+03 3.414858279441797094e+03
1.764594503063308366e+03 3.401658279441797276e+03
1.766794503063308412e+03 3.400558279441796913e+03
1.799794503063308412e+03 3.393958279441797004e+03
1.821794503063308412e+03 3.390658279441797276e+03
1.831694503063308275e+03 3.390658279441797276e+03
1.850394503063308321e+03 3.396158279441797276e+03
1.851494503063308457e+03 3.397258279441797185e+03
1.854794503063308412e+03 3.401658279441797276e+03
1.860294503063308412e+03 3.412658279441797276e+03
1.875694503063308275e+03 3.444558279441796913e+03
1.875694503063308275e+03 3.457758279441797185e+03
1.799794503063308412e+03 3.550158279441797276e+03
1.797594503063308366e+03 3.552358279441797094e+03
1.784394503063308321e+03 3.552358279441797094e+03
1.773394503063308321e+03 3.551258279441797185e+03
1.771194503063308275e+03 3.550158279441797276e+03
1.767894503063308321e+03 3.546858279441797094e+03
1.760194503063308275e+03 3.532558279441796913e+03
1.741494503063308457e+03 3.464358279441797094e+03
1.740394503063308321e+03 3.448958279441797004e+03
