4.809665863730213005e+02 7.089959876118376087e+03
5.172665863730213687e+02 7.053659876118375905e+03
5.183665863730212777e+02 7.053659876118375905e+03
5.205665863730213232e+02 7.054759876118375360e+03
5.447665863730213687e+02 7.069059876118375541e+03
5.535665863730213232e+02 7.077859876118375723e+03
5.623665863730213914e+02 7.091059876118375541e+03
5.744665863730213005e+02 7.120759876118376269e+03
5.744665863730213005e+02 7.133959876118376087e+03
5.733665863730213914e+02 7.143859876118375723e+03
5.711665863730213459e+02 7.148259876118376269e+03
5.216665863730213459e+02 7.161459876118376087e+03
4.919665863730213005e+02 7.161459876118376087e+03
4.809665863730213005e+02 7.114159876118375905e+03
4.809665863730213005e+02 7.089959876118376087e+03
