3.936732546705998175e+02 3.361818331226295868e+03
4.046732546705998175e+02 3.307918331226295777e+03
4.123732546705998061e+02 3.307918331226295777e+03
4.453732546705998061e+02 3.312318331226295868e+03
4.541732546705998175e+02 3.314518331226295686e+03
4.618732546705998061e+02 3.316718331226295959e+03
4.750732546705997947e+02 3.322218331226295959e+03
4.827732546705998402e+02 3.328818331226295868e+03
4.849732546705998288e+02 3.331018331226295686e+03
4.926732546705998175e+02 3.349718331226295959e+03
4.970732546705997947e+02 3.375018331226295686e+03
4.970732546705997947e+02 3.394818331226295868e+03
4.310732546705997947e+02 3.423418331226295777e+03
4.211732546705998175e+02 3.423418331226295777e+03
3.958732546705998061e+02 3.408018331226295686e+03
3.936732546705998175e+02 3.401418331226295777e+03
3.936732546705998175e+02 3.361818331226295868e+03
