7.887877014418998556e+01 4.298721204410517203e+02
7.887877014418998556e+01 4.177721204410517544e+02
7.997877014418997987e+01 4.089721204410517430e+02
8.107877014418998840e+01 4.045721204410517657e+02
8.327877014418999124e+01 3.979721204410517430e+02
8.547877014418997987e+01 3.946721204410517316e+02
8.657877014418998840e+01 3.935721204410517089e+02
1.173787701441899856e+02 3.660721204410517657e+02
1.283787701441899856e+02 3.594721204410517430e+02
1.426787701441899969e+02 3.594721204410517430e+02
1.855787701441900026e+02 3.968721204410517203e+02
1.932787701441899912e+02 4.177721204410517544e+02
1.954787701441899799e+02 4.243721204410517203e+02
1.954787701441899799e+02 4.507721204410517544e+02
1.943787701441899856e+02 4.628721204410517203e+02
1.921787701441899969e+02 4.705721204410517657e+02
1.910787701441900026e+02 4.738721204410517203e+02
1.877787701441899912e+02 4.804721204410517430e+02
1.778787701441899856e+02 4.914721204410517430e+02
1.734787701441899799e+02 4.958721204410517203e+02
1.470787701441900026e+02 5.178721204410517203e+02
1.437787701441899912e+02 5.189721204410517430e+02
1.338787701441899856e+02 5.189721204410517430e+02
1.140787701441899884e+02 5.167721204410516975e+02
9.757877014418998840e+01 5.123721204410517203e+02
8.877877014418999124e+01 5.090721204410517657e+02
8.657877014418998840e+01 5.079721204410517430e+02
8.547877014418997987e+01 5.057721204410517544e+02
8.217877014418999693e+01 4.738721204410517203e+02
7.887877014418998556e+01 4.298721204410517203e+02
