1.818313619854721537e+03 8.155293724778046453e+03
1.827113619854721492e+03 8.107993724778047181e+03
1.830413619854721674e+03 8.106893724778046817e+03
1.848013619854721583e+03 8.101393724778046817e+03
1.859013619854721583e+03 8.098093724778046635e+03
1.872213619854721628e+03 8.098093724778046635e+03
1.872213619854721628e+03 8.214693724778046089e+03
1.868913619854721674e+03 8.219093724778047545e+03
1.867813619854721537e+03 8.220193724778046089e+03
1.864513619854721583e+03 8.221293724778046453e+03
1.857913619854721674e+03 8.222393724778046817e+03
1.827113619854721492e+03 8.224593724778047545e+03
1.826013619854721583e+03 8.224593724778047545e+03
1.818313619854721537e+03 8.195993724778047181e+03
1.818313619854721537e+03 8.155293724778046453e+03
