1.799175061769066133e+03 5.394055213309175087e+03
1.809075061769065996e+03 5.364355213309174360e+03
1.812375061769065951e+03 5.361055213309175087e+03
1.833275061769066042e+03 5.351155213309174542e+03
1.867375061769065951e+03 5.341255213309174906e+03
1.872875061769065951e+03 5.341255213309174906e+03
1.872875061769065951e+03 5.469955213309174724e+03
1.865175061769066133e+03 5.469955213309174724e+03
1.838775061769066042e+03 5.457855213309174360e+03
1.822275061769066042e+03 5.450155213309174542e+03
1.817875061769065951e+03 5.447955213309174724e+03
1.815675061769066133e+03 5.445755213309174906e+03
1.796975061769066087e+03 5.417155213309174542e+03
1.796975061769066087e+03 5.405055213309175087e+03
1.799175061769066133e+03 5.394055213309175087e+03
