8.823801729873586055e+02 5.823206294078509927e+03
8.867801729873585828e+02 5.812206294078509927e+03
8.944801729873586282e+02 5.800106294078509563e+03
9.461801729873586737e+02 5.800106294078509563e+03
1.023180172987358674e+03 5.812206294078509927e+03
1.023180172987358674e+03 5.841906294078509745e+03
1.008880172987358605e+03 5.856206294078509927e+03
9.472801729873585828e+02 5.900206294078509927e+03
9.142801729873585828e+02 5.885906294078509745e+03
8.900801729873586510e+02 5.865006294078510109e+03
8.889801729873586282e+02 5.863906294078509745e+03
8.878801729873586055e+02 5.861706294078509927e+03
8.834801729873586282e+02 5.851806294078509382e+03
8.823801729873586055e+02 5.844106294078509563e+03
8.823801729873586055e+02 5.823206294078509927e+03
