1.277430650588895105e+03 6.617313264161525694e+03
1.288430650588895105e+03 6.576613264161525876e+03
1.289530650588895014e+03 6.574413264161525149e+03
1.291730650588895060e+03 6.572213264161525331e+03
1.299430650588895105e+03 6.570013264161525512e+03
1.310430650588895105e+03 6.570013264161525512e+03
1.333530650588895242e+03 6.573313264161525694e+03
1.334630650588895151e+03 6.574413264161525149e+03
1.342330650588895196e+03 6.583213264161525331e+03
1.345630650588895151e+03 6.589813264161525694e+03
1.365430650588895105e+03 6.655813264161525694e+03
1.367630650588895151e+03 6.670113264161525876e+03
1.370930650588895105e+03 6.705313264161525694e+03
1.370930650588895105e+03 6.715213264161525331e+03
1.313730650588895060e+03 6.759213264161525331e+03
1.279630650588895151e+03 6.759213264161525331e+03
1.277430650588895105e+03 6.687713264161525331e+03
1.277430650588895105e+03 6.617313264161525694e+03
