1.027214666545355385e+03 4.148558211263761223e+03
1.027214666545355385e+03 4.136458211263760859e+03
1.065714666545355385e+03 4.066058211263761223e+03
1.071214666545355385e+03 4.060558211263761223e+03
1.073414666545355203e+03 4.059458211263761314e+03
1.105314666545355294e+03 4.055058211263761223e+03
1.155914666545355203e+03 4.147458211263760859e+03
1.155914666545355203e+03 4.291558211263761223e+03
1.152614666545355249e+03 4.291558211263761223e+03
1.037114666545355249e+03 4.160658211263761586e+03
1.027214666545355385e+03 4.148558211263761223e+03
