7.714429730884237415e+02 1.215460743272105901e+03
7.725429730884237642e+02 1.211060743272106038e+03
7.736429730884237870e+02 1.207760743272105856e+03
7.758429730884237188e+02 1.204460743272105901e+03
7.901429730884237870e+02 1.195660743272105947e+03
7.923429730884237188e+02 1.194560743272106038e+03
8.154429730884237415e+02 1.186860743272105992e+03
8.374429730884237415e+02 1.186860743272105992e+03
8.429429730884237415e+02 1.187960743272105901e+03
8.462429730884238097e+02 1.189060743272106038e+03
8.484429730884237415e+02 1.190160743272105947e+03
8.737429730884238097e+02 1.205560743272106038e+03
8.814429730884237415e+02 1.211060743272106038e+03
8.825429730884237642e+02 1.212160743272105947e+03
8.825429730884237642e+02 1.224260743272105856e+03
8.418429730884237188e+02 1.252860743272105992e+03
8.396429730884237870e+02 1.253960743272105901e+03
8.264429730884237415e+02 1.258360743272105992e+03
8.132429730884236960e+02 1.258360743272105992e+03
7.956429730884237870e+02 1.257260743272105856e+03
7.912429730884236960e+02 1.255060743272106038e+03
7.879429730884237415e+02 1.251760743272105856e+03
7.813429730884237188e+02 1.244060743272106038e+03
7.791429730884237870e+02 1.240760743272105856e+03
7.714429730884237415e+02 1.228660743272105947e+03
7.714429730884237415e+02 1.215460743272105901e+03
