1.772456581160639189e+03 6.348782359125315452e+03
1.775756581160639143e+03 6.337782359125315452e+03
1.814256581160639143e+03 6.323482359125315270e+03
1.824156581160639234e+03 6.323482359125315270e+03
1.840656581160639234e+03 6.328982359125315270e+03
1.849456581160639189e+03 6.333382359125314906e+03
1.849456581160639189e+03 6.378482359125315270e+03
1.829656581160639234e+03 6.421382359125315816e+03
1.824156581160639234e+03 6.422482359125315270e+03
1.813156581160639234e+03 6.422482359125315270e+03
1.795556581160639098e+03 6.420282359125315452e+03
1.780156581160639234e+03 6.412582359125315634e+03
1.779056581160639098e+03 6.411482359125315270e+03
1.772456581160639189e+03 6.378482359125315270e+03
1.772456581160639189e+03 6.348782359125315452e+03
