9.294144822134387596e+02 2.249709802371541628e+03
9.481144822134386914e+02 2.231009802371541355e+03
9.646144822134386914e+02 2.226609802371541264e+03
9.899144822134387596e+02 2.226609802371541264e+03
1.003114482213438691e+03 2.229909802371541446e+03
1.006414482213438760e+03 2.231009802371541355e+03
1.014114482213438691e+03 2.235409802371541446e+03
1.018514482213438782e+03 2.238709802371541628e+03
1.028414482213438760e+03 2.250809802371541537e+03
1.032814482213438623e+03 2.256309802371541537e+03
1.041614482213438805e+03 2.301409802371541446e+03
1.042714482213438714e+03 2.308009802371541355e+03
1.000914482213438760e+03 2.343209802371541628e+03
9.921144822134386914e+02 2.343209802371541628e+03
9.481144822134386914e+02 2.292609802371541264e+03
9.448144822134387368e+02 2.287109802371541718e+03
9.294144822134387596e+02 2.249709802371541628e+03
