3.835058077709611553e+02 7.641218813905931029e+01
3.835058077709611553e+02 7.311218813905929892e+01
3.868058077709611098e+02 6.981218813905930176e+01
4.396058077709611212e+02 4.341218813905930318e+01
4.748058077709611666e+02 4.341218813905930318e+01
5.034058077709611325e+02 7.201218813905930460e+01
5.034058077709611325e+02 7.971218813905930745e+01
4.396058077709611212e+02 1.303121881390593160e+02
4.132058077709611439e+02 1.303121881390593160e+02
3.835058077709611553e+02 7.641218813905931029e+01
