1.487518192381110566e+03 2.849381010872271418e+03
1.489718192381110384e+03 2.842781010872271509e+03
1.490818192381110521e+03 2.841681010872271600e+03
1.548018192381110566e+03 2.826281010872271509e+03
1.549118192381110475e+03 2.827381010872271418e+03
1.590918192381110430e+03 2.874681010872271600e+03
1.601918192381110430e+03 2.887881010872271418e+03
1.611818192381110521e+03 2.902181010872271600e+03
1.618418192381110430e+03 2.914281010872271509e+03
1.623918192381110430e+03 2.953881010872271418e+03
1.623918192381110430e+03 2.964881010872271418e+03
1.548018192381110566e+03 2.989081010872271690e+03
1.546918192381110430e+03 2.989081010872271690e+03
1.499618192381110475e+03 2.961581010872271690e+03
1.497418192381110430e+03 2.959381010872271418e+03
1.487518192381110566e+03 2.939581010872271690e+03
1.487518192381110566e+03 2.849381010872271418e+03
