5.714271542596513882e+02 8.227399625346148241e+03
5.747271542596513427e+02 8.224099625346147150e+03
6.132271542596514564e+02 8.200999625346146786e+03
6.330271542596514109e+02 8.192199625346147513e+03
6.759271542596513882e+02 8.178999625346147695e+03
6.825271542596514109e+02 8.178999625346147695e+03
6.847271542596514564e+02 8.222999625346146786e+03
6.847271542596514564e+02 8.287899625346148241e+03
6.528271542596513655e+02 8.287899625346148241e+03
5.769271542596513882e+02 8.243899625346148241e+03
5.714271542596513882e+02 8.237299625346147877e+03
5.714271542596513882e+02 8.227399625346148241e+03
