7.603188597713966601e+02 2.639512559241706185e+03
7.625188597713967056e+02 2.627412559241706276e+03
7.691188597713967283e+02 2.614212559241706003e+03
7.724188597713966828e+02 2.610912559241706276e+03
7.790188597713967056e+02 2.606512559241706185e+03
7.966188597713967283e+02 2.595512559241706185e+03
8.043188597713966601e+02 2.593312559241705912e+03
8.208188597713966601e+02 2.593312559241705912e+03
8.516188597713967283e+02 2.609812559241706367e+03
8.648188597713966601e+02 2.618612559241706094e+03
8.769188597713966828e+02 2.630712559241706003e+03
8.780188597713967056e+02 2.632912559241706276e+03
8.791188597713967283e+02 2.641712559241706003e+03
8.164188597713966828e+02 2.698912559241706276e+03
7.779188597713966828e+02 2.698912559241706276e+03
7.768188597713966601e+02 2.696712559241706003e+03
7.636188597713967283e+02 2.669212559241706003e+03
7.625188597713967056e+02 2.665912559241706276e+03
7.614188597713966828e+02 2.661512559241706185e+03
7.603188597713966601e+02 2.651612559241706094e+03
7.603188597713966601e+02 2.639512559241706185e+03
