9.749878605467770285e+02 4.380681389515926639e+03
9.749878605467770285e+02 4.370781389515927003e+03
9.760878605467770512e+02 4.365281389515927003e+03
9.771878605467770740e+02 4.363081389515926276e+03
9.859878605467770285e+02 4.354281389515927003e+03
1.002487860546777029e+03 4.343281389515927003e+03
1.082787860546776983e+03 4.319081389515926276e+03
1.095987860546777029e+03 4.319081389515926276e+03
1.098187860546777074e+03 4.321281389515927003e+03
1.099287860546776983e+03 4.323481389515926821e+03
1.100387860546777119e+03 4.336681389515926639e+03
1.100387860546777119e+03 4.347681389515926639e+03
1.088287860546776983e+03 4.431281389515927003e+03
1.087187860546777074e+03 4.433481389515926821e+03
1.083887860546777119e+03 4.437881389515926458e+03
1.081687860546777074e+03 4.440081389515927185e+03
1.071787860546776983e+03 4.444481389515926821e+03
1.059687860546777074e+03 4.444481389515926821e+03
1.047587860546776938e+03 4.442281389515927003e+03
1.034387860546777119e+03 4.436781389515927003e+03
1.018987860546777029e+03 4.430181389515926639e+03
1.016787860546776983e+03 4.429081389515927185e+03
1.015687860546777074e+03 4.427981389515926821e+03
9.771878605467770740e+02 4.388381389515926458e+03
9.749878605467770285e+02 4.380681389515926639e+03
