1.723980770758839981e+03 5.881319189511323202e+03
1.743780770758839935e+03 5.870319189511323202e+03
1.748180770758839799e+03 5.868119189511323384e+03
1.760280770758839935e+03 5.868119189511323384e+03
1.777880770758839844e+03 5.870319189511323202e+03
1.785580770758839890e+03 5.871419189511322656e+03
1.827380770758839844e+03 5.883519189511323020e+03
1.852680770758839799e+03 5.895619189511323384e+03
1.871380770758839844e+03 5.914319189511323202e+03
1.871380770758839844e+03 5.918719189511322838e+03
1.766880770758839844e+03 5.925319189511323202e+03
1.737180770758839799e+03 5.925319189511323202e+03
1.705280770758839935e+03 5.915419189511322656e+03
1.705280770758839935e+03 5.900019189511323020e+03
1.723980770758839981e+03 5.881319189511323202e+03
