4.890198849564592365e+02 6.661699648478070230e+03
5.253198849564591910e+02 6.614399648478070048e+03
5.264198849564592138e+02 6.613299648478069685e+03
5.561198849564592592e+02 6.601199648478070230e+03
5.660198849564592365e+02 6.601199648478070230e+03
5.748198849564591910e+02 6.603399648478070048e+03
5.781198849564592592e+02 6.604499648478069503e+03
5.913198849564591910e+02 6.609999648478069503e+03
6.155198849564592365e+02 6.620999648478069503e+03
6.210198849564592365e+02 6.626499648478069503e+03
6.265198849564592365e+02 6.640799648478069685e+03
6.430198849564592365e+02 6.685899648478070048e+03
5.803198849564591910e+02 6.772799648478069685e+03
5.781198849564592592e+02 6.772799648478069685e+03
5.671198849564592592e+02 6.768399648478070048e+03
5.649198849564592138e+02 6.767299648478069685e+03
5.605198849564592365e+02 6.763999648478069503e+03
5.583198849564591910e+02 6.761799648478069685e+03
5.110198849564592365e+02 6.708999648478069503e+03
4.890198849564592365e+02 6.678199648478070230e+03
4.890198849564592365e+02 6.661699648478070230e+03
