1.646876113608500191e+03 4.174084382236752390e+03
1.653476113608500100e+03 4.106984382236752026e+03
1.673276113608500282e+03 4.087184382236752299e+03
1.688676113608500145e+03 4.087184382236752299e+03
1.713976113608500327e+03 4.109184382236752754e+03
1.738176113608500145e+03 4.138884382236752572e+03
1.749176113608500145e+03 4.154284382236752208e+03
1.750276113608500282e+03 4.156484382236752936e+03
1.753576113608500236e+03 4.164184382236752754e+03
1.754676113608500145e+03 4.167484382236752026e+03
1.767876113608500191e+03 4.222484382236752936e+03
1.770076113608500236e+03 4.237884382236752572e+03
1.770076113608500236e+03 4.248884382236752572e+03
1.748076113608500236e+03 4.284084382236752390e+03
1.724976113608500327e+03 4.284084382236752390e+03
1.713976113608500327e+03 4.282984382236752936e+03
1.696376113608500191e+03 4.278584382236752390e+03
1.671076113608500236e+03 4.268684382236752754e+03
1.664476113608500327e+03 4.264284382236752208e+03
1.663376113608500191e+03 4.263184382236752754e+03
1.655676113608500145e+03 4.248884382236752572e+03
1.646876113608500191e+03 4.229084382236752390e+03
1.646876113608500191e+03 4.174084382236752390e+03
