1.626142406250000022e+03 9.740216249999999718e+02
1.664642406250000022e+03 9.740216249999999718e+02
1.705342406250000067e+03 9.894216249999999491e+02
1.688842406250000067e+03 1.025721624999999904e+03
1.686642406250000022e+03 1.029021625000000085e+03
1.683342406250000067e+03 1.032321625000000040e+03
1.680042406250000113e+03 1.034521625000000085e+03
1.677842406250000067e+03 1.035621624999999995e+03
1.634942406249999976e+03 1.054321625000000040e+03
1.626142406250000022e+03 1.012521624999999972e+03
1.626142406250000022e+03 9.740216249999999718e+02
