8.575207551650439655e+02 2.183123509855141492e+03
8.586207551650438745e+02 2.180923509855141219e+03
8.619207551650439427e+02 2.177623509855141492e+03
8.828207551650439200e+02 2.164423509855141219e+03
8.861207551650438745e+02 2.163323509855141310e+03
9.301207551650439882e+02 2.155623509855141492e+03
9.499207551650439427e+02 2.152323509855141310e+03
9.708207551650439200e+02 2.152323509855141310e+03
9.895207551650439655e+02 2.161123509855141492e+03
9.906207551650438745e+02 2.162223509855141401e+03
9.906207551650438745e+02 2.174323509855141310e+03
9.565207551650439655e+02 2.237023509855141128e+03
9.356207551650438745e+02 2.257923509855141219e+03
9.202207551650438973e+02 2.259023509855141128e+03
8.960207551650439655e+02 2.259023509855141128e+03
8.894207551650439427e+02 2.257923509855141219e+03
8.773207551650439200e+02 2.253523509855141128e+03
8.751207551650438745e+02 2.251323509855141310e+03
8.641207551650438745e+02 2.237023509855141128e+03
8.597207551650438973e+02 2.228223509855141401e+03
8.575207551650439655e+02 2.216123509855141492e+03
8.575207551650439655e+02 2.183123509855141492e+03
