3.835252428810720176e+02 7.533696046901172849e+03
3.835252428810720176e+02 7.521596046901172485e+03
3.879252428810719948e+02 7.512796046901172303e+03
4.957252428810720630e+02 7.512796046901172303e+03
4.957252428810720630e+02 7.513896046901172667e+03
4.847252428810720630e+02 7.550196046901172849e+03
4.715252428810720176e+02 7.567796046901172303e+03
4.528252428810720289e+02 7.586496046901172122e+03
4.363252428810720289e+02 7.591996046901172122e+03
4.099252428810720517e+02 7.591996046901172122e+03
3.945252428810720176e+02 7.590896046901172667e+03
3.934252428810719948e+02 7.589796046901172303e+03
3.857252428810720062e+02 7.580996046901172122e+03
3.835252428810720176e+02 7.533696046901172849e+03
