1.750024113614103726e+03 3.733905719882468020e+03
1.750024113614103726e+03 3.713005719882467929e+03
1.751124113614103862e+03 3.704205719882468202e+03
1.752224113614103771e+03 3.702005719882467929e+03
1.753324113614103908e+03 3.700905719882468020e+03
1.762124113614103862e+03 3.693205719882468202e+03
1.764324113614103908e+03 3.692105719882468293e+03
1.777524113614103726e+03 3.692105719882468293e+03
1.812724113614103771e+03 3.699805719882468111e+03
1.814924113614103817e+03 3.700905719882468020e+03
1.822624113614103862e+03 3.705305719882468111e+03
1.842424113614103817e+03 3.721805719882468111e+03
1.844624113614103862e+03 3.724005719882467929e+03
1.844624113614103862e+03 3.739405719882468020e+03
1.842424113614103817e+03 3.744905719882468020e+03
1.840224113614103771e+03 3.749305719882468111e+03
1.835824113614103908e+03 3.755905719882468020e+03
1.825924113614103817e+03 3.765805719882468111e+03
1.806124113614103862e+03 3.774605719882468293e+03
1.791824113614103908e+03 3.780105719882468293e+03
1.777524113614103726e+03 3.780105719882468293e+03
1.758824113614103908e+03 3.763605719882468293e+03
1.750024113614103726e+03 3.733905719882468020e+03
