1.793032541707556447e+03 4.095551521099116599e+02
1.798532541707556447e+03 3.732551521099117053e+02
1.801832541707556402e+03 3.534551521099116940e+02
1.807332541707556402e+03 3.435551521099116599e+02
1.818332541707556402e+03 3.325551521099116599e+02
1.822732541707556493e+03 3.303551521099116712e+02
1.842532541707556447e+03 3.292551521099117053e+02
1.855732541707556493e+03 3.292551521099117053e+02
1.873332541707556402e+03 3.314551521099116371e+02
1.873332541707556402e+03 4.975551521099116599e+02
1.868932541707556538e+03 4.986551521099116826e+02
1.852432541707556538e+03 4.986551521099116826e+02
1.823832541707556402e+03 4.942551521099117053e+02
1.811732541707556493e+03 4.898551521099116712e+02
1.799632541707556356e+03 4.788551521099116712e+02
1.798532541707556447e+03 4.777551521099117053e+02
1.797432541707556538e+03 4.755551521099116599e+02
1.796332541707556402e+03 4.722551521099117053e+02
1.793032541707556447e+03 4.238551521099116712e+02
1.793032541707556447e+03 4.095551521099116599e+02
