2.116458519364551876e+02 7.039767978403073357e+03
2.127458519364551819e+02 7.037567978403073539e+03
2.215458519364551933e+02 7.028767978403073357e+03
2.237458519364551819e+02 7.027667978403072993e+03
2.369458519364551989e+02 7.027667978403072993e+03
3.051458519364551876e+02 7.035367978403073721e+03
3.073458519364552330e+02 7.044167978403072993e+03
3.073458519364552330e+02 7.069467978403073175e+03
2.842458519364552103e+02 7.120067978403073539e+03
2.479458519364551989e+02 7.172867978403073721e+03
1.731458519364551876e+02 7.172867978403073721e+03
1.764458519364551989e+02 7.127767978403073357e+03
2.116458519364551876e+02 7.039767978403073357e+03
