2.688090059572479618e+02 6.697675084686368791e+03
2.688090059572479618e+02 6.683375084686368609e+03
2.765090059572479504e+02 6.673475084686368064e+03
2.820090059572479504e+02 6.667975084686368064e+03
3.425090059572480072e+02 6.639375084686368609e+03
3.645090059572480072e+02 6.639375084686368609e+03
3.920090059572480072e+02 6.681175084686368791e+03
3.942090059572479959e+02 6.685575084686368427e+03
3.964090059572479845e+02 6.691075084686368427e+03
3.964090059572479845e+02 6.706475084686368064e+03
3.953090059572480186e+02 6.716375084686368609e+03
3.942090059572479959e+02 6.720775084686368245e+03
3.920090059572480072e+02 6.726275084686368245e+03
3.876090059572479731e+02 6.736175084686368791e+03
3.843090059572480186e+02 6.740575084686368427e+03
3.799090059572479845e+02 6.744975084686368064e+03
3.689090059572479845e+02 6.750475084686368064e+03
3.403090059572479618e+02 6.758175084686368791e+03
3.315090059572480072e+02 6.758175084686368791e+03
3.007090059572479959e+02 6.744975084686368064e+03
2.908090059572479618e+02 6.735075084686368427e+03
2.765090059572479504e+02 6.711975084686368064e+03
2.710090059572479504e+02 6.702075084686368427e+03
2.688090059572479618e+02 6.697675084686368791e+03
