1.205823762895611026e+03 4.360967319461444276e+03
1.205823762895611026e+03 4.343367319461443913e+03
1.208023762895611071e+03 4.340067319461444640e+03
1.219023762895611071e+03 4.325767319461444458e+03
1.224523762895611071e+03 4.320267319461444458e+03
1.239923762895611162e+03 4.307067319461444640e+03
1.283923762895611162e+03 4.301567319461444640e+03
1.294923762895611162e+03 4.301567319461444640e+03
1.340023762895611071e+03 4.357667319461444094e+03
1.338923762895611162e+03 4.389567319461444640e+03
1.336723762895611117e+03 4.398367319461443913e+03
1.313623762895611208e+03 4.453367319461443913e+03
1.304823762895611026e+03 4.453367319461443913e+03
1.290523762895611071e+03 4.447867319461443913e+03
1.285023762895611071e+03 4.445667319461444094e+03
1.238823762895611026e+03 4.419267319461444458e+03
1.227823762895611026e+03 4.409367319461443913e+03
1.223423762895611162e+03 4.404967319461444276e+03
1.212423762895611162e+03 4.390667319461444094e+03
1.208023762895611071e+03 4.381867319461443913e+03
1.205823762895611026e+03 4.360967319461444276e+03
