1.322845742814734876e+03 2.745758710025637356e+03
1.359145742814734831e+03 2.695158710025637447e+03
1.361345742814734876e+03 2.694058710025637538e+03
1.371245742814734967e+03 2.694058710025637538e+03
1.386645742814734831e+03 2.699558710025637538e+03
1.389945742814734785e+03 2.702858710025637720e+03
1.396545742814734922e+03 2.711658710025637447e+03
1.408645742814734831e+03 2.729258710025637811e+03
1.409745742814734967e+03 2.731458710025637629e+03
1.410845742814734876e+03 2.736958710025637629e+03
1.410845742814734876e+03 2.789758710025637811e+03
1.391045742814734922e+03 2.837058710025637538e+03
1.384445742814734785e+03 2.835958710025637629e+03
1.356945742814734785e+03 2.829358710025637720e+03
1.342645742814734831e+03 2.824958710025637629e+03
1.339345742814734876e+03 2.823858710025637720e+03
1.331645742814734831e+03 2.819458710025637629e+03
1.326145742814734831e+03 2.815058710025637538e+03
1.322845742814734876e+03 2.811758710025637811e+03
1.322845742814734876e+03 2.745758710025637356e+03
