1.701837322695035368e+02 6.273311812943262339e+03
1.701837322695035368e+02 6.272211812943261975e+03
1.734837322695035482e+02 6.268911812943262703e+03
2.284837322695035482e+02 6.238111812943262521e+03
2.438837322695035539e+02 6.238111812943262521e+03
2.658837322695035255e+02 6.275511812943262157e+03
2.658837322695035255e+02 6.316211812943261975e+03
2.592837322695035596e+02 6.343711812943261975e+03
2.438837322695035539e+02 6.404211812943261975e+03
2.196837322695035368e+02 6.427311812943262339e+03
2.097837322695035311e+02 6.427311812943262339e+03
2.086837322695035368e+02 6.426211812943262885e+03
2.009837322695035482e+02 6.417411812943262703e+03
1.998837322695035539e+02 6.415211812943262885e+03
1.987837322695035311e+02 6.411911812943262703e+03
1.701837322695035368e+02 6.273311812943262339e+03
