1.772639021164021074e+02 7.272378293650793239e+03
2.454639021164021244e+02 7.248178293650793421e+03
2.817639021164021074e+02 7.248178293650793421e+03
3.169639021164020960e+02 7.298778293650793785e+03
3.191639021164021415e+02 7.303178293650793421e+03
3.257639021164021074e+02 7.332878293650794149e+03
3.257639021164021074e+02 7.333978293650793603e+03
2.454639021164021244e+02 7.342778293650793785e+03
2.014639021164020960e+02 7.342778293650793785e+03
1.805639021164021187e+02 7.321878293650794149e+03
1.772639021164021074e+02 7.272378293650793239e+03
