1.425004791141322130e+03 2.362561122683916437e+03
1.431604791141322266e+03 2.352661122683916346e+03
1.434904791141322221e+03 2.349361122683916165e+03
1.441504791141322130e+03 2.343861122683916165e+03
1.487704791141322175e+03 2.319661122683916346e+03
1.489904791141322221e+03 2.318561122683916437e+03
1.493204791141322175e+03 2.318561122683916437e+03
1.542704791141322175e+03 2.332861122683916165e+03
1.543804791141322312e+03 2.333961122683916074e+03
1.546004791141322130e+03 2.338361122683916165e+03
1.562504791141322130e+03 2.395561122683916437e+03
1.564704791141322175e+03 2.405461122683916074e+03
1.564704791141322175e+03 2.413161122683916346e+03
1.481104791141322266e+03 2.437361122683916165e+03
1.466804791141322312e+03 2.437361122683916165e+03
1.431604791141322266e+03 2.402161122683916346e+03
1.421704791141322175e+03 2.390061122683916437e+03
1.421704791141322175e+03 2.379061122683916437e+03
1.425004791141322130e+03 2.362561122683916437e+03
