1.023122555518727268e+03 3.031603422273781689e+03
1.023122555518727268e+03 3.027203422273782053e+03
1.029722555518727177e+03 2.988703422273782053e+03
1.037422555518727222e+03 2.977703422273782053e+03
1.045122555518727268e+03 2.970003422273781780e+03
1.056122555518727268e+03 2.970003422273781780e+03
1.148522555518727131e+03 2.986503422273781780e+03
1.154022555518727131e+03 2.987603422273781689e+03
1.169422555518727222e+03 2.993103422273781689e+03
1.170522555518727131e+03 2.994203422273782053e+03
1.180422555518727222e+03 3.032703422273782053e+03
1.180422555518727222e+03 3.063503422273781780e+03
1.179322555518727313e+03 3.067903422273781871e+03
1.177122555518727268e+03 3.072303422273781962e+03
1.173822555518727313e+03 3.075603422273781689e+03
1.096822555518727313e+03 3.120703422273782053e+03
1.094622555518727268e+03 3.121803422273781962e+03
1.082522555518727131e+03 3.121803422273781962e+03
1.061622555518727268e+03 3.103103422273781689e+03
1.060522555518727131e+03 3.102003422273781780e+03
1.023122555518727268e+03 3.031603422273781689e+03
