1.360795624082232052e+03 4.659187342143905880e+03
1.362995624082232098e+03 4.654787342143906244e+03
1.366295624082232052e+03 4.650387342143905698e+03
1.370695624082231916e+03 4.644887342143905698e+03
1.373995624082232098e+03 4.641587342143906426e+03
1.382795624082232052e+03 4.634987342143906062e+03
1.389395624082231961e+03 4.630587342143906426e+03
1.402595624082232007e+03 4.630587342143906426e+03
1.412495624082232098e+03 4.631687342143905880e+03
1.420195624082231916e+03 4.638287342143906244e+03
1.421295624082232052e+03 4.639387342143905698e+03
1.426795624082232052e+03 4.648187342143905880e+03
1.430095624082232007e+03 4.663587342143906426e+03
1.430095624082232007e+03 4.676787342143906244e+03
1.424595624082232007e+03 4.689987342143906062e+03
1.417995624082232098e+03 4.697687342143905880e+03
1.415795624082232052e+03 4.699887342143905698e+03
1.413595624082232007e+03 4.700987342143906062e+03
1.408095624082232007e+03 4.703187342143905880e+03
1.393795624082232052e+03 4.705387342143905698e+03
1.381695624082231916e+03 4.705387342143905698e+03
1.366295624082232052e+03 4.689987342143906062e+03
1.365195624082231916e+03 4.687787342143906244e+03
1.360795624082232052e+03 4.670187342143905880e+03
1.360795624082232052e+03 4.659187342143905880e+03
