4.090357494260413063e+01 1.313189570350934616e+02
4.090357494260413063e+01 1.049189570350934702e+02
1.080035749426041320e+02 1.170189570350934787e+02
1.113035749426041292e+02 1.181189570350934730e+02
1.377035749426041207e+02 1.434189570350934844e+02
1.377035749426041207e+02 1.445189570350934787e+02
1.245035749426041320e+02 1.577189570350934673e+02
9.700357494260413205e+01 1.687189570350934673e+02
6.950357494260413205e+01 1.687189570350934673e+02
4.090357494260413063e+01 1.313189570350934616e+02
