1.783977481100208990e+02 3.052618401158114921e+03
1.871977481100209104e+02 3.032818401158114739e+03
1.882977481100209047e+02 3.030618401158114921e+03
1.893977481100208990e+02 3.029518401158115012e+03
2.080977481100209161e+02 3.021818401158114739e+03
2.289977481100209218e+02 3.021818401158114739e+03
2.399977481100209218e+02 3.022918401158114648e+03
2.498977481100209275e+02 3.026218401158114830e+03
2.784977481100208934e+02 3.037218401158114830e+03
2.784977481100208934e+02 3.072418401158114648e+03
2.498977481100209275e+02 3.134018401158115012e+03
2.388977481100208990e+02 3.134018401158115012e+03
1.794977481100208934e+02 3.079018401158115012e+03
1.783977481100208990e+02 3.068018401158115012e+03
1.783977481100208990e+02 3.052618401158114921e+03
