8.856551437443654322e+02 6.111680987679053942e+03
8.856551437443654322e+02 6.100680987679053942e+03
8.867551437443654549e+02 6.088580987679054488e+03
8.900551437443654095e+02 6.073180987679053942e+03
8.911551437443654322e+02 6.072080987679054488e+03
9.076551437443654322e+02 6.056680987679053942e+03
9.109551437443653867e+02 6.054480987679054124e+03
9.131551437443654322e+02 6.053380987679054670e+03
9.164551437443653867e+02 6.052280987679054306e+03
9.285551437443654095e+02 6.052280987679054306e+03
9.472551437443654549e+02 6.054480987679054124e+03
9.549551437443653867e+02 6.057780987679054306e+03
9.725551437443654095e+02 6.067680987679053942e+03
9.813551437443654777e+02 6.076480987679054124e+03
9.813551437443654777e+02 6.145780987679054306e+03
9.615551437443654095e+02 6.207380987679054670e+03
9.593551437443654777e+02 6.209580987679054488e+03
9.362551437443654549e+02 6.209580987679054488e+03
8.966551437443654322e+02 6.194180987679053942e+03
8.889551437443653867e+02 6.154580987679054488e+03
8.867551437443654549e+02 6.132580987679054488e+03
8.856551437443654322e+02 6.111680987679053942e+03
