1.053886762044298848e+03 8.354068671895200168e+03
1.091286762044298939e+03 8.291368671895199441e+03
1.095686762044298803e+03 8.291368671895199441e+03
1.202386762044298848e+03 8.344168671895198713e+03
1.212286762044298939e+03 8.354068671895200168e+03
1.212286762044298939e+03 8.392568671895200168e+03
1.210086762044298894e+03 8.393668671895198713e+03
1.133086762044298894e+03 8.424468671895199805e+03
1.114386762044298848e+03 8.429968671895199805e+03
1.062686762044298803e+03 8.439868671895199441e+03
1.053886762044298848e+03 8.440968671895199805e+03
1.053886762044298848e+03 8.354068671895200168e+03
