-4.129248812051365292e+00 4.597632635729451067e+03
1.370751187948634708e+00 4.597632635729451067e+03
6.870751187948634708e+00 4.602032635729450703e+03
9.267075118794863897e+01 4.775832635729450885e+03
9.487075118794864181e+01 4.783532635729450703e+03
1.113707511879486418e+02 4.940832635729450885e+03
1.113707511879486418e+02 4.954032635729450703e+03
1.058707511879486418e+02 4.973832635729450885e+03
1.014707511879486503e+02 4.978232635729451431e+03
8.937075118794864181e+01 4.978232635729451431e+03
8.497075118794865034e+01 4.977132635729451067e+03
2.447075118794863968e+01 4.961732635729451431e+03
-4.129248812051365292e+00 4.895732635729451431e+03
-4.129248812051365292e+00 4.597632635729451067e+03
