1.183640130151843778e+03 5.064479718004338793e+03
1.183640130151843778e+03 5.052379718004338429e+03
1.189140130151843778e+03 5.039179718004338611e+03
1.190240130151843914e+03 5.038079718004338247e+03
1.203440130151843732e+03 5.030379718004338429e+03
1.246340130151843823e+03 5.030379718004338429e+03
1.251840130151843823e+03 5.031479718004338793e+03
1.278240130151843914e+03 5.039179718004338611e+03
1.278240130151843914e+03 5.074379718004338429e+03
1.260640130151843778e+03 5.118379718004338429e+03
1.259540130151843869e+03 5.119479718004338793e+03
1.248540130151843869e+03 5.119479718004338793e+03
1.229840130151843823e+03 5.115079718004338247e+03
1.216640130151843778e+03 5.109579718004338247e+03
1.201240130151843914e+03 5.101879718004338429e+03
1.194640130151843778e+03 5.095279718004338065e+03
1.192440130151843732e+03 5.091979718004338793e+03
1.188040130151843869e+03 5.084279718004338065e+03
1.186940130151843732e+03 5.082079718004338247e+03
1.184740130151843914e+03 5.076579718004338247e+03
1.183640130151843778e+03 5.064479718004338793e+03
