1.072246904532304825e+03 5.680746750241080008e+03
1.072246904532304825e+03 5.673046750241080190e+03
1.114046904532304779e+03 5.646646750241079644e+03
1.160246904532304825e+03 5.646646750241079644e+03
1.160246904532304825e+03 5.680746750241080008e+03
1.120646904532304688e+03 5.754446750241079826e+03
1.119546904532304779e+03 5.754446750241079826e+03
1.097546904532304779e+03 5.753346750241080372e+03
1.085446904532304643e+03 5.751146750241079644e+03
1.076646904532304688e+03 5.733546750241080190e+03
1.072246904532304825e+03 5.680746750241080008e+03
