1.589220520945560565e+03 4.295617060650230997e+03
1.590320520945560475e+03 4.293417060650231178e+03
1.596920520945560611e+03 4.285717060650231360e+03
1.598020520945560520e+03 4.284617060650230997e+03
1.606820520945560475e+03 4.279117060650230997e+03
1.627720520945560565e+03 4.279117060650230997e+03
1.636520520945560520e+03 4.280217060650231360e+03
1.656320520945560475e+03 4.286817060650231724e+03
1.662920520945560611e+03 4.291217060650231360e+03
1.664020520945560520e+03 4.292317060650231724e+03
1.731120520945560656e+03 4.389117060650230997e+03
1.735520520945560520e+03 4.401217060650231360e+03
1.736620520945560656e+03 4.404517060650231542e+03
1.738820520945560475e+03 4.423217060650231360e+03
1.738820520945560475e+03 4.440817060650231724e+03
1.735520520945560520e+03 4.451817060650231724e+03
1.734420520945560611e+03 4.454017060650231542e+03
1.726720520945560565e+03 4.465017060650231542e+03
1.725620520945560656e+03 4.466117060650230997e+03
1.720120520945560656e+03 4.470517060650231542e+03
1.698120520945560656e+03 4.471617060650230997e+03
1.682720520945560565e+03 4.471617060650230997e+03
1.678320520945560475e+03 4.470517060650231542e+03
1.642020520945560520e+03 4.459517060650231542e+03
1.628820520945560475e+03 4.455117060650230997e+03
1.587020520945560520e+03 4.436417060650231178e+03
1.582620520945560656e+03 4.433117060650230997e+03
1.581520520945560520e+03 4.432017060650231542e+03
1.581520520945560520e+03 4.413317060650231724e+03
1.589220520945560565e+03 4.295617060650230997e+03
