1.640132010640656119e+02 1.926922168033695471e+03
1.651132010640656063e+02 1.924722168033695425e+03
1.739132010640656176e+02 1.913722168033695425e+03
1.772132010640656290e+02 1.910422168033695471e+03
1.838132010640655949e+02 1.908222168033695425e+03
3.147132010640656290e+02 1.879622168033695289e+03
3.202132010640656290e+02 1.878522168033695380e+03
3.378132010640656517e+02 1.878522168033695380e+03
3.565132010640656404e+02 1.887322168033695334e+03
3.565132010640656404e+02 1.900522168033695380e+03
3.554132010640656176e+02 1.903822168033695334e+03
3.477132010640656290e+02 1.918122168033695289e+03
3.466132010640656063e+02 1.919222168033695425e+03
3.433132010640656517e+02 1.921422168033695471e+03
2.520132010640656119e+02 1.969822168033695334e+03
2.355132010640656119e+02 1.975322168033695334e+03
2.289132010640656176e+02 1.976422168033695471e+03
2.124132010640656176e+02 1.977522168033695380e+03
1.992132010640656290e+02 1.977522168033695380e+03
1.926132010640656063e+02 1.975322168033695334e+03
1.673132010640655949e+02 1.966522168033695380e+03
1.662132010640656290e+02 1.965422168033695471e+03
1.640132010640656119e+02 1.942322168033695334e+03
1.640132010640656119e+02 1.926922168033695471e+03
