9.924273534017743259e+00 1.275751957543066055e+03
1.652427353401774468e+01 1.259251957543066055e+03
5.392427353401775036e+01 1.211951957543065873e+03
5.832427353401774894e+01 1.211951957543065873e+03
7.922427353401775463e+01 1.232851957543065964e+03
1.034242735340177433e+02 1.277951957543065873e+03
1.034242735340177433e+02 1.298851957543065964e+03
9.022427353401775463e+01 1.310951957543065873e+03
8.582427353401774894e+01 1.313151957543065919e+03
7.262427353401774610e+01 1.318651957543065919e+03
6.712427353401774610e+01 1.320851957543065964e+03
5.282427353401774894e+01 1.326351957543065964e+03
3.962427353401774610e+01 1.326351957543065964e+03
2.532427353401774539e+01 1.324151957543065919e+03
1.872427353401774752e+01 1.317551957543066010e+03
1.542427353401774326e+01 1.313151957543065919e+03
1.432427353401774184e+01 1.310951957543065873e+03
1.212427353401774610e+01 1.301051957543066010e+03
9.924273534017743259e+00 1.287851957543065964e+03
9.924273534017743259e+00 1.275751957543066055e+03
