6.259796432186234370e+02 4.950965220141700229e+03
6.259796432186234370e+02 4.923465220141700229e+03
6.402796432186235052e+02 4.906965220141700229e+03
6.479796432186234370e+02 4.901465220141700229e+03
6.501796432186234824e+02 4.900365220141700775e+03
6.567796432186235052e+02 4.898165220141700047e+03
6.677796432186235052e+02 4.898165220141700047e+03
6.754796432186234370e+02 4.900365220141700775e+03
7.007796432186235052e+02 4.909165220141700047e+03
7.051796432186234824e+02 4.911365220141700775e+03
7.139796432186234370e+02 4.920165220141700047e+03
7.183796432186235279e+02 4.936665220141700047e+03
7.183796432186235279e+02 4.950965220141700229e+03
7.095796432186234597e+02 4.989465220141700229e+03
7.073796432186235279e+02 4.993865220141700775e+03
6.842796432186235052e+02 5.027965220141700229e+03
6.831796432186234824e+02 5.029065220141700593e+03
6.347796432186235052e+02 5.029065220141700593e+03
6.259796432186234370e+02 4.950965220141700229e+03
