1.357641490262489299e+02 1.567340812870448872e+03
1.368641490262489242e+02 1.565140812870448826e+03
1.423641490262489242e+02 1.555240812870448735e+03
1.742641490262489299e+02 1.535440812870448781e+03
1.918641490262489526e+02 1.535440812870448781e+03
2.468641490262489526e+02 1.539840812870448872e+03
2.479641490262489469e+02 1.542040812870448690e+03
2.479641490262489469e+02 1.551940812870448781e+03
2.468641490262489526e+02 1.580540812870448690e+03
2.446641490262489356e+02 1.587140812870448826e+03
2.391641490262489356e+02 1.598140812870448826e+03
2.369641490262489469e+02 1.600340812870448872e+03
2.259641490262489469e+02 1.605840812870448872e+03
2.138641490262489526e+02 1.611340812870448872e+03
1.984641490262489469e+02 1.613540812870448690e+03
1.874641490262489469e+02 1.613540812870448690e+03
1.434641490262489469e+02 1.604740812870448735e+03
1.401641490262489356e+02 1.601440812870448781e+03
1.346641490262489356e+02 1.590440812870448781e+03
1.346641490262489356e+02 1.578340812870448872e+03
1.357641490262489299e+02 1.567340812870448872e+03
