8.215279715497194957e+01 5.544693174668307620e+03
8.215279715497194957e+01 5.531493174668307802e+03
8.985279715497196662e+01 5.518293174668307984e+03
9.205279715497195525e+01 5.514993174668307802e+03
9.645279715497196094e+01 5.510593174668308166e+03
1.041527971549719496e+02 5.503993174668307802e+03
1.393527971549719666e+02 5.481993174668307802e+03
1.415527971549719553e+02 5.481993174668307802e+03
1.899527971549719609e+02 5.564493174668307802e+03
1.899527971549719609e+02 5.599693174668307620e+03
1.811527971549719496e+02 5.609593174668308166e+03
1.690527971549719553e+02 5.617293174668307984e+03
1.569527971549719609e+02 5.617293174668307984e+03
1.426527971549719496e+02 5.613993174668307802e+03
1.239527971549719609e+02 5.607393174668308347e+03
1.019527971549719609e+02 5.586493174668307802e+03
1.008527971549719666e+02 5.585393174668308347e+03
8.325279715497195809e+01 5.561193174668307620e+03
8.215279715497194957e+01 5.544693174668307620e+03
