1.435277537437603996e+03 8.163115224625624251e+03
1.445177537437604087e+03 8.163115224625624251e+03
1.527677537437604087e+03 8.170815224625624069e+03
1.528777537437603996e+03 8.171915224625623523e+03
1.554077537437603951e+03 8.212615224625624251e+03
1.554077537437603951e+03 8.224715224625624614e+03
1.445177537437604087e+03 8.255515224625623887e+03
1.435277537437603996e+03 8.255515224625623887e+03
1.413277537437603996e+03 8.225815224625623159e+03
1.413277537437603996e+03 8.212615224625624251e+03
1.435277537437603996e+03 8.163115224625624251e+03
