1.452697355800388777e+03 3.477929825016202358e+03
1.452697355800388777e+03 3.468029825016202267e+03
1.453797355800388914e+03 3.461429825016202358e+03
1.457097355800388868e+03 3.451529825016202267e+03
1.463697355800388777e+03 3.444929825016202358e+03
1.473597355800388868e+03 3.438329825016202449e+03
1.475797355800388914e+03 3.437229825016202085e+03
1.485697355800388777e+03 3.433929825016202358e+03
1.559397355800388823e+03 3.429529825016202267e+03
1.568197355800388777e+03 3.480129825016202176e+03
1.568197355800388777e+03 3.514229825016202085e+03
1.563797355800388914e+03 3.518629825016202176e+03
1.512097355800388868e+03 3.525229825016202085e+03
1.479097355800388868e+03 3.525229825016202085e+03
1.469197355800388777e+03 3.518629825016202176e+03
1.459297355800388914e+03 3.508729825016202085e+03
1.458197355800388777e+03 3.506529825016202267e+03
1.455997355800388732e+03 3.497729825016202085e+03
1.452697355800388777e+03 3.477929825016202358e+03
