8.899718098627350855e+02 5.263329283172343821e+03
8.965718098627351083e+02 5.253429283172343276e+03
9.009718098627350855e+02 5.249029283172343639e+03
9.141718098627351310e+02 5.242429283172343276e+03
9.273718098627351765e+02 5.242429283172343276e+03
9.559718098627350855e+02 5.244629283172344003e+03
9.559718098627350855e+02 5.279829283172343821e+03
9.537718098627351537e+02 5.319429283172343276e+03
9.174718098627350855e+02 5.319429283172343276e+03
8.778718098627351765e+02 5.310629283172344003e+03
8.778718098627351765e+02 5.309529283172343639e+03
8.899718098627350855e+02 5.263329283172343821e+03
