-2.526825256231813199e+00 6.670857977983044293e+03
1.287317474376818893e+01 6.670857977983044293e+03
2.167317474376818964e+01 6.675257977983044839e+03
2.607317474376818822e+01 6.678557977983044111e+03
3.157317474376819177e+01 6.684057977983044111e+03
4.807317474376819177e+01 6.701657977983044475e+03
5.577317474376819462e+01 6.712657977983044475e+03
5.907317474376819177e+01 6.719257977983044839e+03
6.457317474376819177e+01 6.743457977983044657e+03
6.567317474376818609e+01 6.755557977983044111e+03
6.567317474376818609e+01 6.772057977983044111e+03
6.457317474376819177e+01 6.777557977983044111e+03
6.347317474376818325e+01 6.780857977983044293e+03
4.697317474376819035e+01 6.822657977983044475e+03
4.477317474376819462e+01 6.827057977983044111e+03
4.367317474376818609e+01 6.828157977983044475e+03
1.177317474376818751e+01 6.854557977983044111e+03
-2.526825256231813199e+00 6.854557977983044111e+03
-2.526825256231813199e+00 6.670857977983044293e+03
