1.772950480905233462e+03 8.793226025459688344e+02
1.790550480905233371e+03 8.606226025459689026e+02
1.792750480905233417e+03 8.584226025459688572e+02
1.794950480905233462e+03 8.573226025459688344e+02
1.815850480905233326e+03 8.485226025459688799e+02
1.826850480905233326e+03 8.485226025459688799e+02
1.851050480905233371e+03 8.529226025459688572e+02
1.875250480905233417e+03 8.628226025459688344e+02
1.875250480905233417e+03 9.266226025459689026e+02
1.778450480905233462e+03 9.475226025459688799e+02
1.765250480905233417e+03 9.497226025459689254e+02
1.752050480905233371e+03 9.497226025459689254e+02
1.752050480905233371e+03 9.398226025459688344e+02
1.753150480905233280e+03 9.178226025459688344e+02
1.772950480905233462e+03 8.793226025459688344e+02
