1.181435784774436115e+03 1.891482401315789502e+03
1.183635784774436161e+03 1.879382401315789593e+03
1.184735784774436070e+03 1.877182401315789548e+03
1.186935784774436115e+03 1.873882401315789366e+03
1.193535784774436024e+03 1.865082401315789411e+03
1.197935784774436115e+03 1.862882401315789593e+03
1.204535784774436024e+03 1.860682401315789548e+03
1.208935784774436115e+03 1.859582401315789411e+03
1.219935784774436115e+03 1.859582401315789411e+03
1.235335784774436206e+03 1.860682401315789548e+03
1.238635784774436161e+03 1.861782401315789457e+03
1.247435784774436115e+03 1.865082401315789411e+03
1.252935784774436115e+03 1.869482401315789502e+03
1.255135784774436161e+03 1.871682401315789548e+03
1.260635784774436161e+03 1.882682401315789548e+03
1.261735784774436070e+03 1.888182401315789548e+03
1.261735784774436070e+03 1.903582401315789411e+03
1.257335784774435979e+03 1.913482401315789502e+03
1.256235784774436070e+03 1.915682401315789548e+03
1.246335784774436206e+03 1.925582401315789411e+03
1.234235784774436070e+03 1.935482401315789502e+03
1.230935784774436115e+03 1.936582401315789411e+03
1.213335784774435979e+03 1.936582401315789411e+03
1.204535784774436024e+03 1.934382401315789593e+03
1.196835784774435979e+03 1.932182401315789548e+03
1.194635784774436161e+03 1.931082401315789411e+03
1.190235784774436070e+03 1.926682401315789548e+03
1.188035784774436024e+03 1.923382401315789593e+03
1.181435784774436115e+03 1.909082401315789411e+03
1.181435784774436115e+03 1.891482401315789502e+03
