1.424999260823653685e+03 1.719715628299894433e+03
1.429399260823653549e+03 1.715315628299894342e+03
1.470099260823653594e+03 1.688915628299894479e+03
1.474499260823653685e+03 1.686715628299894433e+03
1.494299260823653640e+03 1.679015628299894388e+03
1.499799260823653640e+03 1.679015628299894388e+03
1.517399260823653549e+03 1.747215628299894433e+03
1.517399260823653549e+03 1.750515628299894388e+03
1.472299260823653640e+03 1.783515628299894388e+03
1.461299260823653640e+03 1.783515628299894388e+03
1.424999260823653685e+03 1.747215628299894433e+03
1.424999260823653685e+03 1.719715628299894433e+03
