1.286265355850422111e+03 1.852520989143546558e+03
1.287365355850422247e+03 1.850320989143546512e+03
1.291765355850422111e+03 1.843720989143546376e+03
1.296165355850422202e+03 1.839320989143546512e+03
1.298365355850422247e+03 1.838220989143546376e+03
1.323665355850422202e+03 1.832720989143546376e+03
1.339065355850422293e+03 1.832720989143546376e+03
1.365465355850422156e+03 1.845920989143546421e+03
1.368765355850422111e+03 1.848120989143546467e+03
1.370965355850422156e+03 1.850320989143546512e+03
1.370965355850422156e+03 1.872320989143546512e+03
1.337965355850422156e+03 1.917420989143546421e+03
1.336865355850422247e+03 1.917420989143546421e+03
1.326965355850422156e+03 1.914120989143546467e+03
1.322565355850422293e+03 1.911920989143546421e+03
1.308265355850422111e+03 1.900920989143546421e+03
1.302765355850422111e+03 1.896520989143546558e+03
1.299465355850422156e+03 1.893220989143546376e+03
1.290665355850422202e+03 1.883320989143546512e+03
1.289565355850422293e+03 1.881120989143546467e+03
1.287365355850422247e+03 1.875620989143546467e+03
1.286265355850422111e+03 1.872320989143546512e+03
1.286265355850422111e+03 1.852520989143546558e+03
