1.185874812068788060e+03 3.973809988672639520e+03
1.245274812068787924e+03 3.932009988672639338e+03
1.320074812068787878e+03 3.922109988672639247e+03
1.334374812068788060e+03 3.922109988672639247e+03
1.351974812068787969e+03 3.923209988672639156e+03
1.355274812068787924e+03 3.933109988672639247e+03
1.359674812068788015e+03 3.949609988672639247e+03
1.359674812068788015e+03 3.965009988672639338e+03
1.294774812068787924e+03 4.033209988672639156e+03
1.293674812068788015e+03 4.034309988672639520e+03
1.245274812068787924e+03 4.034309988672639520e+03
1.189174812068788015e+03 3.999109988672639247e+03
1.181474812068787969e+03 3.978209988672639156e+03
1.185874812068788060e+03 3.973809988672639520e+03
