1.999260528790887292e+02 7.364572787125091054e+03
1.999260528790887292e+02 7.335972787125091600e+03
2.527260528790887122e+02 7.327172787125091418e+03
3.253260528790887065e+02 7.327172787125091418e+03
3.264260528790887292e+02 7.330472787125091600e+03
3.264260528790887292e+02 7.353572787125091054e+03
3.220260528790887520e+02 7.382172787125091418e+03
3.198260528790887065e+02 7.390972787125091600e+03
2.879260528790887292e+02 7.459172787125091418e+03
2.692260528790887406e+02 7.459172787125091418e+03
2.670260528790887520e+02 7.458072787125091054e+03
2.175260528790887236e+02 7.416272787125091781e+03
1.999260528790887292e+02 7.364572787125091054e+03
