1.027514884832681446e+03 6.849834887005649762e+03
1.028614884832681355e+03 6.848734887005649398e+03
1.035214884832681491e+03 6.846534887005649580e+03
1.083614884832681355e+03 6.838834887005649762e+03
1.096814884832681400e+03 6.838834887005649762e+03
1.100114884832681355e+03 6.839934887005650126e+03
1.102314884832681400e+03 6.841034887005649580e+03
1.104514884832681446e+03 6.843234887005649398e+03
1.111114884832681355e+03 6.850934887005650126e+03
1.113314884832681400e+03 6.855334887005649762e+03
1.118814884832681400e+03 6.869634887005649944e+03
1.119914884832681537e+03 6.872934887005650126e+03
1.123214884832681491e+03 6.898234887005649398e+03
1.123214884832681491e+03 6.933434887005650126e+03
1.116614884832681355e+03 6.948834887005649762e+03
1.100114884832681355e+03 6.981834887005649762e+03
1.097914884832681537e+03 6.985134887005649944e+03
1.073714884832681491e+03 6.985134887005649944e+03
1.045114884832681355e+03 6.956534887005649580e+03
1.027514884832681446e+03 6.912534887005649580e+03
1.027514884832681446e+03 6.849834887005649762e+03
