1.709173406356617079e+03 2.605711330579996229e+03
1.708073406356616943e+03 2.603511330579996411e+03
1.708073406356616943e+03 2.602411330579996502e+03
1.779573406356616943e+03 2.565011330579996411e+03
1.789473406356617033e+03 2.565011330579996411e+03
1.821373406356616897e+03 2.571611330579996320e+03
1.826873406356616897e+03 2.574911330579996502e+03
1.830173406356617079e+03 2.577111330579996320e+03
1.834573406356616943e+03 2.584811330579996593e+03
1.835673406356617079e+03 2.587011330579996411e+03
1.835673406356617079e+03 2.598011330579996411e+03
1.831273406356616988e+03 2.617811330579996593e+03
1.826873406356616897e+03 2.634311330579996593e+03
1.825773406356616988e+03 2.637611330579996320e+03
1.822473406356617033e+03 2.640911330579996502e+03
1.814773406356616988e+03 2.647511330579996411e+03
1.779573406356616943e+03 2.647511330579996411e+03
1.731173406356617079e+03 2.636511330579996411e+03
1.709173406356617079e+03 2.605711330579996229e+03
