2.586372073039742077e+02 1.475809065520945296e+03
2.630372073039742418e+02 1.460409065520945205e+03
2.663372073039741963e+02 1.456009065520945114e+03
2.685372073039742418e+02 1.453809065520945296e+03
2.773372073039741963e+02 1.447209065520945160e+03
2.817372073039742304e+02 1.445009065520945114e+03
2.861372073039742077e+02 1.443909065520945205e+03
3.015372073039742418e+02 1.443909065520945205e+03
3.070372073039742418e+02 1.445009065520945114e+03
3.125372073039742418e+02 1.447209065520945160e+03
3.147372073039742304e+02 1.448309065520945296e+03
3.257372073039742304e+02 1.459309065520945296e+03
3.279372073039742190e+02 1.462609065520945251e+03
3.334372073039742190e+02 1.474709065520945160e+03
3.345372073039742418e+02 1.484609065520945251e+03
3.345372073039742418e+02 1.495609065520945251e+03
3.334372073039742190e+02 1.498909065520945205e+03
3.301372073039742077e+02 1.506609065520945251e+03
3.202372073039742304e+02 1.528609065520945251e+03
3.092372073039742304e+02 1.534109065520945251e+03
2.806372073039742077e+02 1.534109065520945251e+03
2.773372073039741963e+02 1.533009065520945342e+03
2.718372073039741963e+02 1.527509065520945114e+03
2.674372073039742190e+02 1.522009065520945114e+03
2.608372073039741963e+02 1.504409065520945205e+03
2.597372073039742304e+02 1.500009065520945342e+03
2.586372073039742077e+02 1.494509065520945342e+03
2.586372073039742077e+02 1.475809065520945296e+03
