8.975068013370149629e+02 2.323819212323790140e+01
9.052068013370150084e+02 3.438192123237900688e+00
9.118068013370149174e+02 -3.161807876762104286e+00
1.043806801337015031e+03 -3.161807876762104286e+00
1.043806801337015031e+03 3.438192123237900688e+00
1.042706801337014895e+03 6.738192123237897846e+00
1.037206801337014895e+03 1.553819212323789856e+01
9.888068013370150311e+02 8.043819212323791135e+01
9.877068013370150084e+02 8.153819212323790566e+01
9.778068013370150311e+02 8.153819212323790566e+01
9.096068013370149856e+02 7.383819212323790282e+01
8.997068013370150084e+02 6.393819212323790424e+01
8.975068013370149629e+02 2.323819212323790140e+01
