1.650443971631205613e+03 1.273985106382978756e+03
1.691143971631205659e+03 1.259685106382978802e+03
1.715343971631205704e+03 1.322385106382978847e+03
1.715343971631205704e+03 1.352085106382978665e+03
1.701043971631205750e+03 1.357585106382978665e+03
1.686743971631205568e+03 1.357585106382978665e+03
1.652643971631205659e+03 1.352085106382978665e+03
1.648243971631205568e+03 1.350985106382978756e+03
1.648243971631205568e+03 1.322385106382978847e+03
1.650443971631205613e+03 1.273985106382978756e+03
