9.616623232839380080e+02 5.532367228751490984e+02
9.627623232839380307e+02 5.356367228751490757e+02
9.693623232839379398e+02 5.257367228751490984e+02
9.814623232839379625e+02 5.092367228751490416e+02
9.880623232839379853e+02 5.026367228751490188e+02
9.968623232839379398e+02 4.982367228751490416e+02
1.012262323283938031e+03 4.982367228751490416e+02
1.014462323283937963e+03 4.993367228751490075e+02
1.021062323283937985e+03 5.048367228751490075e+02
1.038662323283937894e+03 5.576367228751490757e+02
1.038662323283937894e+03 5.939367228751490302e+02
1.015562323283937985e+03 6.159367228751490302e+02
1.001262323283938031e+03 6.225367228751490529e+02
9.913623232839379398e+02 6.225367228751490529e+02
9.891623232839380080e+02 6.214367228751490302e+02
9.759623232839379625e+02 6.137367228751490984e+02
9.737623232839380307e+02 6.115367228751490529e+02
9.616623232839380080e+02 5.829367228751490302e+02
9.616623232839380080e+02 5.532367228751490984e+02
