2.702173284710967209e+02 2.370270218800648308e+03
2.713173284710966868e+02 2.366970218800648126e+03
2.724173284710967096e+02 2.365870218800648217e+03
3.417173284710967209e+02 2.319670218800648399e+03
3.703173284710966868e+02 2.319670218800648399e+03
4.044173284710967096e+02 2.394470218800648126e+03
4.110173284710966755e+02 2.410970218800648126e+03
4.110173284710966755e+02 2.423070218800648490e+03
3.417173284710967209e+02 2.423070218800648490e+03
2.636173284710966982e+02 2.398870218800648217e+03
2.636173284710966982e+02 2.397770218800648308e+03
2.702173284710967209e+02 2.370270218800648308e+03
