1.694122435897435935e+03 6.280433974358974410e+03
1.712822435897435980e+03 6.261733974358974592e+03
1.716122435897435935e+03 6.261733974358974592e+03
1.730422435897435889e+03 6.269433974358974410e+03
1.784322435897435980e+03 6.340933974358974410e+03
1.784322435897435980e+03 6.349733974358974592e+03
1.781022435897435798e+03 6.353033974358974774e+03
1.716122435897435935e+03 6.379433974358974410e+03
1.674322435897435980e+03 6.379433974358974410e+03
1.669922435897435889e+03 6.367333974358974046e+03
1.669922435897435889e+03 6.343133974358974228e+03
1.694122435897435935e+03 6.280433974358974410e+03
