1.828350913994605889e+03 2.363826820497452900e+03
1.830550913994605935e+03 2.359426820497452809e+03
1.840450913994606026e+03 2.349526820497452718e+03
1.852550913994605935e+03 2.339626820497452627e+03
1.855850913994605889e+03 2.338526820497452718e+03
1.867950913994606026e+03 2.338526820497452718e+03
1.872350913994605889e+03 2.339626820497452627e+03
1.872350913994605889e+03 2.422126820497452627e+03
1.825050913994605935e+03 2.434226820497452991e+03
1.812950913994606026e+03 2.434226820497452991e+03
1.811850913994605889e+03 2.433126820497452627e+03
1.806350913994605889e+03 2.425426820497452809e+03
1.806350913994605889e+03 2.414426820497452809e+03
1.828350913994605889e+03 2.363826820497452900e+03
