5.766731121514349070e+02 5.219768023610828095e+03
5.766731121514349070e+02 5.183468023610828823e+03
5.777731121514349297e+02 5.182368023610828459e+03
6.151731121514349070e+02 5.182368023610828459e+03
6.888731121514349525e+02 5.202168023610828641e+03
6.888731121514349525e+02 5.209868023610828459e+03
6.877731121514349297e+02 5.218668023610828641e+03
6.712731121514349297e+02 5.236268023610828095e+03
6.151731121514349070e+02 5.289068023610828277e+03
6.074731121514349752e+02 5.289068023610828277e+03
5.766731121514349070e+02 5.219768023610828095e+03
