1.013388412794206374e+03 4.650040595453630885e+03
1.015588412794206420e+03 4.639040595453630885e+03
1.016688412794206442e+03 4.636840595453631067e+03
1.029888412794206488e+03 4.618140595453631249e+03
1.061788412794206351e+03 4.586240595453630704e+03
1.084888412794206488e+03 4.634640595453631249e+03
1.084888412794206488e+03 4.712740595453630704e+03
1.078288412794206351e+03 4.719340595453631067e+03
1.060688412794206442e+03 4.711640595453631249e+03
1.048588412794206306e+03 4.706140595453631249e+03
1.040888412794206488e+03 4.701740595453630704e+03
1.035388412794206488e+03 4.698440595453631431e+03
1.033188412794206442e+03 4.696240595453630704e+03
1.023288412794206351e+03 4.685240595453630704e+03
1.014488412794206397e+03 4.670940595453631431e+03
1.013388412794206374e+03 4.663240595453630704e+03
1.013388412794206374e+03 4.650040595453630885e+03
