9.448704173002196285e+02 4.095523112012164347e+03
9.360704173002195603e+02 4.083423112012164438e+03
9.316704173002195830e+02 4.075723112012164165e+03
9.899704173002196512e+02 4.069123112012164256e+03
1.063670417300219697e+03 4.069123112012164256e+03
1.072470417300219651e+03 4.076823112012164074e+03
1.072470417300219651e+03 4.104323112012164529e+03
1.037270417300219606e+03 4.139523112012164347e+03
1.021870417300219628e+03 4.146123112012164711e+03
1.009770417300219606e+03 4.147223112012164165e+03
9.921704173002195830e+02 4.147223112012164165e+03
9.899704173002196512e+02 4.145023112012164347e+03
9.448704173002196285e+02 4.095523112012164347e+03
