7.472762491365415372e+02 4.892735378770435091e+03
7.472762491365415372e+02 4.874035378770435273e+03
7.571762491365415144e+02 4.849835378770435454e+03
7.703762491365415599e+02 4.836635378770434727e+03
7.802762491365415372e+02 4.830035378770435273e+03
7.824762491365415826e+02 4.828935378770434909e+03
7.956762491365415144e+02 4.828935378770434909e+03
8.099762491365415826e+02 4.832235378770435091e+03
8.143762491365415599e+02 4.834435378770434909e+03
8.319762491365415826e+02 4.846535378770435273e+03
8.341762491365415144e+02 4.848735378770435091e+03
8.517762491365415372e+02 4.905935378770434909e+03
8.594762491365415826e+02 4.944435378770434909e+03
8.099762491365415826e+02 4.963135378770435636e+03
8.077762491365415372e+02 4.963135378770435636e+03
7.901762491365415144e+02 4.955435378770434909e+03
7.879762491365415826e+02 4.954335378770435454e+03
7.626762491365415144e+02 4.936735378770435091e+03
7.615762491365416054e+02 4.935635378770435636e+03
7.582762491365415372e+02 4.931235378770435091e+03
7.560762491365416054e+02 4.927935378770434909e+03
7.505762491365416054e+02 4.916935378770434909e+03
7.483762491365415599e+02 4.910335378770435454e+03
7.472762491365415372e+02 4.892735378770435091e+03
