5.999421481426114156e+01 7.028995179011883920e+03
5.999421481426114156e+01 7.015795179011884102e+03
9.629421481426115292e+01 6.979495179011883920e+03
1.237942148142611529e+02 6.960795179011884102e+03
1.292942148142611529e+02 6.957495179011883920e+03
1.314942148142611700e+02 6.956395179011884466e+03
1.358942148142611472e+02 6.955295179011884102e+03
1.479942148142611700e+02 6.955295179011884102e+03
1.776942148142611586e+02 6.960795179011884102e+03
1.809942148142611700e+02 6.961895179011884466e+03
1.820942148142611643e+02 6.962995179011883920e+03
1.985942148142611643e+02 6.980595179011884284e+03
2.018942148142611472e+02 6.986095179011884284e+03
2.051942148142611586e+02 6.992695179011884647e+03
2.062942148142611529e+02 6.995995179011883920e+03
2.073942148142611472e+02 7.002595179011884284e+03
2.084942148142611700e+02 7.019095179011884284e+03
2.084942148142611700e+02 7.035595179011884284e+03
1.754942148142611700e+02 7.144495179011883920e+03
1.743942148142611472e+02 7.147795179011884102e+03
1.732942148142611529e+02 7.149995179011883920e+03
1.479942148142611700e+02 7.149995179011883920e+03
1.325942148142611643e+02 7.141195179011884647e+03
1.314942148142611700e+02 7.140095179011884284e+03
5.999421481426114156e+01 7.028995179011883920e+03
