1.171228475440222383e+03 2.531109939759036024e+03
1.182228475440222383e+03 2.530009939759036115e+03
1.197628475440222473e+03 2.530009939759036115e+03
1.206428475440222428e+03 2.531109939759036024e+03
1.213028475440222337e+03 2.534409939759036206e+03
1.220728475440222383e+03 2.539909939759036206e+03
1.231728475440222383e+03 2.550909939759036206e+03
1.235028475440222337e+03 2.555309939759036297e+03
1.240528475440222337e+03 2.566309939759036297e+03
1.241628475440222473e+03 2.578409939759036206e+03
1.241628475440222473e+03 2.590509939759036115e+03
1.226228475440222383e+03 2.609209939759036388e+03
1.225128475440222473e+03 2.610309939759036297e+03
1.222928475440222428e+03 2.611409939759036206e+03
1.181128475440222473e+03 2.619109939759036024e+03
1.171228475440222383e+03 2.619109939759036024e+03
1.171228475440222383e+03 2.531109939759036024e+03
