1.440853885693305529e+03 7.350421527352833436e+03
1.444153885693305710e+03 7.347121527352833255e+03
1.446353885693305529e+03 7.346021527352832891e+03
1.459553885693305574e+03 7.346021527352832891e+03
1.470553885693305574e+03 7.347121527352833255e+03
1.498053885693305574e+03 7.373521527352832891e+03
1.498053885693305574e+03 7.427421527352833436e+03
1.492553885693305574e+03 7.432921527352833436e+03
1.446353885693305529e+03 7.465921527352833436e+03
1.393553885693305574e+03 7.465921527352833436e+03
1.368253885693305619e+03 7.440621527352833255e+03
1.368253885693305619e+03 7.425221527352833618e+03
1.440853885693305529e+03 7.350421527352833436e+03
