8.443373474248288630e+02 4.241800029770764922e+03
8.443373474248288630e+02 4.230800029770764922e+03
8.454373474248287721e+02 4.212100029770765104e+03
8.487373474248288403e+02 4.203300029770764922e+03
8.531373474248288176e+02 4.196700029770765468e+03
8.564373474248287721e+02 4.193400029770765286e+03
8.674373474248287721e+02 4.183500029770764741e+03
8.784373474248287721e+02 4.183500029770764741e+03
8.927373474248288403e+02 4.186800029770764922e+03
9.048373474248288630e+02 4.193400029770765286e+03
9.147373474248288403e+02 4.203300029770764922e+03
9.202373474248288403e+02 4.212100029770765104e+03
9.378373474248288630e+02 4.242900029770765286e+03
9.378373474248288630e+02 4.253900029770765286e+03
9.367373474248288403e+02 4.256100029770765104e+03
9.268373474248288630e+02 4.270400029770765286e+03
8.883373474248288630e+02 4.314400029770765286e+03
8.740373474248287948e+02 4.314400029770765286e+03
8.564373474248287721e+02 4.310000029770764741e+03
8.542373474248288403e+02 4.302300029770764922e+03
8.443373474248288630e+02 4.241800029770764922e+03
