4.187101947126800496e+02 5.652824568624347194e+03
4.242101947126800496e+02 5.640724568624346830e+03
4.308101947126800724e+02 5.634124568624347376e+03
4.704101947126800951e+02 5.617624568624347376e+03
4.847101947126800496e+02 5.615424568624346648e+03
4.924101947126800951e+02 5.614324568624347194e+03
5.034101947126800951e+02 5.614324568624347194e+03
5.056101947126800837e+02 5.616524568624347012e+03
5.111101947126800837e+02 5.624224568624346830e+03
5.122101947126800496e+02 5.626424568624346648e+03
5.155101947126801178e+02 5.634124568624347376e+03
5.166101947126800269e+02 5.637424568624346648e+03
5.177101947126800496e+02 5.651724568624346830e+03
5.177101947126800496e+02 5.663824568624347194e+03
5.034101947126800951e+02 5.683624568624347376e+03
4.902101947126800496e+02 5.701224568624346830e+03
4.880101947126800610e+02 5.703424568624346648e+03
4.660101947126800610e+02 5.719924568624346648e+03
4.528101947126800724e+02 5.719924568624346648e+03
4.198101947126800724e+02 5.702324568624347194e+03
4.187101947126800496e+02 5.701224568624346830e+03
4.143101947126800724e+02 5.694624568624347376e+03
4.143101947126800724e+02 5.682524568624347012e+03
4.165101947126800610e+02 5.667124568624347376e+03
4.187101947126800496e+02 5.652824568624347194e+03
