1.135147266881028827e+03 1.408263585209003168e+03
1.190147266881029054e+03 1.391763585209003168e+03
1.201147266881029054e+03 1.391763585209003168e+03
1.216547266881028918e+03 1.440163585209003259e+03
1.216547266881028918e+03 1.464363585209003304e+03
1.197847266881028872e+03 1.472063585209003122e+03
1.191247266881028963e+03 1.474263585209003168e+03
1.172547266881028918e+03 1.474263585209003168e+03
1.160447266881029009e+03 1.468763585209003168e+03
1.154947266881029009e+03 1.465463585209003213e+03
1.148347266881028872e+03 1.461063585209003122e+03
1.135147266881028827e+03 1.440163585209003259e+03
1.135147266881028827e+03 1.408263585209003168e+03
