1.676659557603686608e+03 5.825352073732718736e+02
1.677759557603686517e+03 5.792352073732719191e+02
1.689859557603686653e+03 5.561352073732718964e+02
1.700859557603686653e+03 5.473352073732718281e+02
1.711859557603686653e+03 5.473352073732718281e+02
1.737159557603686608e+03 5.517352073732719191e+02
1.763559557603686699e+03 5.957352073732719191e+02
1.763559557603686699e+03 6.265352073732718736e+02
1.711859557603686653e+03 6.419352073732718509e+02
1.661259557603686517e+03 6.419352073732718509e+02
1.661259557603686517e+03 6.397352073732719191e+02
1.676659557603686608e+03 5.825352073732718736e+02
