8.972116998537518384e+02 7.295837597030036704e+03
8.972116998537518384e+02 7.283737597030037250e+03
9.027116998537518384e+02 7.271637597030036886e+03
9.038116998537518612e+02 7.269437597030037068e+03
9.060116998537517929e+02 7.267237597030037250e+03
9.181116998537518157e+02 7.258437597030037068e+03
9.665116998537517929e+02 7.258437597030037068e+03
1.025911699853751770e+03 7.273837597030036704e+03
1.031411699853751770e+03 7.278237597030037250e+03
1.035811699853751861e+03 7.320037597030037432e+03
9.665116998537517929e+02 7.370637597030036886e+03
9.390116998537517929e+02 7.370637597030036886e+03
9.357116998537518384e+02 7.367337597030037614e+03
9.236116998537518157e+02 7.351937597030037068e+03
9.192116998537518384e+02 7.345337597030036704e+03
9.005116998537517929e+02 7.312337597030037614e+03
8.972116998537518384e+02 7.295837597030036704e+03
