7.845353536489374164e+02 7.072633295850669128e+03
7.845353536489374164e+02 7.056133295850669128e+03
7.856353536489373255e+02 7.049533295850668765e+03
7.867353536489373482e+02 7.046233295850668583e+03
7.889353536489373937e+02 7.040733295850668583e+03
7.922353536489373482e+02 7.037433295850669310e+03
8.043353536489373710e+02 7.026433295850669310e+03
8.142353536489373482e+02 7.018733295850668583e+03
8.175353536489374164e+02 7.017633295850669128e+03
8.296353536489373255e+02 7.017633295850669128e+03
8.417353536489373482e+02 7.020933295850669310e+03
8.450353536489374164e+02 7.022033295850668765e+03
8.538353536489373710e+02 7.025333295850668947e+03
8.560353536489374164e+02 7.026433295850669310e+03
8.978353536489373710e+02 7.049533295850668765e+03
8.989353536489373937e+02 7.050633295850669128e+03
9.088353536489373710e+02 7.068233295850668583e+03
9.088353536489373710e+02 7.084733295850668583e+03
9.077353536489373482e+02 7.100133295850669128e+03
8.978353536489373710e+02 7.112233295850668583e+03
8.923353536489373710e+02 7.118833295850668947e+03
8.912353536489373482e+02 7.119933295850669310e+03
8.736353536489373255e+02 7.128733295850669492e+03
8.703353536489373710e+02 7.129833295850668947e+03
8.527353536489373482e+02 7.130933295850669310e+03
8.362353536489373482e+02 7.130933295850669310e+03
8.296353536489373255e+02 7.128733295850669492e+03
8.175353536489374164e+02 7.123233295850669492e+03
7.999353536489373937e+02 7.114433295850669310e+03
7.911353536489373255e+02 7.094633295850669128e+03
7.889353536489373937e+02 7.088033295850668765e+03
7.856353536489373255e+02 7.077033295850668765e+03
7.845353536489374164e+02 7.072633295850669128e+03
