3.392324830188679243e+02 6.246927683018868265e+03
3.997324830188679243e+02 6.186427683018868265e+03
4.558324830188679471e+02 6.186427683018868265e+03
4.624324830188679130e+02 6.191927683018868265e+03
5.020324830188679357e+02 6.227127683018868083e+03
5.163324830188679471e+02 6.241427683018868265e+03
5.163324830188679471e+02 6.273327683018867901e+03
4.734324830188679130e+02 6.316227683018867538e+03
4.503324830188679471e+02 6.320627683018868083e+03
3.997324830188679243e+02 6.320627683018868083e+03
3.260324830188679357e+02 6.278827683018867901e+03
3.260324830188679357e+02 6.273327683018867901e+03
3.392324830188679243e+02 6.246927683018868265e+03
