8.647291498470948454e+02 3.703631266055045671e+03
8.647291498470948454e+02 3.683831266055045944e+03
8.658291498470947545e+02 3.675031266055045762e+03
8.680291498470948000e+02 3.672831266055045944e+03
8.713291498470947545e+02 3.670631266055045671e+03
8.834291498470947772e+02 3.664031266055045762e+03
9.032291498470948454e+02 3.655231266055046035e+03
9.142291498470948454e+02 3.655231266055046035e+03
9.560291498470948000e+02 3.665131266055045671e+03
9.593291498470947545e+02 3.666231266055046035e+03
9.670291498470948000e+02 3.671731266055046035e+03
9.681291498470948227e+02 3.672831266055045944e+03
9.736291498470948227e+02 3.679431266055045853e+03
9.846291498470948227e+02 3.698131266055045671e+03
9.846291498470948227e+02 3.709131266055045671e+03
9.835291498470948000e+02 3.717931266055045853e+03
9.703291498470947545e+02 3.744331266055045944e+03
9.593291498470947545e+02 3.754231266055046035e+03
9.549291498470947772e+02 3.756431266055045853e+03
9.483291498470947545e+02 3.758631266055045671e+03
9.373291498470947545e+02 3.759731266055046035e+03
9.175291498470948000e+02 3.759731266055046035e+03
9.131291498470948227e+02 3.758631266055045671e+03
8.955291498470948000e+02 3.753131266055045671e+03
8.922291498470948454e+02 3.752031266055045762e+03
8.801291498470948227e+02 3.742131266055045671e+03
8.790291498470948000e+02 3.741031266055045762e+03
8.713291498470947545e+02 3.732231266055046035e+03
8.702291498470948454e+02 3.730031266055045762e+03
8.680291498470948000e+02 3.722331266055045944e+03
8.647291498470948454e+02 3.703631266055045671e+03
