7.466303953572719365e+00 3.037667918026840653e+03
1.296630395357271937e+01 3.034367918026840925e+03
1.516630395357272221e+01 3.033267918026840562e+03
3.056630395357272079e+01 3.026667918026840653e+03
3.606630395357272079e+01 3.024467918026840835e+03
3.936630395357272505e+01 3.023367918026840925e+03
5.366630395357272221e+01 3.023367918026840925e+03
1.075663039535727279e+02 3.027767918026840562e+03
1.075663039535727279e+02 3.066267918026841016e+03
5.366630395357272221e+01 3.122367918026840925e+03
4.486630395357272505e+01 3.131167918026840653e+03
4.266630395357272221e+01 3.131167918026840653e+03
7.466303953572719365e+00 3.066267918026841016e+03
7.466303953572719365e+00 3.037667918026840653e+03
