6.163302927231499098e+02 3.904114996907854220e+03
6.196302927231498643e+02 3.892014996907853856e+03
6.240302927231498415e+02 3.882114996907854220e+03
6.405302927231498415e+02 3.855714996907854129e+03
6.603302927231499098e+02 3.841414996907853947e+03
6.636302927231498643e+02 3.840314996907854038e+03
6.867302927231498870e+02 3.840314996907854038e+03
6.966302927231498643e+02 3.842514996907853856e+03
7.428302927231499098e+02 3.909614996907854220e+03
7.428302927231499098e+02 3.926114996907854220e+03
6.647302927231498870e+02 3.986614996907854220e+03
6.559302927231498188e+02 3.992114996907854220e+03
6.493302927231499098e+02 3.993214996907854129e+03
6.372302927231498870e+02 3.993214996907854129e+03
6.240302927231498415e+02 3.983314996907854038e+03
6.229302927231498188e+02 3.982214996907854129e+03
6.163302927231499098e+02 3.916214996907854129e+03
6.163302927231499098e+02 3.904114996907854220e+03
