1.605403630835270860e+03 1.465249508138079136e+03
1.637303630835270951e+03 1.433349508138079045e+03
1.663703630835271042e+03 1.433349508138079045e+03
1.705503630835270997e+03 1.442149508138079000e+03
1.716503630835270997e+03 1.453149508138079000e+03
1.734103630835270906e+03 1.491649508138079000e+03
1.737403630835271088e+03 1.501549508138079091e+03
1.737403630835271088e+03 1.503749508138079136e+03
1.730803630835270951e+03 1.509249508138079136e+03
1.665903630835271088e+03 1.509249508138079136e+03
1.640603630835270906e+03 1.504849508138079045e+03
1.608703630835271042e+03 1.491649508138079000e+03
1.605403630835270860e+03 1.488349508138079045e+03
1.605403630835270860e+03 1.465249508138079136e+03
