1.646691863050244592e+03 5.228825878168074269e+03
1.662091863050244456e+03 5.228825878168074269e+03
1.666491863050244547e+03 5.231025878168074996e+03
1.682991863050244547e+03 5.242025878168074996e+03
1.688491863050244547e+03 5.246425878168074632e+03
1.701691863050244592e+03 5.259625878168074451e+03
1.703891863050244638e+03 5.264025878168074996e+03
1.711591863050244456e+03 5.293725878168074814e+03
1.711591863050244456e+03 5.305825878168074269e+03
1.708291863050244501e+03 5.319025878168074996e+03
1.700591863050244456e+03 5.334425878168074632e+03
1.699491863050244547e+03 5.335525878168074996e+03
1.697291863050244501e+03 5.336625878168074451e+03
1.659891863050244638e+03 5.336625878168074451e+03
1.582891863050244638e+03 5.299225878168074814e+03
1.646691863050244592e+03 5.228825878168074269e+03
