1.461678137200223091e+03 7.273279419966536807e+03
1.473778137200223000e+03 7.216079419966536079e+03
1.503478137200223046e+03 7.207279419966536807e+03
1.533178137200223091e+03 7.207279419966536807e+03
1.534278137200223000e+03 7.208379419966536261e+03
1.567278137200223000e+03 7.279879419966536261e+03
1.567278137200223000e+03 7.300779419966536807e+03
1.557378137200223136e+03 7.330479419966536625e+03
1.556278137200223000e+03 7.331579419966536079e+03
1.528778137200223000e+03 7.357979419966536625e+03
1.492478137200223046e+03 7.384379419966536261e+03
1.490278137200223000e+03 7.384379419966536261e+03
1.464978137200223046e+03 7.359079419966536079e+03
1.459478137200223046e+03 7.328279419966536807e+03
1.459478137200223046e+03 7.302979419966536625e+03
1.461678137200223091e+03 7.273279419966536807e+03
