1.206093696120689629e+03 1.009307974137931069e+03
1.206093696120689629e+03 9.928079741379310690e+02
1.234693696120689538e+03 9.807079741379310462e+02
1.250093696120689629e+03 9.807079741379310462e+02
1.261093696120689629e+03 9.818079741379310690e+02
1.268793696120689674e+03 9.851079741379310235e+02
1.281993696120689719e+03 9.950079741379310008e+02
1.281993696120689719e+03 1.052207974137930933e+03
1.274293696120689674e+03 1.054407974137930978e+03
1.232493696120689719e+03 1.056607974137931024e+03
1.230293696120689674e+03 1.056607974137931024e+03
1.206093696120689629e+03 1.009307974137931069e+03
