5.355639548121552025e+02 4.351172107890358348e+03
5.377639548121551343e+02 4.343472107890358529e+03
5.388639548121551570e+02 4.340172107890358348e+03
5.454639548121551798e+02 4.324772107890357802e+03
5.476639548121552252e+02 4.322572107890357984e+03
5.586639548121552252e+02 4.313772107890357802e+03
5.608639548121551570e+02 4.312672107890358348e+03
5.960639548121552025e+02 4.296172107890358348e+03
6.147639548121551343e+02 4.296172107890358348e+03
6.334639548121551798e+02 4.297272107890357802e+03
6.433639548121551570e+02 4.300572107890357984e+03
6.521639548121552252e+02 4.303872107890358166e+03
6.543639548121551570e+02 4.304972107890358529e+03
6.741639548121552252e+02 4.319272107890357802e+03
6.752639548121551343e+02 4.320372107890358166e+03
6.752639548121551343e+02 4.330272107890357802e+03
6.576639548121552252e+02 4.417172107890358348e+03
6.037639548121551343e+02 4.436972107890358529e+03
5.861639548121552252e+02 4.436972107890358529e+03
5.652639548121551343e+02 4.411672107890358348e+03
5.597639548121551343e+02 4.402872107890358166e+03
5.355639548121552025e+02 4.362172107890358348e+03
5.355639548121552025e+02 4.351172107890358348e+03
