1.217809072285630691e+03 1.480571144278606880e+03
1.260709072285630555e+03 1.450871144278607062e+03
1.291509072285630737e+03 1.443171144278607017e+03
1.319009072285630737e+03 1.443171144278607017e+03
1.336609072285630646e+03 1.456371144278607062e+03
1.337709072285630782e+03 1.457471144278606971e+03
1.353109072285630646e+03 1.477271144278606926e+03
1.353109072285630646e+03 1.508071144278606880e+03
1.295909072285630600e+03 1.520171144278607017e+03
1.244209072285630555e+03 1.520171144278607017e+03
1.226609072285630646e+03 1.519071144278606880e+03
1.223309072285630691e+03 1.516871144278607062e+03
1.215609072285630646e+03 1.509171144278607017e+03
1.215609072285630646e+03 1.495971144278606971e+03
1.217809072285630691e+03 1.480571144278606880e+03
