7.459905544651619493e+02 3.552949116781157954e+03
7.459905544651619493e+02 3.551849116781158045e+03
7.899905544651619493e+02 3.501249116781158136e+03
7.965905544651619721e+02 3.495749116781158136e+03
8.240905544651619721e+02 3.473749116781158136e+03
8.944905544651619493e+02 3.562849116781158045e+03
8.944905544651619493e+02 3.565049116781157863e+03
8.933905544651619266e+02 3.576049116781157863e+03
8.922905544651619039e+02 3.578249116781158136e+03
8.779905544651619493e+02 3.594749116781158136e+03
8.746905544651618811e+02 3.598049116781157863e+03
8.702905544651619039e+02 3.600249116781158136e+03
8.669905544651619493e+02 3.601349116781158045e+03
8.405905544651619721e+02 3.603549116781157863e+03
8.240905544651619721e+02 3.603549116781157863e+03
8.042905544651619039e+02 3.598049116781157863e+03
7.954905544651619493e+02 3.593649116781158227e+03
7.899905544651619493e+02 3.590349116781158045e+03
7.866905544651618811e+02 3.588149116781158227e+03
7.459905544651619493e+02 3.552949116781157954e+03
