8.508649651730949017e+02 6.634349890841043816e+03
9.531649651730949699e+02 6.634349890841043816e+03
9.960649651730949472e+02 6.665149890841043998e+03
1.007064965173094947e+03 6.683849890841043816e+03
1.007064965173094947e+03 6.727849890841043816e+03
1.004864965173094902e+03 6.733349890841043816e+03
9.982649651730948790e+02 6.744349890841043816e+03
9.949649651730949245e+02 6.747649890841043998e+03
9.905649651730949472e+02 6.748749890841043452e+03
9.773649651730949017e+02 6.748749890841043452e+03
9.663649651730949017e+02 6.747649890841043998e+03
9.454649651730949245e+02 6.742149890841043998e+03
9.333649651730949017e+02 6.734449890841044180e+03
8.739649651730949245e+02 6.694849890841043816e+03
8.728649651730949017e+02 6.693749890841043452e+03
8.508649651730949017e+02 6.634349890841043816e+03
