7.656365553425487178e+02 7.417207617798405408e+03
7.920365553425486951e+02 7.376507617798405590e+03
8.217365553425486269e+02 7.362207617798405408e+03
8.382365553425487406e+02 7.362207617798405408e+03
8.459365553425486723e+02 7.364407617798406136e+03
8.470365553425486951e+02 7.365507617798405590e+03
8.558365553425486496e+02 7.380907617798406136e+03
8.668365553425486496e+02 7.402907617798406136e+03
8.701365553425487178e+02 7.412807617798405772e+03
8.734365553425486723e+02 7.445807617798405772e+03
8.734365553425486723e+02 7.446907617798406136e+03
8.140365553425486951e+02 7.506307617798405772e+03
7.634365553425486723e+02 7.506307617798405772e+03
7.546365553425487178e+02 7.467807617798405772e+03
7.546365553425487178e+02 7.454607617798405954e+03
7.568365553425486496e+02 7.445807617798405772e+03
7.656365553425487178e+02 7.417207617798405408e+03
