1.787485502866076104e+03 2.042289390307451868e+03
1.798485502866076104e+03 1.999389390307451777e+03
1.806185502866076149e+03 1.983989390307451686e+03
1.813885502866075967e+03 1.978489390307451686e+03
1.817185502866076149e+03 1.976289390307451868e+03
1.819385502866075967e+03 1.975189390307451731e+03
1.835885502866075967e+03 1.975189390307451731e+03
1.844685502866076149e+03 1.979589390307451822e+03
1.855685502866076149e+03 1.989489390307451686e+03
1.864485502866076104e+03 2.000489390307451686e+03
1.874385502866076195e+03 2.015889390307451777e+03
1.874385502866076195e+03 2.040089390307451822e+03
1.873285502866076058e+03 2.048889390307451777e+03
1.863385502866075967e+03 2.107189390307451959e+03
1.825985502866076104e+03 2.144589390307451595e+03
1.800685502866076149e+03 2.144589390307451595e+03
1.774285502866076058e+03 2.118189390307451959e+03
1.774285502866076058e+03 2.117089390307451595e+03
1.787485502866076104e+03 2.042289390307451868e+03
