5.168395209580837673e+02 8.303928385165152577e+03
5.168395209580837673e+02 8.288528385165152940e+03
5.179395209580837900e+02 8.286328385165154032e+03
5.190395209580838127e+02 8.285228385165153668e+03
5.553395209580838809e+02 8.257728385165153668e+03
5.817395209580838582e+02 8.237928385165152577e+03
6.125395209580838127e+02 8.237928385165152577e+03
6.884395209580839037e+02 8.281928385165152577e+03
6.895395209580838127e+02 8.283028385165152940e+03
6.895395209580838127e+02 8.288528385165152940e+03
6.664395209580837900e+02 8.349028385165152940e+03
6.477395209580838582e+02 8.372128385165153304e+03
6.455395209580838127e+02 8.374328385165154032e+03
6.125395209580838127e+02 8.374328385165154032e+03
5.168395209580837673e+02 8.303928385165152577e+03
