1.677846645367412066e+03 2.112713722805416182e+03
1.743846645367412066e+03 2.133613722805416273e+03
1.746046645367412111e+03 2.134713722805416182e+03
1.751546645367412111e+03 2.140213722805416182e+03
1.754846645367412066e+03 2.144613722805416273e+03
1.764746645367412157e+03 2.168813722805416091e+03
1.764746645367412157e+03 2.174313722805416091e+03
1.740546645367412111e+03 2.198513722805415910e+03
1.699846645367412066e+03 2.218313722805416091e+03
1.673446645367412202e+03 2.218313722805416091e+03
1.640446645367412202e+03 2.191913722805416000e+03
1.640446645367412202e+03 2.174313722805416091e+03
1.677846645367412066e+03 2.112713722805416182e+03
