1.668683888691953143e+03 6.904669106699751865e+03
1.668683888691953143e+03 6.890369106699751683e+03
1.671983888691953098e+03 6.874969106699752047e+03
1.674183888691953143e+03 6.872769106699752228e+03
1.678583888691953234e+03 6.870569106699751501e+03
1.685183888691953143e+03 6.868369106699751683e+03
1.722583888691953234e+03 6.868369106699751683e+03
1.732483888691953325e+03 6.870569106699751501e+03
1.745683888691953143e+03 6.874969106699752047e+03
1.758883888691953189e+03 6.881569106699751501e+03
1.761083888691953234e+03 6.883769106699752228e+03
1.763283888691953280e+03 6.890369106699751683e+03
1.764383888691953189e+03 6.895869106699751683e+03
1.764383888691953189e+03 6.921169106699751865e+03
1.758883888691953189e+03 6.931069106699751501e+03
1.754483888691953325e+03 6.937669106699751865e+03
1.751183888691953143e+03 6.940969106699752047e+03
1.741283888691953280e+03 6.946469106699752047e+03
1.729183888691953143e+03 6.950869106699751683e+03
1.723683888691953143e+03 6.951969106699752047e+03
1.707183888691953143e+03 6.951969106699752047e+03
1.697283888691953280e+03 6.950869106699751683e+03
1.692883888691953189e+03 6.948669106699751865e+03
1.681883888691953189e+03 6.940969106699752047e+03
1.679683888691953143e+03 6.938769106699752228e+03
1.673083888691953234e+03 6.921169106699751865e+03
1.668683888691953143e+03 6.904669106699751865e+03
