6.696895502645502347e+02 5.148942096560846949e+03
7.158895502645502802e+02 5.103842096560846585e+03
7.433895502645502802e+02 5.103842096560846585e+03
7.554895502645503029e+02 5.131342096560846585e+03
7.664895502645503029e+02 5.169842096560846585e+03
7.664895502645503029e+02 5.180842096560846585e+03
7.642895502645502575e+02 5.189642096560846767e+03
7.158895502645502802e+02 5.216042096560846403e+03
6.971895502645502347e+02 5.216042096560846403e+03
6.740895502645503257e+02 5.195142096560846767e+03
6.696895502645502347e+02 5.166542096560846403e+03
6.696895502645502347e+02 5.148942096560846949e+03
