5.736138161171431875e+02 6.740653830062755333e+03
6.363138161171431193e+02 6.677953830062755515e+03
6.748138161171431193e+02 6.677953830062755515e+03
6.902138161171430966e+02 6.740653830062755333e+03
6.902138161171430966e+02 6.830853830062755151e+03
6.880138161171431648e+02 6.833053830062754969e+03
6.748138161171431193e+02 6.838553830062754969e+03
6.627138161171430966e+02 6.838553830062754969e+03
6.605138161171431648e+02 6.837453830062755515e+03
6.363138161171431193e+02 6.820953830062755515e+03
5.736138161171431875e+02 6.764853830062755151e+03
5.736138161171431875e+02 6.740653830062755333e+03
