3.486599055613851306e+02 4.468797460650576795e+03
3.475599055613851078e+02 4.463297460650576795e+03
3.475599055613851078e+02 4.452297460650576795e+03
3.574599055613850851e+02 4.435797460650576795e+03
4.234599055613850851e+02 4.420397460650577159e+03
4.641599055613851306e+02 4.420397460650577159e+03
4.751599055613851306e+02 4.431397460650577159e+03
5.169599055613850851e+02 4.489697460650577341e+03
5.169599055613850851e+02 4.503997460650577523e+03
5.103599055613851192e+02 4.514997460650577523e+03
5.092599055613850965e+02 4.516097460650576977e+03
5.070599055613851078e+02 4.517197460650577341e+03
4.069599055613850851e+02 4.520497460650577523e+03
3.926599055613851306e+02 4.520497460650577523e+03
3.893599055613851192e+02 4.519397460650577159e+03
3.816599055613850737e+02 4.514997460650577523e+03
3.717599055613850965e+02 4.506197460650577341e+03
3.706599055613850737e+02 4.505097460650576977e+03
3.684599055613850851e+02 4.501797460650576795e+03
3.541599055613851306e+02 4.479797460650576795e+03
3.486599055613851306e+02 4.468797460650576795e+03
