1.183977768595041198e+03 3.298700413223140458e+03
1.193877768595041289e+03 3.255800413223140367e+03
1.194977768595041198e+03 3.252500413223140640e+03
1.196077768595041334e+03 3.250300413223140367e+03
1.197177768595041243e+03 3.249200413223140458e+03
1.199377768595041289e+03 3.248100413223140549e+03
1.227977768595041198e+03 3.243700413223140458e+03
1.248877768595041289e+03 3.243700413223140458e+03
1.260977768595041198e+03 3.250300413223140367e+03
1.260977768595041198e+03 3.316300413223140367e+03
1.254377768595041289e+03 3.405400413223140731e+03
1.251077768595041334e+03 3.408700413223140458e+03
1.249977768595041198e+03 3.408700413223140458e+03
1.210377768595041289e+03 3.395500413223140640e+03
1.183977768595041198e+03 3.316300413223140367e+03
1.183977768595041198e+03 3.298700413223140458e+03
