8.722719564771093701e+02 2.069956107575446367e+03
8.722719564771093701e+02 2.053456107575446367e+03
8.755719564771094383e+02 2.047956107575446595e+03
9.239719564771094156e+02 2.047956107575446595e+03
9.800719564771094383e+02 2.063356107575446458e+03
9.811719564771094610e+02 2.068856107575446458e+03
9.811719564771094610e+02 2.087556107575446731e+03
9.767719564771094838e+02 2.098556107575446731e+03
9.756719564771094610e+02 2.100756107575446549e+03
9.712719564771094838e+02 2.106256107575446549e+03
9.668719564771093928e+02 2.110656107575446640e+03
9.646719564771094610e+02 2.111756107575446549e+03
9.536719564771094610e+02 2.113956107575446367e+03
9.316719564771094610e+02 2.113956107575446367e+03
9.096719564771094610e+02 2.111756107575446549e+03
9.008719564771093928e+02 2.109556107575446731e+03
8.975719564771094383e+02 2.108456107575446367e+03
8.953719564771093928e+02 2.107356107575446458e+03
8.788719564771093928e+02 2.097456107575446367e+03
8.733719564771093928e+02 2.093056107575446731e+03
8.722719564771093701e+02 2.069956107575446367e+03
