5.282837862993299041e+02 6.037605174981385062e+03
5.348837862993298131e+02 6.035405174981385244e+03
5.447837862993299041e+02 6.035405174981385244e+03
5.579837862993298359e+02 6.036505174981384698e+03
5.623837862993298131e+02 6.037605174981385062e+03
5.733837862993298131e+02 6.042005174981384698e+03
5.832837862993299041e+02 6.048605174981385062e+03
5.887837862993299041e+02 6.053005174981384698e+03
5.898837862993298131e+02 6.054105174981385062e+03
6.041837862993298813e+02 6.073905174981385244e+03
6.107837862993299041e+02 6.083805174981384880e+03
6.118837862993298131e+02 6.086005174981384698e+03
6.217837862993299041e+02 6.130005174981384698e+03
5.480837862993298586e+02 6.130005174981384698e+03
5.282837862993299041e+02 6.092605174981385062e+03
5.282837862993299041e+02 6.037605174981385062e+03
