1.797846574642126825e+03 4.184273888036809694e+03
1.800046574642126870e+03 4.175473888036809512e+03
1.804446574642126734e+03 4.171073888036809876e+03
1.819846574642126825e+03 4.161173888036810240e+03
1.830846574642126825e+03 4.161173888036810240e+03
1.840746574642126689e+03 4.162273888036809694e+03
1.848446574642126734e+03 4.163373888036810058e+03
1.873746574642126689e+03 4.209573888036809876e+03
1.873746574642126689e+03 4.290973888036809512e+03
1.853946574642126734e+03 4.298673888036810240e+03
1.850646574642126780e+03 4.299773888036809694e+03
1.805546574642126870e+03 4.299773888036809694e+03
1.803346574642126825e+03 4.298673888036810240e+03
1.801146574642126780e+03 4.296473888036809512e+03
1.792346574642126825e+03 4.266773888036809694e+03
1.790146574642126780e+03 4.252473888036809512e+03
1.790146574642126780e+03 4.237073888036809876e+03
1.797846574642126825e+03 4.184273888036809694e+03
