5.161909805389221901e+02 5.239346032934131472e+03
5.161909805389221901e+02 5.233846032934131472e+03
5.524909805389221447e+02 5.194246032934132018e+03
5.810909805389221674e+02 5.182146032934131654e+03
6.118909805389221219e+02 5.248146032934131654e+03
6.118909805389221219e+02 5.286646032934131654e+03
6.041909805389221901e+02 5.294346032934131472e+03
5.821909805389221901e+02 5.299846032934131472e+03
5.810909805389221674e+02 5.299846032934131472e+03
5.612909805389220992e+02 5.289946032934131836e+03
5.491909805389221901e+02 5.282246032934132018e+03
5.381909805389221901e+02 5.271246032934132018e+03
5.348909805389221219e+02 5.266846032934131472e+03
5.161909805389221901e+02 5.239346032934131472e+03
