9.227581589016430144e+02 5.508785966689173620e+03
9.634581589016430598e+02 5.464785966689173620e+03
9.656581589016429916e+02 5.463685966689174165e+03
9.744581589016430598e+02 5.462585966689173802e+03
9.865581589016430826e+02 5.461485966689174347e+03
9.975581589016430826e+02 5.461485966689174347e+03
1.015158158901642992e+03 5.465885966689173983e+03
1.017358158901643037e+03 5.466985966689174347e+03
1.026158158901642992e+03 5.473585966689173802e+03
1.033858158901643037e+03 5.484585966689173802e+03
1.034958158901642946e+03 5.486785966689173620e+03
1.034958158901642946e+03 5.498885966689173983e+03
1.032758158901643128e+03 5.540685966689174165e+03
1.016258158901643014e+03 5.567085966689173802e+03
1.005258158901643014e+03 5.582485966689174347e+03
9.942581589016430144e+02 5.584685966689174165e+03
9.711581589016429916e+02 5.584685966689174165e+03
9.656581589016429916e+02 5.582485966689174347e+03
9.513581589016430371e+02 5.573685966689174165e+03
9.326581589016429916e+02 5.558285966689173620e+03
9.172581589016430144e+02 5.542885966689173983e+03
9.183581589016430371e+02 5.523085966689173802e+03
9.227581589016430144e+02 5.508785966689173620e+03
