1.730886058032554729e+03 8.198727565463552310e+03
1.750686058032554911e+03 8.149227565463552310e+03
1.753986058032554865e+03 8.149227565463552310e+03
1.824386058032554956e+03 8.191027565463552492e+03
1.832086058032554774e+03 8.198727565463552310e+03
1.832086058032554774e+03 8.220727565463552310e+03
1.818886058032554956e+03 8.239427565463553037e+03
1.815586058032554774e+03 8.242727565463552310e+03
1.797986058032554865e+03 8.249327565463552673e+03
1.791386058032554956e+03 8.251527565463553401e+03
1.781486058032554865e+03 8.252627565463551946e+03
1.764986058032554865e+03 8.252627565463551946e+03
1.736386058032554956e+03 8.250427565463553037e+03
1.730886058032554729e+03 8.249327565463552673e+03
1.730886058032554729e+03 8.198727565463552310e+03
