8.196129747175900775e+02 4.601699688004303425e+03
8.779129747175901457e+02 4.597299688004303789e+03
9.032129747175901002e+02 4.597299688004303789e+03
9.164129747175901457e+02 4.598399688004303243e+03
9.384129747175901457e+02 4.609399688004303243e+03
9.406129747175900775e+02 4.612699688004303425e+03
9.406129747175900775e+02 4.656699688004303425e+03
9.208129747175901230e+02 4.698499688004303607e+03
8.955129747175900548e+02 4.705099688004303061e+03
8.284129747175901457e+02 4.705099688004303061e+03
8.240129747175900548e+02 4.697399688004303243e+03
8.174129747175901457e+02 4.658899688004303243e+03
8.174129747175901457e+02 4.656699688004303425e+03
8.196129747175900775e+02 4.601699688004303425e+03
