1.275853812893081795e+03 8.180737106918239078e+03
1.297853812893081795e+03 8.160937106918238896e+03
1.301153812893081749e+03 8.158737106918239078e+03
1.315453812893081704e+03 8.149937106918238896e+03
1.333053812893081840e+03 8.141137106918238715e+03
1.338553812893081840e+03 8.138937106918238896e+03
1.342953812893081704e+03 8.234637106918238715e+03
1.342953812893081704e+03 8.239037106918238351e+03
1.309953812893081704e+03 8.269837106918239442e+03
1.306653812893081749e+03 8.269837106918239442e+03
1.275853812893081795e+03 8.234637106918238715e+03
1.275853812893081795e+03 8.180737106918239078e+03
