1.448047229313710886e+03 3.542366946989037388e+03
1.478847229313710841e+03 3.518166946989037569e+03
1.518447229313710750e+03 3.511566946989037206e+03
1.563547229313710886e+03 3.511566946989037206e+03
1.563547229313710886e+03 3.555566946989037206e+03
1.532747229313710704e+03 3.642466946989037297e+03
1.520647229313710795e+03 3.639166946989037569e+03
1.518447229313710750e+03 3.636966946989037297e+03
1.448047229313710886e+03 3.563266946989037478e+03
1.448047229313710886e+03 3.542366946989037388e+03
