2.480380250000000046e+02 6.167399999999997107e+00
2.480380250000000046e+02 -2.632600000000003604e+00
3.382380249999999933e+02 -2.632600000000003604e+00
3.393380250000000160e+02 -1.532600000000002183e+00
3.415380250000000046e+02 5.067399999999999238e+00
3.415380250000000046e+02 1.496739999999999959e+01
3.151380250000000274e+02 6.556740000000000634e+01
2.788380250000000160e+02 6.556740000000000634e+01
2.524380249999999819e+02 3.916740000000000066e+01
2.480380250000000046e+02 6.167399999999997107e+00
