1.723016976883818643e+03 1.833107700390273294e+03
1.724116976883818552e+03 1.832007700390273158e+03
1.738416976883818734e+03 1.826507700390273158e+03
1.750516976883818643e+03 1.826507700390273158e+03
1.797816976883818597e+03 1.828707700390273203e+03
1.809916976883818734e+03 1.830907700390273249e+03
1.812116976883818779e+03 1.832007700390273158e+03
1.815416976883818734e+03 1.835307700390273112e+03
1.815416976883818734e+03 1.867207700390273203e+03
1.802216976883818688e+03 1.931007700390273158e+03
1.800016976883818643e+03 1.931007700390273158e+03
1.719716976883818688e+03 1.925507700390273158e+03
1.718616976883818552e+03 1.924407700390273249e+03
1.717516976883818643e+03 1.922207700390273203e+03
1.717516976883818643e+03 1.911207700390273203e+03
1.723016976883818643e+03 1.833107700390273294e+03
