1.405804726212783635e+03 2.736397813866333308e+03
1.413504726212783680e+03 2.739697813866333490e+03
1.463004726212783680e+03 2.772697813866333490e+03
1.466304726212783635e+03 2.775997813866333672e+03
1.476204726212783726e+03 2.793597813866333581e+03
1.476204726212783726e+03 2.803497813866333672e+03
1.472904726212783771e+03 2.819997813866333672e+03
1.470704726212783726e+03 2.823297813866333399e+03
1.458604726212783589e+03 2.833197813866333490e+03
1.435504726212783680e+03 2.836497813866333672e+03
1.423404726212783771e+03 2.836497813866333672e+03
1.386004726212783680e+03 2.834297813866333399e+03
1.386004726212783680e+03 2.806797813866333399e+03
1.405804726212783635e+03 2.736397813866333308e+03
