1.386937865911236941e+03 4.976278973874724215e+03
1.384737865911236895e+03 4.966378973874724579e+03
1.384737865911236895e+03 4.954278973874724215e+03
1.389137865911236986e+03 4.942178973874724761e+03
1.435337865911237031e+03 4.942178973874724761e+03
1.505737865911237122e+03 4.959778973874724215e+03
1.505737865911237122e+03 4.977378973874724579e+03
1.500237865911237122e+03 4.993878973874724579e+03
1.485937865911236941e+03 5.014778973874724215e+03
1.483737865911236895e+03 5.016978973874724943e+03
1.471637865911236986e+03 5.026878973874724579e+03
1.462837865911237031e+03 5.029078973874724397e+03
1.451837865911237031e+03 5.029078973874724397e+03
1.439737865911236895e+03 5.027978973874724943e+03
1.417737865911236895e+03 5.023578973874724397e+03
1.413337865911237031e+03 5.022478973874724943e+03
1.411137865911236986e+03 5.020278973874724215e+03
1.397937865911236941e+03 5.001578973874724397e+03
1.386937865911236941e+03 4.976278973874724215e+03
