8.914837689362410629e+02 9.105588813051440411e+02
9.035837689362410856e+02 9.006588813051439502e+02
9.090837689362410856e+02 8.973588813051439956e+02
9.112837689362410174e+02 8.962588813051439729e+02
9.255837689362410856e+02 8.896588813051439502e+02
9.376837689362409947e+02 8.896588813051439502e+02
9.530837689362410856e+02 8.907588813051439729e+02
9.629837689362410629e+02 8.940588813051440411e+02
9.673837689362410401e+02 8.962588813051439729e+02
9.684837689362410629e+02 8.973588813051439956e+02
9.805837689362410856e+02 9.105588813051440411e+02
9.838837689362410401e+02 9.171588813051439502e+02
9.838837689362410401e+02 9.468588813051439956e+02
9.816837689362409947e+02 9.644588813051440184e+02
9.761837689362409947e+02 9.754588813051440184e+02
9.717837689362410174e+02 9.820588813051440411e+02
9.695837689362410856e+02 9.842588813051439729e+02
9.662837689362410174e+02 9.864588813051440184e+02
9.640837689362410856e+02 9.875588813051440411e+02
9.541837689362411083e+02 9.919588813051440184e+02
9.244837689362410629e+02 9.919588813051440184e+02
8.914837689362410629e+02 9.380588813051440411e+02
8.914837689362410629e+02 9.105588813051440411e+02
