7.288801469462728164e+02 2.092081723557324494e+03
7.288801469462728164e+02 2.070081723557324494e+03
7.321801469462727709e+02 2.062381723557324221e+03
7.343801469462728164e+02 2.059081723557324494e+03
7.409801469462727255e+02 2.052481723557324131e+03
7.431801469462727709e+02 2.051381723557324221e+03
7.497801469462727937e+02 2.049181723557324403e+03
7.728801469462728164e+02 2.049181723557324403e+03
7.750801469462727482e+02 2.050281723557324312e+03
7.783801469462728164e+02 2.052481723557324131e+03
7.981801469462727709e+02 2.066781723557324312e+03
8.036801469462727709e+02 2.071181723557324403e+03
8.058801469462728164e+02 2.073381723557324221e+03
8.179801469462727255e+02 2.086581723557324494e+03
8.223801469462728164e+02 2.097581723557324494e+03
8.245801469462727482e+02 2.105281723557324312e+03
8.245801469462727482e+02 2.122881723557324221e+03
8.234801469462727255e+02 2.126181723557324403e+03
8.212801469462727937e+02 2.130581723557324494e+03
8.190801469462727482e+02 2.133881723557324221e+03
8.080801469462727482e+02 2.143781723557324312e+03
8.025801469462727482e+02 2.148181723557324403e+03
7.981801469462727709e+02 2.151481723557324585e+03
7.948801469462728164e+02 2.153681723557324403e+03
7.816801469462727709e+02 2.153681723557324403e+03
7.673801469462728164e+02 2.152581723557324494e+03
7.629801469462727255e+02 2.151481723557324585e+03
7.607801469462727937e+02 2.150381723557324221e+03
7.475801469462727482e+02 2.142681723557324403e+03
7.431801469462727709e+02 2.138281723557324312e+03
7.376801469462727709e+02 2.128381723557324221e+03
7.354801469462727255e+02 2.123981723557324585e+03
7.321801469462727709e+02 2.116281723557324312e+03
7.299801469462727255e+02 2.109681723557324403e+03
7.288801469462728164e+02 2.092081723557324494e+03
