6.839300032541490282e+02 2.290679189716889141e+03
6.850300032541490509e+02 2.285179189716889141e+03
7.004300032541490282e+02 2.269779189716889050e+03
7.521300032541490737e+02 2.249979189716888868e+03
7.851300032541490737e+02 2.249979189716888868e+03
8.643300032541490054e+02 2.266479189716888868e+03
8.731300032541490737e+02 2.274179189716889141e+03
8.731300032541490737e+02 2.299479189716888868e+03
8.720300032541490509e+02 2.302779189716889050e+03
8.698300032541490054e+02 2.304979189716888868e+03
8.533300032541490054e+02 2.317079189716889232e+03
7.686300032541490737e+02 2.377579189716889232e+03
7.521300032541490737e+02 2.377579189716889232e+03
6.971300032541490737e+02 2.334679189716889141e+03
6.905300032541490509e+02 2.328079189716889232e+03
6.839300032541490282e+02 2.313779189716889050e+03
6.839300032541490282e+02 2.290679189716889141e+03
