5.218871288921071709e+02 2.063479779145546672e+03
5.328871288921071709e+02 2.045879779145546763e+03
5.405871288921072164e+02 2.033779779145546627e+03
5.482871288921071482e+02 2.026079779145546809e+03
5.504871288921071937e+02 2.024979779145546672e+03
5.570871288921072164e+02 2.022779779145546627e+03
5.680871288921072164e+02 2.022779779145546627e+03
5.801871288921071255e+02 2.024979779145546672e+03
5.988871288921071709e+02 2.030479779145546672e+03
6.010871288921072164e+02 2.031579779145546809e+03
6.032871288921071482e+02 2.033779779145546627e+03
6.131871288921071255e+02 2.045879779145546763e+03
6.153871288921071709e+02 2.049179779145546490e+03
6.164871288921071937e+02 2.053579779145546581e+03
6.164871288921071937e+02 2.065679779145546490e+03
6.153871288921071709e+02 2.070079779145546581e+03
6.142871288921071482e+02 2.072279779145546854e+03
6.076871288921071255e+02 2.083279779145546854e+03
5.713871288921071709e+02 2.133879779145546763e+03
5.669871288921071937e+02 2.133879779145546763e+03
5.229871288921071937e+02 2.090979779145546672e+03
5.218871288921071709e+02 2.089879779145546763e+03
5.218871288921071709e+02 2.063479779145546672e+03
