1.076603106185002616e+03 5.092389874110564051e+03
1.089803106185002662e+03 5.080289874110563687e+03
1.092003106185002707e+03 5.079189874110563323e+03
1.123903106185002798e+03 5.073689874110563323e+03
1.140403106185002798e+03 5.073689874110563323e+03
1.153603106185002844e+03 5.074789874110563687e+03
1.155803106185002662e+03 5.075889874110564051e+03
1.169003106185002707e+03 5.084689874110563323e+03
1.172303106185002662e+03 5.087989874110563505e+03
1.177803106185002662e+03 5.094589874110563869e+03
1.180003106185002707e+03 5.101189874110563323e+03
1.180003106185002707e+03 5.116589874110563869e+03
1.178903106185002798e+03 5.130889874110564051e+03
1.174503106185002707e+03 5.140789874110563687e+03
1.166803106185002662e+03 5.152889874110564051e+03
1.165703106185002753e+03 5.153989874110563505e+03
1.151403106185002798e+03 5.162789874110563687e+03
1.116203106185002753e+03 5.181489874110563505e+03
1.061203106185002753e+03 5.126489874110563505e+03
1.076603106185002616e+03 5.092389874110564051e+03
