9.679069477823902616e+02 1.121461066200567984e+03
9.734069477823902616e+02 1.107161066200568030e+03
9.745069477823901707e+02 1.106061066200568121e+03
9.844069477823902616e+02 1.099461066200567984e+03
9.866069477823901934e+02 1.098361066200568075e+03
9.932069477823902162e+02 1.097261066200567939e+03
1.011906947782390262e+03 1.097261066200567939e+03
1.016306947782390239e+03 1.099461066200567984e+03
1.021806947782390239e+03 1.103861066200568075e+03
1.025106947782390307e+03 1.107161066200568030e+03
1.025106947782390307e+03 1.120361066200568075e+03
1.024006947782390171e+03 1.139061066200568121e+03
1.010806947782390239e+03 1.201761066200568166e+03
9.789069477823902616e+02 1.201761066200568166e+03
9.723069477823902389e+02 1.199561066200568121e+03
9.701069477823901934e+02 1.198461066200567984e+03
9.536069477823901934e+02 1.189661066200568030e+03
9.536069477823901934e+02 1.177561066200568121e+03
9.547069477823902162e+02 1.167661066200568030e+03
9.679069477823902616e+02 1.121461066200567984e+03
