-5.681634072814418346e+00 7.134118079925794518e+03
-2.381634072814406977e+00 7.123118079925794518e+03
4.218365927185587338e+00 7.102218079925793973e+03
9.718365927185587338e+00 7.093418079925793791e+03
1.191836592718559018e+01 7.090118079925794518e+03
1.961836592718558592e+01 7.080218079925793973e+03
2.291836592718559018e+01 7.076918079925793791e+03
2.511836592718558592e+01 7.075818079925794336e+03
4.381836592718558876e+01 7.074718079925793973e+03
5.371836592718558734e+01 7.074718079925793973e+03
7.571836592718558734e+01 7.075818079925794336e+03
8.891836592718559018e+01 7.080218079925793973e+03
1.032183659271856015e+02 7.086818079925794336e+03
1.791183659271856072e+02 7.140718079925793973e+03
1.791183659271856072e+02 7.151718079925793973e+03
1.780183659271855845e+02 7.155018079925794154e+03
1.494183659271856186e+02 7.196818079925794336e+03
4.271836592718558734e+01 7.222118079925794518e+03
3.061836592718558592e+01 7.222118079925794518e+03
1.851836592718558450e+01 7.214418079925793791e+03
-5.681634072814418346e+00 7.145118079925794518e+03
-5.681634072814418346e+00 7.134118079925794518e+03
