1.343110005293806125e+03 2.977930534674430874e+03
1.351910005293806307e+03 2.949330534674430965e+03
1.356310005293806171e+03 2.944930534674430874e+03
1.358510005293806216e+03 2.943830534674430965e+03
1.380510005293806216e+03 2.935030534674430783e+03
1.405810005293806171e+03 2.927330534674430965e+03
1.419010005293806216e+03 2.927330534674430965e+03
1.437710005293806262e+03 2.941630534674430692e+03
1.441010005293806216e+03 2.944930534674430874e+03
1.450910005293806307e+03 2.955930534674430874e+03
1.453110005293806353e+03 2.966930534674430874e+03
1.453110005293806353e+03 2.986730534674431055e+03
1.413510005293806216e+03 3.119830534674430965e+03
1.403610005293806353e+03 3.119830534674430965e+03
1.390410005293806307e+03 3.113230534674431055e+03
1.389310005293806171e+03 3.112130534674431146e+03
1.384910005293806307e+03 3.106630534674431146e+03
1.343110005293806125e+03 3.001030534674430783e+03
1.343110005293806125e+03 2.977930534674430874e+03
