1.038744276039987199e+03 1.396973411802644250e+03
1.050844276039987108e+03 1.409073411802644387e+03
1.061844276039987108e+03 1.450873411802644341e+03
1.061844276039987108e+03 1.481673411802644296e+03
1.056344276039987108e+03 1.484973411802644250e+03
1.011244276039987085e+03 1.502573411802644387e+03
9.628442760399871077e+02 1.506973411802644250e+03
9.485442760399870394e+02 1.506973411802644250e+03
9.430442760399871531e+02 1.482773411802644205e+03
9.430442760399871531e+02 1.468473411802644250e+03
1.038744276039987199e+03 1.396973411802644250e+03
