1.581248053961854566e+03 2.601151046673902783e+03
1.620848053961854475e+03 2.561551046673902874e+03
1.642848053961854475e+03 2.556051046673902874e+03
1.646148053961854657e+03 2.556051046673902874e+03
1.715448053961854612e+03 2.595651046673902783e+03
1.719848053961854475e+03 2.600051046673902874e+03
1.697848053961854475e+03 2.631951046673902965e+03
1.678048053961854521e+03 2.648451046673902965e+03
1.651648053961854657e+03 2.656151046673902783e+03
1.630748053961854566e+03 2.656151046673902783e+03
1.626348053961854475e+03 2.655051046673902874e+03
1.623048053961854521e+03 2.653951046673902965e+03
1.612048053961854521e+03 2.648451046673902965e+03
1.608748053961854566e+03 2.645151046673902783e+03
1.581248053961854566e+03 2.616551046673902874e+03
1.581248053961854566e+03 2.601151046673902783e+03
