3.940831926551162496e+02 7.858160847030949299e+03
4.050831926551162496e+02 7.837260847030948753e+03
4.061831926551162155e+02 7.836160847030949299e+03
4.193831926551162610e+02 7.828460847030949481e+03
4.215831926551162496e+02 7.827360847030949117e+03
4.325831926551162496e+02 7.827360847030949117e+03
4.567831926551162383e+02 7.837260847030948753e+03
4.600831926551162496e+02 7.840560847030948935e+03
4.699831926551162269e+02 7.855960847030949481e+03
4.732831926551162383e+02 7.863660847030949299e+03
4.754831926551162269e+02 7.870260847030949662e+03
4.765831926551162496e+02 7.881260847030949662e+03
4.776831926551162724e+02 7.914260847030949662e+03
4.776831926551162724e+02 7.930760847030949662e+03
4.754831926551162269e+02 7.937360847030949117e+03
4.743831926551162610e+02 7.939560847030948935e+03
4.710831926551162496e+02 7.942860847030949117e+03
4.545831926551162496e+02 7.948360847030949117e+03
4.380831926551162496e+02 7.948360847030949117e+03
4.259831926551162269e+02 7.942860847030949117e+03
4.138831926551162610e+02 7.936260847030949662e+03
4.127831926551162383e+02 7.935160847030949299e+03
4.083831926551162610e+02 7.929660847030949299e+03
4.061831926551162155e+02 7.926360847030949117e+03
4.039831926551162269e+02 7.921960847030949481e+03
4.017831926551162383e+02 7.915360847030949117e+03
3.940831926551162496e+02 7.891160847030949299e+03
3.940831926551162496e+02 7.858160847030949299e+03
