9.771511368702630307e+02 6.868754450884232028e+03
9.782511368702630534e+02 6.867654450884232574e+03
9.848511368702630762e+02 6.864354450884232392e+03
9.969511368702629852e+02 6.859954450884232756e+03
1.033251136870263053e+03 6.847854450884232392e+03
1.050851136870262962e+03 6.928154450884232574e+03
1.050851136870262962e+03 6.954554450884232210e+03
1.005751136870263053e+03 6.998554450884232210e+03
9.947511368702630534e+02 6.998554450884232210e+03
9.771511368702630307e+02 6.980954450884232756e+03
9.771511368702630307e+02 6.868754450884232028e+03
