1.388813497042480776e+03 3.646619465854095779e+03
1.389913497042480685e+03 3.643319465854095597e+03
1.394313497042480776e+03 3.633419465854095506e+03
1.395413497042480685e+03 3.631219465854095688e+03
1.438313497042480776e+03 3.600419465854095506e+03
1.471313497042480776e+03 3.600419465854095506e+03
1.480113497042480731e+03 3.611419465854095506e+03
1.482313497042480776e+03 3.615819465854095597e+03
1.482313497042480776e+03 3.643319465854095597e+03
1.440513497042480822e+03 3.719219465854095688e+03
1.431713497042480640e+03 3.717019465854095870e+03
1.421813497042480776e+03 3.709319465854095597e+03
1.408613497042480731e+03 3.698319465854095597e+03
1.407513497042480822e+03 3.697219465854095688e+03
1.391013497042480822e+03 3.674119465854095779e+03
1.388813497042480776e+03 3.665319465854095597e+03
1.388813497042480776e+03 3.646619465854095779e+03
