1.567516274593669777e+03 1.299221278870829792e+03
1.574116274593669914e+03 1.295921278870829838e+03
1.647816274593669732e+03 1.273921278870829838e+03
1.655516274593669777e+03 1.273921278870829838e+03
1.655516274593669777e+03 1.320121278870829883e+03
1.653316274593669732e+03 1.350921278870829838e+03
1.651116274593669914e+03 1.352021278870829747e+03
1.591716274593669823e+03 1.367421278870829838e+03
1.567516274593669777e+03 1.320121278870829883e+03
1.567516274593669777e+03 1.299221278870829792e+03
