1.243405034992223932e+02 7.366057455287714220e+03
1.243405034992223932e+02 7.353957455287713856e+03
1.320405034992223818e+02 7.331957455287713856e+03
1.353405034992223932e+02 7.325357455287713492e+03
1.375405034992223818e+02 7.323157455287713674e+03
1.540405034992223818e+02 7.308857455287713492e+03
1.562405034992223989e+02 7.307757455287714038e+03
1.727405034992223989e+02 7.302257455287714038e+03
1.826405034992224046e+02 7.302257455287714038e+03
1.848405034992223932e+02 7.303357455287713492e+03
1.870405034992224103e+02 7.305557455287714220e+03
2.079405034992224159e+02 7.334157455287713674e+03
2.255405034992224103e+02 7.381457455287713856e+03
2.255405034992224103e+02 7.415557455287714220e+03
2.200405034992224103e+02 7.456257455287714038e+03
2.178405034992223932e+02 7.462857455287713492e+03
1.595405034992223818e+02 7.462857455287713492e+03
1.496405034992224046e+02 7.452957455287713856e+03
1.331405034992224046e+02 7.419957455287713856e+03
1.320405034992223818e+02 7.416657455287713674e+03
1.276405034992223904e+02 7.396857455287713492e+03
1.243405034992223932e+02 7.366057455287714220e+03
