1.196625660377358599e+03 1.425942210242587635e+03
1.196625660377358599e+03 1.391842210242587498e+03
1.202125660377358372e+03 1.388542210242587544e+03
1.213125660377358599e+03 1.388542210242587544e+03
1.260425660377358554e+03 1.399542210242587544e+03
1.267025660377358463e+03 1.402842210242587498e+03
1.268125660377358599e+03 1.405042210242587544e+03
1.270325660377358417e+03 1.410542210242587544e+03
1.271425660377358554e+03 1.413842210242587498e+03
1.272525660377358463e+03 1.419342210242587498e+03
1.272525660377358463e+03 1.435842210242587498e+03
1.270325660377358417e+03 1.442442210242587635e+03
1.269225660377358508e+03 1.444642210242587680e+03
1.267025660377358463e+03 1.447942210242587635e+03
1.263725660377358508e+03 1.451242210242587589e+03
1.251625660377358599e+03 1.461142210242587680e+03
1.237325660377358417e+03 1.465542210242587544e+03
1.212025660377358463e+03 1.465542210242587544e+03
1.196625660377358599e+03 1.425942210242587635e+03
