1.763240097501523564e+02 3.445296953077391663e+03
1.917240097501523337e+02 3.434296953077391663e+03
1.939240097501523508e+02 3.433196953077391754e+03
2.038240097501523564e+02 3.429896953077392027e+03
2.192240097501523337e+02 3.429896953077392027e+03
2.324240097501523508e+02 3.433196953077391754e+03
2.500240097501523451e+02 3.510196953077391754e+03
2.500240097501523451e+02 3.561896953077392027e+03
2.489240097501523508e+02 3.564096953077391845e+03
2.467240097501523337e+02 3.567396953077392027e+03
2.434240097501523508e+02 3.570696953077391754e+03
2.412240097501523337e+02 3.571796953077391663e+03
2.379240097501523508e+02 3.572896953077392027e+03
2.214240097501523508e+02 3.572896953077392027e+03
1.917240097501523337e+02 3.568496953077391936e+03
1.873240097501523564e+02 3.566296953077391663e+03
1.565240097501523451e+02 3.549796953077391663e+03
1.565240097501523451e+02 3.510196953077391754e+03
1.763240097501523564e+02 3.445296953077391663e+03
