1.542558164497517623e+02 6.042205675566885475e+03
1.520558164497517737e+02 6.031205675566885475e+03
1.520558164497517737e+02 6.019105675566886021e+03
1.542558164497517623e+02 6.005905675566886202e+03
1.597558164497517623e+02 5.998205675566885475e+03
1.608558164497517851e+02 5.997105675566886021e+03
2.037558164497517623e+02 5.997105675566886021e+03
2.829558164497517510e+02 6.041105675566886021e+03
2.829558164497517510e+02 6.046605675566886021e+03
2.224558164497517794e+02 6.110405675566886202e+03
2.103558164497517851e+02 6.110405675566886202e+03
1.927558164497517623e+02 6.102705675566885475e+03
1.839558164497517794e+02 6.098305675566885839e+03
1.696558164497517680e+02 6.087305675566885839e+03
1.542558164497517623e+02 6.042205675566885475e+03
