1.382224212812160715e+02 4.243208718783930635e+03
1.382224212812160715e+02 4.233308718783930090e+03
1.393224212812160658e+02 4.217908718783930453e+03
1.437224212812160715e+02 4.210208718783930635e+03
1.525224212812160545e+02 4.199208718783930635e+03
1.613224212812160658e+02 4.194808718783930090e+03
1.767224212812160715e+02 4.194808718783930090e+03
2.669224212812160886e+02 4.245408718783930453e+03
2.669224212812160886e+02 4.247608718783930271e+03
2.658224212812160658e+02 4.249808718783930090e+03
2.394224212812160886e+02 4.301508718783930817e+03
2.031224212812160772e+02 4.368608718783930271e+03
1.998224212812160658e+02 4.371908718783930453e+03
1.965224212812160829e+02 4.374108718783930271e+03
1.844224212812160602e+02 4.374108718783930271e+03
1.701224212812160772e+02 4.373008718783930817e+03
1.679224212812160602e+02 4.371908718783930453e+03
1.668224212812160658e+02 4.370808718783930999e+03
1.657224212812160715e+02 4.368608718783930271e+03
1.382224212812160715e+02 4.243208718783930635e+03
