1.190303294548306894e+03 7.711214642436920258e+03
1.190303294548306894e+03 7.701314642436919712e+03
1.191403294548307031e+03 7.700214642436920258e+03
1.218903294548307031e+03 7.677114642436919894e+03
1.229903294548307031e+03 7.672714642436920258e+03
1.239803294548306894e+03 7.670514642436919530e+03
1.256303294548306894e+03 7.670514642436919530e+03
1.262903294548307031e+03 7.671614642436919894e+03
1.280503294548306940e+03 7.676014642436919530e+03
1.283803294548306894e+03 7.677114642436919894e+03
1.305803294548306894e+03 7.698014642436919530e+03
1.306903294548307031e+03 7.700214642436920258e+03
1.311303294548306894e+03 7.712314642436919712e+03
1.311303294548306894e+03 7.738714642436920258e+03
1.310203294548306985e+03 7.740914642436920076e+03
1.302503294548306940e+03 7.753014642436919530e+03
1.301403294548307031e+03 7.754114642436919894e+03
1.276103294548307076e+03 7.769514642436919530e+03
1.261803294548306894e+03 7.771714642436920258e+03
1.247503294548306940e+03 7.771714642436920258e+03
1.243103294548307076e+03 7.770614642436919894e+03
1.240903294548307031e+03 7.769514642436919530e+03
1.225503294548306940e+03 7.759614642436919894e+03
1.203503294548306940e+03 7.742014642436919530e+03
1.195803294548306894e+03 7.733214642436920258e+03
1.191403294548307031e+03 7.725514642436919530e+03
1.190303294548306894e+03 7.711214642436920258e+03
