4.480638734920117372e+02 3.206809520704271108e+03
4.491638734920117031e+02 3.204609520704271290e+03
4.535638734920117372e+02 3.199109520704271290e+03
4.546638734920117031e+02 3.198009520704271381e+03
4.909638734920117145e+02 3.172709520704271199e+03
4.942638734920117258e+02 3.170509520704271381e+03
5.041638734920117599e+02 3.168309520704271108e+03
5.151638734920117031e+02 3.168309520704271108e+03
5.217638734920117258e+02 3.171609520704271290e+03
5.261638734920117031e+02 3.176009520704271381e+03
5.382638734920117258e+02 3.190309520704271108e+03
5.393638734920117486e+02 3.192509520704271381e+03
5.547638734920117258e+02 3.229909520704271472e+03
4.964638734920117145e+02 3.265109520704271290e+03
4.425638734920117372e+02 3.265109520704271290e+03
4.403638734920117486e+02 3.264009520704271381e+03
4.392638734920117258e+02 3.262909520704271472e+03
4.381638734920117031e+02 3.255209520704271199e+03
4.381638734920117031e+02 3.242009520704271381e+03
4.480638734920117372e+02 3.206809520704271108e+03
