4.141740314960629803e+02 4.718406629921259992e+03
4.328740314960629689e+02 4.697506629921259446e+03
4.350740314960630144e+02 4.695306629921259628e+03
4.372740314960630030e+02 4.694206629921260173e+03
4.482740314960630030e+02 4.692006629921259446e+03
4.636740314960629803e+02 4.692006629921259446e+03
4.680740314960630144e+02 4.693106629921259810e+03
4.746740314960629803e+02 4.696406629921259992e+03
5.076740314960629803e+02 4.716206629921260173e+03
5.076740314960629803e+02 4.739306629921259628e+03
5.043740314960630258e+02 4.792106629921259810e+03
5.032740314960630030e+02 4.797606629921259810e+03
5.021740314960629803e+02 4.798706629921260173e+03
4.581740314960629803e+02 4.798706629921260173e+03
3.921740314960629803e+02 4.781106629921259810e+03
4.141740314960629803e+02 4.718406629921259992e+03
