1.407134113934562265e+03 2.626848746055472475e+03
1.419234113934562401e+03 2.610348746055472475e+03
1.422534113934562356e+03 2.607048746055472293e+03
1.437934113934562447e+03 2.596048746055472293e+03
1.452234113934562401e+03 2.596048746055472293e+03
1.498434113934562447e+03 2.604848746055472475e+03
1.501734113934562401e+03 2.605948746055472384e+03
1.516034113934562356e+03 2.625748746055472566e+03
1.516034113934562356e+03 2.638948746055472384e+03
1.511634113934562265e+03 2.655448746055472384e+03
1.508334113934562311e+03 2.662048746055472748e+03
1.502834113934562311e+03 2.669748746055472566e+03
1.501734113934562401e+03 2.670848746055472475e+03
1.497334113934562311e+03 2.673048746055472293e+03
1.494034113934562356e+03 2.674148746055472657e+03
1.475334113934562311e+03 2.679648746055472657e+03
1.458834113934562311e+03 2.679648746055472657e+03
1.434634113934562265e+03 2.678548746055472293e+03
1.429134113934562265e+03 2.677448746055472384e+03
1.424734113934562401e+03 2.675248746055472566e+03
1.417034113934562356e+03 2.667548746055472748e+03
1.412634113934562265e+03 2.658748746055472566e+03
1.408234113934562401e+03 2.646648746055472657e+03
1.407134113934562265e+03 2.641148746055472657e+03
1.407134113934562265e+03 2.626848746055472475e+03
