9.418950015718327222e+02 5.384486094519543258e+03
9.693950015718327222e+02 5.353686094519543076e+03
9.957950015718326995e+02 5.337186094519543076e+03
1.036495001571832745e+03 5.325086094519542712e+03
1.082695001571832790e+03 5.325086094519542712e+03
1.082695001571832790e+03 5.334986094519543258e+03
1.077195001571832790e+03 5.355886094519542894e+03
1.076095001571832654e+03 5.359186094519543076e+03
1.058495001571832745e+03 5.408686094519543076e+03
1.051895001571832836e+03 5.424086094519542712e+03
1.050795001571832699e+03 5.426286094519543440e+03
1.045295001571832699e+03 5.436186094519543076e+03
1.043095001571832654e+03 5.438386094519542894e+03
1.034295001571832699e+03 5.446086094519542712e+03
1.030995001571832745e+03 5.448286094519543440e+03
1.017795001571832699e+03 5.449386094519542894e+03
1.004595001571832768e+03 5.449386094519542894e+03
9.264950015718327450e+02 5.436186094519543076e+03
9.264950015718327450e+02 5.425186094519543076e+03
9.418950015718327222e+02 5.384486094519543258e+03
