3.566529291216168076e+02 2.277259635361458550e+03
4.006529291216168644e+02 2.233259635361458550e+03
4.369529291216168190e+02 2.223359635361458459e+03
5.194529291216168758e+02 2.250859635361458459e+03
5.227529291216168303e+02 2.254159635361458641e+03
5.601529291216168076e+02 2.309159635361458641e+03
5.601529291216168076e+02 2.315759635361458550e+03
5.227529291216168303e+02 2.347659635361458641e+03
5.205529291216168986e+02 2.348759635361458550e+03
5.062529291216168303e+02 2.354259635361458550e+03
4.853529291216168531e+02 2.359759635361458550e+03
4.765529291216168417e+02 2.360859635361458459e+03
4.644529291216168758e+02 2.360859635361458459e+03
4.402529291216168303e+02 2.358659635361458641e+03
4.358529291216168531e+02 2.357559635361458731e+03
4.303529291216168531e+02 2.355359635361458459e+03
4.083529291216168531e+02 2.345459635361458368e+03
4.061529291216168644e+02 2.344359635361458459e+03
4.006529291216168644e+02 2.338859635361458459e+03
3.566529291216168076e+02 2.277259635361458550e+03
