1.667578100775193889e+03 4.949755038759690251e+03
1.690678100775193798e+03 4.926655038759689887e+03
1.706078100775193889e+03 4.914555038759689523e+03
1.743478100775193752e+03 4.914555038759689523e+03
1.775378100775193843e+03 4.938755038759690251e+03
1.775378100775193843e+03 4.949755038759690251e+03
1.768778100775193707e+03 4.995955038759690069e+03
1.748978100775193752e+03 4.995955038759690069e+03
1.667578100775193889e+03 4.978355038759689705e+03
1.667578100775193889e+03 4.949755038759690251e+03
