1.070807811806480231e+03 1.333945406125166528e+03
1.070807811806480231e+03 1.330645406125166346e+03
1.101607811806480186e+03 1.308645406125166346e+03
1.111507811806480277e+03 1.302045406125166437e+03
1.121407811806480140e+03 1.297645406125166346e+03
1.124707811806480322e+03 1.296545406125166437e+03
1.147807811806480231e+03 1.296545406125166437e+03
1.152207811806480322e+03 1.298745406125166483e+03
1.161007811806480277e+03 1.304245406125166483e+03
1.164307811806480231e+03 1.307545406125166437e+03
1.173107811806480186e+03 1.324045406125166437e+03
1.173107811806480186e+03 1.335045406125166437e+03
1.170907811806480368e+03 1.343845406125166392e+03
1.169807811806480231e+03 1.346045406125166437e+03
1.166507811806480277e+03 1.351545406125166437e+03
1.157707811806480322e+03 1.360345406125166392e+03
1.153307811806480231e+03 1.363645406125166346e+03
1.150007811806480277e+03 1.365845406125166392e+03
1.143407811806480368e+03 1.369145406125166346e+03
1.135707811806480322e+03 1.371345406125166392e+03
1.112607811806480186e+03 1.375745406125166483e+03
1.070807811806480231e+03 1.333945406125166528e+03
