1.027315355722492313e+03 1.362043769332744205e+03
1.027315355722492313e+03 1.348843769332744159e+03
1.028415355722492222e+03 1.346643769332744114e+03
1.035015355722492359e+03 1.336743769332744250e+03
1.036115355722492268e+03 1.335643769332744114e+03
1.055915355722492222e+03 1.325743769332744023e+03
1.070215355722492177e+03 1.325743769332744023e+03
1.075715355722492177e+03 1.326843769332744159e+03
1.117515355722492359e+03 1.371943769332744068e+03
1.117515355722492359e+03 1.373043769332744205e+03
1.097715355722492177e+03 1.410443769332744068e+03
1.096615355722492268e+03 1.411543769332744205e+03
1.068015355722492359e+03 1.418143769332744114e+03
1.046015355722492359e+03 1.418143769332744114e+03
1.032815355722492313e+03 1.404943769332744068e+03
1.027315355722492313e+03 1.362043769332744205e+03
