1.448589603667554002e+03 7.799931055900620777e+03
1.449689603667553911e+03 7.792231055900620959e+03
1.450789603667554047e+03 7.787831055900621323e+03
1.452989603667553865e+03 7.782331055900621323e+03
1.457389603667553956e+03 7.772431055900620777e+03
1.459589603667554002e+03 7.768031055900621141e+03
1.468389603667553956e+03 7.757031055900621141e+03
1.469489603667553865e+03 7.755931055900620777e+03
1.471689603667553911e+03 7.754831055900621323e+03
1.485989603667553865e+03 7.749331055900621323e+03
1.500289603667554047e+03 7.749331055900621323e+03
1.522289603667554047e+03 7.752631055900621504e+03
1.528889603667553956e+03 7.754831055900621323e+03
1.533289603667554047e+03 7.757031055900621141e+03
1.548689603667553911e+03 7.785631055900621504e+03
1.548689603667553911e+03 7.796631055900621504e+03
1.547589603667554002e+03 7.804331055900621323e+03
1.546489603667554093e+03 7.807631055900621504e+03
1.539889603667553956e+03 7.823031055900621141e+03
1.532189603667553911e+03 7.836231055900620959e+03
1.517889603667553956e+03 7.846131055900621504e+03
1.505789603667554047e+03 7.852731055900620959e+03
1.493689603667553911e+03 7.852731055900620959e+03
1.472789603667554047e+03 7.849431055900620777e+03
1.469489603667553865e+03 7.848331055900621323e+03
1.451889603667553956e+03 7.838431055900620777e+03
1.450789603667554047e+03 7.837331055900621323e+03
1.448589603667554002e+03 7.810931055900620777e+03
1.448589603667554002e+03 7.799931055900620777e+03
