1.326219946386020638e+03 4.825468417394758035e+03
1.348219946386020638e+03 4.792468417394758035e+03
1.420819946386020547e+03 4.779268417394757307e+03
1.480219946386020638e+03 4.779268417394757307e+03
1.494519946386020592e+03 4.817768417394757307e+03
1.494519946386020592e+03 4.821068417394757489e+03
1.443919946386020683e+03 4.872768417394758217e+03
1.420819946386020547e+03 4.895868417394757671e+03
1.391119946386020729e+03 4.895868417394757671e+03
1.326219946386020638e+03 4.856268417394758217e+03
1.326219946386020638e+03 4.825468417394758035e+03
