1.370788274793388382e+03 1.375838515840220452e+03
1.380688274793388473e+03 1.362638515840220407e+03
1.381788274793388382e+03 1.361538515840220498e+03
1.426888274793388518e+03 1.340638515840220407e+03
1.476388274793388518e+03 1.340638515840220407e+03
1.479688274793388473e+03 1.341738515840220316e+03
1.500588274793388337e+03 1.362638515840220407e+03
1.500588274793388337e+03 1.368138515840220407e+03
1.470888274793388518e+03 1.394538515840220498e+03
1.444488274793388427e+03 1.411038515840220498e+03
1.442288274793388382e+03 1.412138515840220407e+03
1.434588274793388337e+03 1.414338515840220452e+03
1.398288274793388382e+03 1.414338515840220452e+03
1.367488274793388427e+03 1.408838515840220452e+03
1.365288274793388382e+03 1.395638515840220407e+03
1.365288274793388382e+03 1.383538515840220498e+03
1.370788274793388382e+03 1.375838515840220452e+03
