1.007784221890051526e+03 1.918693306759674442e+03
1.006684221890051504e+03 1.915393306759674488e+03
1.006684221890051504e+03 1.901093306759674533e+03
1.009984221890051458e+03 1.896693306759674442e+03
1.012184221890051504e+03 1.894493306759674397e+03
1.014384221890051435e+03 1.893393306759674488e+03
1.024284221890051413e+03 1.893393306759674488e+03
1.080384221890051549e+03 1.896693306759674442e+03
1.084784221890051413e+03 1.897793306759674579e+03
1.086984221890051458e+03 1.898893306759674488e+03
1.104584221890051595e+03 1.909893306759674488e+03
1.108984221890051458e+03 1.914293306759674579e+03
1.113384221890051549e+03 1.919793306759674351e+03
1.116684221890051504e+03 1.924193306759674442e+03
1.122184221890051504e+03 1.931893306759674488e+03
1.123284221890051413e+03 1.935193306759674442e+03
1.123284221890051413e+03 1.948393306759674488e+03
1.115584221890051595e+03 1.968193306759674442e+03
1.112284221890051413e+03 1.971493306759674397e+03
1.106784221890051413e+03 1.972593306759674533e+03
1.086984221890051458e+03 1.972593306759674533e+03
1.077084221890051595e+03 1.971493306759674397e+03
1.040784221890051413e+03 1.967093306759674533e+03
1.035284221890051413e+03 1.965993306759674397e+03
1.031984221890051458e+03 1.964893306759674488e+03
1.023184221890051504e+03 1.956093306759674533e+03
1.020984221890051458e+03 1.952793306759674579e+03
1.018784221890051526e+03 1.948393306759674488e+03
1.007784221890051526e+03 1.918693306759674442e+03
