1.517185184192900124e+03 5.239656985934359909e+03
1.550185184192900124e+03 5.195656985934359909e+03
1.552385184192900169e+03 5.193456985934360091e+03
1.555685184192900124e+03 5.192356985934360637e+03
1.560085184192900215e+03 5.191256985934360273e+03
1.569985184192900078e+03 5.189056985934360455e+03
1.585385184192900169e+03 5.189056985934360455e+03
1.589785184192900260e+03 5.190156985934359909e+03
1.653585184192900215e+03 5.233056985934360455e+03
1.653585184192900215e+03 5.239656985934359909e+03
1.589785184192900260e+03 5.304556985934360455e+03
1.588685184192900124e+03 5.305656985934360819e+03
1.587585184192900215e+03 5.305656985934360819e+03
1.561185184192900124e+03 5.292456985934360091e+03
1.517185184192900124e+03 5.248456985934360091e+03
1.517185184192900124e+03 5.239656985934359909e+03
