1.721656861160497840e+02 6.584970130919669828e+03
1.809656861160497670e+02 6.557470130919669828e+03
2.722656861160497783e+02 6.557470130919669828e+03
2.766656861160497556e+02 6.559670130919670555e+03
2.766656861160497556e+02 6.593770130919670009e+03
2.612656861160497783e+02 6.650970130919670737e+03
2.568656861160498011e+02 6.650970130919670737e+03
2.073656861160497726e+02 6.642170130919670555e+03
2.029656861160497670e+02 6.639970130919669828e+03
1.875656861160497897e+02 6.628970130919669828e+03
1.864656861160497670e+02 6.627870130919670373e+03
1.809656861160497670e+02 6.620170130919670555e+03
1.787656861160497783e+02 6.616870130919670373e+03
1.721656861160497840e+02 6.600370130919670373e+03
1.721656861160497840e+02 6.584970130919669828e+03
