1.682626439513999003e+03 5.385088312202852649e+03
1.685926439513998957e+03 5.370788312202852467e+03
1.693626439513999003e+03 5.361988312202852285e+03
1.694726439513998912e+03 5.360888312202852831e+03
1.704626439513999003e+03 5.352088312202852649e+03
1.707926439513998957e+03 5.350988312202852285e+03
1.735426439513998957e+03 5.350988312202852285e+03
1.744226439513998912e+03 5.352088312202852649e+03
1.749726439513998912e+03 5.354288312202852467e+03
1.762926439513998957e+03 5.360888312202852831e+03
1.775026439513998866e+03 5.380688312202853012e+03
1.778326439513999048e+03 5.388388312202852831e+03
1.780526439513998866e+03 5.401588312202852649e+03
1.780526439513998866e+03 5.420288312202852467e+03
1.777226439513998912e+03 5.433488312202852285e+03
1.776126439513999003e+03 5.435688312202853012e+03
1.769526439513998866e+03 5.445588312202852649e+03
1.767326439513999048e+03 5.447788312202852467e+03
1.753026439513998866e+03 5.460988312202852285e+03
1.739826439513999048e+03 5.464288312202852467e+03
1.723326439513998821e+03 5.464288312202852467e+03
1.714526439513998866e+03 5.463188312202853012e+03
1.712326439513999048e+03 5.462088312202852649e+03
1.711226439513998912e+03 5.460988312202852285e+03
1.694726439513998912e+03 5.442288312202852467e+03
1.689226439513998912e+03 5.435688312202853012e+03
1.687026439513998866e+03 5.432388312202852831e+03
1.683726439513998912e+03 5.424688312202853012e+03
1.682626439513999003e+03 5.412588312202852649e+03
1.682626439513999003e+03 5.385088312202852649e+03
