7.578900825159582837e+02 3.139099641911879189e+03
7.589900825159583064e+02 3.126999641911879280e+03
7.600900825159583292e+02 3.124799641911879007e+03
7.897900825159582610e+02 3.091799641911879007e+03
7.908900825159582837e+02 3.090699641911879098e+03
8.018900825159582837e+02 3.090699641911879098e+03
8.183900825159582837e+02 3.097299641911879007e+03
8.227900825159582610e+02 3.099499641911879280e+03
8.260900825159583292e+02 3.101699641911879098e+03
8.315900825159583292e+02 3.106099641911879189e+03
8.403900825159582837e+02 3.114899641911879371e+03
8.425900825159583292e+02 3.118199641911879098e+03
8.447900825159582610e+02 3.122599641911879189e+03
8.469900825159583064e+02 3.128099641911879189e+03
8.502900825159582610e+02 3.140199641911879098e+03
8.502900825159582610e+02 3.155599641911879189e+03
8.447900825159582610e+02 3.172099641911879189e+03
8.436900825159582382e+02 3.174299641911879007e+03
8.205900825159583292e+02 3.197399641911879371e+03
8.106900825159582382e+02 3.200699641911879098e+03
8.018900825159582837e+02 3.202899641911879371e+03
7.875900825159582155e+02 3.202899641911879371e+03
7.831900825159582382e+02 3.201799641911879007e+03
7.776900825159582382e+02 3.197399641911879371e+03
7.732900825159582610e+02 3.192999641911879280e+03
7.589900825159583064e+02 3.176499641911879280e+03
7.578900825159582837e+02 3.157799641911879007e+03
7.578900825159582837e+02 3.139099641911879189e+03
