1.073154933824761201e+03 2.483155737979561309e+03
1.090754933824761338e+03 2.438055737979560945e+03
1.139154933824761201e+03 2.427055737979560945e+03
1.158954933824761156e+03 2.483155737979561309e+03
1.158954933824761156e+03 2.521655737979561309e+03
1.116054933824761292e+03 2.553555737979560945e+03
1.112754933824761338e+03 2.553555737979560945e+03
1.088554933824761292e+03 2.534855737979561127e+03
1.078654933824761201e+03 2.526055737979560945e+03
1.073154933824761201e+03 2.519455737979561036e+03
1.073154933824761201e+03 2.483155737979561309e+03
