1.722260798710601648e+03 8.120980873925501328e+03
1.722260798710601648e+03 8.108880873925501874e+03
1.725560798710601603e+03 8.102280873925501510e+03
1.728860798710601784e+03 8.098980873925501328e+03
1.731060798710601603e+03 8.097880873925500964e+03
1.736560798710601603e+03 8.095680873925501146e+03
1.750860798710601784e+03 8.095680873925501146e+03
1.832260798710601648e+03 8.109980873925501328e+03
1.832260798710601648e+03 8.148480873925501328e+03
1.823460798710601694e+03 8.196880873925501874e+03
1.794860798710601784e+03 8.196880873925501874e+03
1.748660798710601739e+03 8.155080873925501692e+03
1.742060798710601830e+03 8.148480873925501328e+03
1.722260798710601648e+03 8.120980873925501328e+03
