6.886599260319732707e+01 8.446995812455261330e+03
9.306599260319731570e+01 8.431595812455261694e+03
1.216659926031973242e+02 8.422795812455260602e+03
1.337659926031973328e+02 8.422795812455260602e+03
1.964659926031973214e+02 8.437095812455261694e+03
2.558659926031973555e+02 8.515195812455262057e+03
2.558659926031973555e+02 8.547095812455261694e+03
2.547659926031973328e+02 8.548195812455262057e+03
2.503659926031973555e+02 8.550395812455260966e+03
1.612659926031973328e+02 8.559195812455262057e+03
6.226599260319731854e+01 8.566895812455260966e+03
6.226599260319731854e+01 8.515195812455262057e+03
6.886599260319732707e+01 8.446995812455261330e+03
