5.197447754988913857e+02 5.612884894678491946e+03
5.208447754988912948e+02 5.596384894678491946e+03
5.219447754988913175e+02 5.593084894678491764e+03
5.230447754988913402e+02 5.591984894678492310e+03
5.483447754988912948e+02 5.568884894678491946e+03
5.626447754988913630e+02 5.568884894678491946e+03
5.747447754988913857e+02 5.569984894678492310e+03
5.813447754988914085e+02 5.574384894678491946e+03
6.374447754988913175e+02 5.630484894678492310e+03
6.396447754988913630e+02 5.633784894678492492e+03
6.396447754988913630e+02 5.634884894678491946e+03
6.330447754988913402e+02 5.641484894678492310e+03
5.659447754988913175e+02 5.683284894678492492e+03
5.483447754988912948e+02 5.683284894678492492e+03
5.406447754988913630e+02 5.678884894678491946e+03
5.362447754988913857e+02 5.675584894678492674e+03
5.219447754988913175e+02 5.662384894678491946e+03
5.208447754988912948e+02 5.661284894678492492e+03
5.197447754988913857e+02 5.659084894678491764e+03
5.197447754988913857e+02 5.612884894678491946e+03
