1.591618818234054743e+03 5.982429371767860175e+03
1.591618818234054743e+03 5.970329371767860721e+03
1.594918818234054697e+03 5.941729371767860357e+03
1.596018818234054834e+03 5.939529371767860539e+03
1.604818818234054788e+03 5.924129371767860903e+03
1.663118818234054743e+03 5.924129371767860903e+03
1.689518818234054834e+03 5.935129371767860903e+03
1.713718818234054879e+03 5.987929371767860175e+03
1.713718818234054879e+03 6.017629371767860903e+03
1.701618818234054743e+03 6.040729371767860357e+03
1.698318818234054788e+03 6.044029371767860539e+03
1.681818818234054788e+03 6.055029371767860539e+03
1.670818818234054788e+03 6.055029371767860539e+03
1.641118818234054743e+03 6.049529371767860539e+03
1.620218818234054879e+03 6.045129371767860903e+03
1.616918818234054697e+03 6.044029371767860539e+03
1.611418818234054697e+03 6.040729371767860357e+03
1.610318818234054788e+03 6.039629371767860903e+03
1.609218818234054879e+03 6.037429371767860175e+03
1.600418818234054697e+03 6.011029371767860539e+03
1.591618818234054743e+03 5.982429371767860175e+03
