1.739827167747163685e+03 5.187167463533225600e+03
1.740927167747163594e+03 5.184967463533224873e+03
1.744227167747163776e+03 5.179467463533224873e+03
1.754127167747163639e+03 5.169567463533225236e+03
1.758527167747163730e+03 5.166267463533225055e+03
1.760727167747163776e+03 5.165167463533225600e+03
1.780527167747163730e+03 5.156367463533225418e+03
1.794827167747163685e+03 5.156367463533225418e+03
1.804727167747163776e+03 5.157467463533224873e+03
1.811327167747163685e+03 5.158567463533225236e+03
1.815727167747163776e+03 5.159667463533225600e+03
1.838827167747163685e+03 5.177267463533225055e+03
1.839927167747163594e+03 5.178367463533225418e+03
1.839927167747163594e+03 5.189367463533225418e+03
1.798127167747163639e+03 5.265267463533225055e+03
1.748627167747163639e+03 5.227867463533225418e+03
1.745327167747163685e+03 5.224567463533225236e+03
1.743127167747163639e+03 5.221267463533225055e+03
1.742027167747163730e+03 5.219067463533225236e+03
1.739827167747163685e+03 5.203667463533225600e+03
1.739827167747163685e+03 5.187167463533225600e+03
