1.438012785303395731e+03 4.074859027648914434e+03
1.438012785303395731e+03 4.064959027648914343e+03
1.442412785303395822e+03 4.047359027648914434e+03
1.446812785303395685e+03 4.039659027648914616e+03
1.453412785303395822e+03 4.033059027648914252e+03
1.455612785303395867e+03 4.031959027648914343e+03
1.458912785303395822e+03 4.030859027648914434e+03
1.464412785303395822e+03 4.029759027648914525e+03
1.477612785303395867e+03 4.029759027648914525e+03
1.484212785303395776e+03 4.030859027648914434e+03
1.512812785303395913e+03 4.044059027648914252e+03
1.517212785303395776e+03 4.046259027648914525e+03
1.524912785303395822e+03 4.055059027648914252e+03
1.524912785303395822e+03 4.067159027648914616e+03
1.520512785303395731e+03 4.101259027648914525e+03
1.519412785303395822e+03 4.107859027648914889e+03
1.518312785303395685e+03 4.108959027648914343e+03
1.508412785303395822e+03 4.117759027648914525e+03
1.502912785303395822e+03 4.122159027648914162e+03
1.500712785303395776e+03 4.123259027648914525e+03
1.485312785303395913e+03 4.125459027648914343e+03
1.473212785303395776e+03 4.125459027648914343e+03
1.466612785303395867e+03 4.121059027648914707e+03
1.460012785303395731e+03 4.115559027648914707e+03
1.455612785303395867e+03 4.111159027648914162e+03
1.452312785303395685e+03 4.106759027648914525e+03
1.443512785303395731e+03 4.091359027648914434e+03
1.438012785303395731e+03 4.074859027648914434e+03
