1.695198695158850114e+03 4.676961119515885002e+03
1.695198695158850114e+03 4.663761119515885184e+03
1.696298695158850251e+03 4.661561119515885366e+03
1.719398695158850160e+03 4.634061119515885366e+03
1.731498695158850296e+03 4.634061119515885366e+03
1.786498695158850296e+03 4.675861119515884639e+03
1.776598695158850205e+03 4.720961119515885002e+03
1.775498695158850296e+03 4.723161119515884820e+03
1.762298695158850251e+03 4.735261119515885184e+03
1.750198695158850342e+03 4.735261119515885184e+03
1.725998695158850296e+03 4.733061119515885366e+03
1.707298695158850251e+03 4.718761119515885184e+03
1.706198695158850114e+03 4.717661119515884820e+03
1.698498695158850296e+03 4.702261119515885184e+03
1.696298695158850251e+03 4.693461119515885002e+03
1.695198695158850114e+03 4.676961119515885002e+03
