2.536931375838926215e+02 3.275849194630872262e+03
2.536931375838926215e+02 3.256049194630872535e+03
2.558931375838926101e+02 3.251649194630872444e+03
2.712931375838925874e+02 3.235149194630872444e+03
2.723931375838926101e+02 3.234049194630872535e+03
2.767931375838925874e+02 3.231849194630872262e+03
2.800931375838925987e+02 3.230749194630872353e+03
2.921931375838926215e+02 3.230749194630872353e+03
3.119931375838926328e+02 3.231849194630872262e+03
3.174931375838926328e+02 3.234049194630872535e+03
3.262931375838926442e+02 3.238449194630872626e+03
3.383931375838926101e+02 3.246149194630872444e+03
3.394931375838926328e+02 3.248349194630872262e+03
3.449931375838926328e+02 3.262649194630872444e+03
3.482931375838926442e+02 3.284649194630872444e+03
3.482931375838926442e+02 3.295649194630872444e+03
3.471931375838926215e+02 3.298949194630872626e+03
3.460931375838925987e+02 3.301149194630872444e+03
3.372931375838926442e+02 3.313249194630872353e+03
3.350931375838925987e+02 3.315449194630872626e+03
3.229931375838926328e+02 3.322049194630872535e+03
3.185931375838925987e+02 3.324249194630872353e+03
3.075931375838925987e+02 3.328649194630872444e+03
2.976931375838926215e+02 3.328649194630872444e+03
2.756931375838926215e+02 3.316549194630872535e+03
2.745931375838925987e+02 3.315449194630872626e+03
2.569931375838926328e+02 3.292349194630872717e+03
2.536931375838926215e+02 3.275849194630872262e+03
