1.286040167516387555e+03 1.063458612527312425e+03
1.286040167516387555e+03 1.057958612527312425e+03
1.348740167516387373e+03 1.020558612527312448e+03
1.374040167516387555e+03 1.020558612527312448e+03
1.382840167516387510e+03 1.033758612527312380e+03
1.389440167516387419e+03 1.046958612527312425e+03
1.389440167516387419e+03 1.068958612527312425e+03
1.387240167516387373e+03 1.075558612527312562e+03
1.386140167516387464e+03 1.077758612527312380e+03
1.383940167516387419e+03 1.081058612527312562e+03
1.370740167516387373e+03 1.094258612527312380e+03
1.366340167516387510e+03 1.097558612527312562e+03
1.359740167516387373e+03 1.100858612527312516e+03
1.342140167516387464e+03 1.108558612527312562e+03
1.337740167516387373e+03 1.109658612527312471e+03
1.323440167516387419e+03 1.112958612527312425e+03
1.306940167516387419e+03 1.112958612527312425e+03
1.302540167516387555e+03 1.111858612527312516e+03
1.297040167516387555e+03 1.107458612527312425e+03
1.292640167516387464e+03 1.103058612527312562e+03
1.291540167516387555e+03 1.100858612527312516e+03
1.287140167516387464e+03 1.071158612527312471e+03
1.286040167516387555e+03 1.063458612527312425e+03
