6.743162376713976300e+02 4.131615347606447131e+01
6.743162376713976300e+02 4.021615347606446988e+01
6.875162376713976755e+02 -4.883846523935531536e+00
7.865162376713976755e+02 -4.883846523935531536e+00
7.986162376713976983e+02 1.381615347606446420e+01
7.986162376713976983e+02 1.491615347606446562e+01
7.887162376713976073e+02 4.571615347606446988e+01
7.579162376713976528e+02 1.227161534760644770e+02
7.557162376713976073e+02 1.249161534760644798e+02
7.293162376713976300e+02 1.249161534760644798e+02
7.051162376713975846e+02 1.095161534760644741e+02
6.743162376713976300e+02 4.131615347606447131e+01
