1.650348080038113267e+03 5.585860543115769360e+03
1.650348080038113267e+03 5.580360543115769360e+03
1.720748080038113358e+03 5.536360543115769360e+03
1.740548080038113312e+03 5.536360543115769360e+03
1.764748080038113358e+03 5.633160543115769542e+03
1.765848080038113494e+03 5.638660543115769542e+03
1.766948080038113403e+03 5.672760543115769906e+03
1.766948080038113403e+03 5.685960543115769724e+03
1.760348080038113494e+03 5.694760543115769906e+03
1.752648080038113449e+03 5.704660543115769542e+03
1.748248080038113358e+03 5.709060543115769178e+03
1.746048080038113312e+03 5.710160543115769542e+03
1.731748080038113358e+03 5.710160543115769542e+03
1.710848080038113267e+03 5.702460543115769724e+03
1.699848080038113267e+03 5.695860543115769360e+03
1.696548080038113312e+03 5.693660543115769542e+03
1.685548080038113312e+03 5.683760543115769906e+03
1.682248080038113358e+03 5.680460543115769724e+03
1.656948080038113403e+03 5.652960543115769724e+03
1.650348080038113267e+03 5.585860543115769360e+03
