1.346125227460711358e+03 5.310643424317618155e+03
1.375825227460711403e+03 5.279843424317617973e+03
1.393425227460711312e+03 5.291943424317617428e+03
1.402225227460711267e+03 5.298543424317617792e+03
1.415425227460711312e+03 5.309543424317617792e+03
1.418725227460711267e+03 5.312843424317617973e+03
1.439625227460711358e+03 5.339243424317617610e+03
1.448425227460711312e+03 5.355743424317617610e+03
1.450625227460711358e+03 5.365643424317618155e+03
1.452825227460711403e+03 5.383243424317617610e+03
1.379125227460711358e+03 5.400843424317617973e+03
1.343925227460711312e+03 5.400843424317617973e+03
1.343925227460711312e+03 5.361243424317617610e+03
1.346125227460711358e+03 5.310643424317618155e+03
