1.205175847357193561e+03 6.687872066840483058e+03
1.205175847357193561e+03 6.637272066840483603e+03
1.206275847357193697e+03 6.629572066840483785e+03
1.207375847357193607e+03 6.627372066840483058e+03
1.210675847357193561e+03 6.624072066840483785e+03
1.212875847357193607e+03 6.622972066840483421e+03
1.282175847357193561e+03 6.615272066840483603e+03
1.283275847357193697e+03 6.615272066840483603e+03
1.285475847357193743e+03 6.687872066840483058e+03
1.285475847357193743e+03 6.757172066840483240e+03
1.281075847357193652e+03 6.761572066840483785e+03
1.216175847357193561e+03 6.761572066840483785e+03
1.205175847357193561e+03 6.687872066840483058e+03
