1.270842670517051829e+03 6.754725151265126442e+03
1.275242670517051693e+03 6.750325151265126806e+03
1.354442670517051738e+03 6.706325151265126806e+03
1.367642670517051783e+03 6.706325151265126806e+03
1.412742670517051693e+03 6.751425151265126260e+03
1.412742670517051693e+03 6.776725151265126442e+03
1.366542670517051647e+03 6.859225151265126442e+03
1.291742670517051693e+03 6.793225151265126442e+03
1.289542670517051647e+03 6.791025151265126624e+03
1.270842670517051829e+03 6.754725151265126442e+03
