5.366239140038285882e+01 7.452962759534678298e+03
1.559623914003828702e+02 7.443062759534677753e+03
1.647623914003828531e+02 7.451862759534677934e+03
1.647623914003828531e+02 7.498062759534678662e+03
1.295623914003828645e+02 7.548662759534678116e+03
1.284623914003828702e+02 7.549762759534678480e+03
1.174623914003828560e+02 7.554162759534678116e+03
1.031623914003828588e+02 7.558562759534678662e+03
9.326239140038285313e+01 7.558562759534678662e+03
8.886239140038286166e+01 7.557462759534678298e+03
5.366239140038285882e+01 7.498062759534678662e+03
5.366239140038285882e+01 7.452962759534678298e+03
