7.683048777381558239e+02 3.317484271523178904e+03
7.705048777381558693e+02 3.302084271523178813e+03
8.123048777381558239e+02 3.260284271523178631e+03
8.431048777381558921e+02 3.258084271523178813e+03
8.563048777381559375e+02 3.271284271523178631e+03
8.673048777381559375e+02 3.317484271523178904e+03
8.673048777381559375e+02 3.376884271523178995e+03
7.749048777381558466e+02 3.387884271523178995e+03
7.683048777381558239e+02 3.387884271523178995e+03
7.683048777381558239e+02 3.317484271523178904e+03
