1.660153472371533098e+03 3.946738464846269380e+03
1.738253472371533007e+03 3.929138464846269471e+03
1.744853472371532916e+03 3.929138464846269471e+03
1.792153472371533098e+03 3.945638464846269471e+03
1.814153472371533098e+03 3.962138464846269471e+03
1.815253472371533007e+03 3.963238464846269380e+03
1.816353472371532916e+03 3.978638464846269471e+03
1.816353472371532916e+03 3.991838464846269744e+03
1.808653472371533098e+03 3.999538464846269562e+03
1.776753472371533007e+03 4.014938464846269653e+03
1.721753472371533007e+03 4.041338464846269744e+03
1.715153472371533098e+03 4.043538464846269562e+03
1.712953472371533053e+03 4.043538464846269562e+03
1.660153472371533098e+03 3.990738464846269380e+03
1.660153472371533098e+03 3.946738464846269380e+03
