6.393256850715746396e+02 6.427273837764144446e+03
6.393256850715746396e+02 6.408573837764144628e+03
6.591256850715745941e+02 6.388773837764144446e+03
6.602256850715746168e+02 6.388773837764144446e+03
7.262256850715746168e+02 6.463573837764144628e+03
7.658256850715746396e+02 6.509773837764144446e+03
7.658256850715746396e+02 6.522973837764144264e+03
7.548256850715746396e+02 6.533973837764144264e+03
7.075256850715746850e+02 6.533973837764144264e+03
6.525256850715746850e+02 6.527373837764144810e+03
6.393256850715746396e+02 6.427273837764144446e+03
