2.713535971774812197e+02 5.144054855039116774e+03
2.735535971774812083e+02 5.130854855039116046e+03
2.790535971774812083e+02 5.114354855039116046e+03
2.845535971774812083e+02 5.108854855039116046e+03
3.219535971774811856e+02 5.073654855039116228e+03
3.252535971774811969e+02 5.071454855039116410e+03
3.285535971774812083e+02 5.070354855039116046e+03
3.307535971774811969e+02 5.070354855039116046e+03
3.527535971774811969e+02 5.153954855039116410e+03
3.527535971774811969e+02 5.185854855039116046e+03
3.340535971774812083e+02 5.214454855039116410e+03
3.252535971774811969e+02 5.223254855039116592e+03
3.208535971774812197e+02 5.223254855039116592e+03
2.999535971774811856e+02 5.213354855039116046e+03
2.933535971774812197e+02 5.206754855039116592e+03
2.735535971774812083e+02 5.182554855039116774e+03
2.724535971774811856e+02 5.180354855039116046e+03
2.713535971774812197e+02 5.175954855039116410e+03
2.713535971774812197e+02 5.144054855039116774e+03
