4.544403853144311256e+02 6.156674963649581514e+03
4.544403853144311256e+02 6.153374963649582241e+03
5.479403853144310688e+02 6.121474963649581696e+03
6.238403853144311597e+02 6.121474963649581696e+03
6.260403853144310915e+02 6.122574963649582060e+03
6.271403853144311142e+02 6.154474963649581696e+03
6.271403853144311142e+02 6.167674963649581514e+03
6.161403853144311142e+02 6.202874963649582241e+03
6.150403853144310915e+02 6.205074963649582060e+03
5.776403853144311142e+02 6.242474963649581696e+03
5.622403853144311370e+02 6.249074963649582060e+03
5.039403853144311256e+02 6.249074963649582060e+03
4.896403853144311142e+02 6.234774963649581878e+03
4.544403853144311256e+02 6.156674963649581514e+03
