3.862569322183098279e+02 2.668827992957746574e+03
3.873569322183098507e+02 2.660027992957746392e+03
3.884569322183098734e+02 2.658927992957746483e+03
3.906569322183098620e+02 2.657827992957746574e+03
3.994569322183098734e+02 2.655627992957746301e+03
4.203569322183098507e+02 2.655627992957746301e+03
4.313569322183098507e+02 2.657827992957746574e+03
4.742569322183098848e+02 2.689727992957746665e+03
4.830569322183098393e+02 2.696327992957746574e+03
4.841569322183098620e+02 2.697427992957746483e+03
4.907569322183098848e+02 2.728227992957746665e+03
4.907569322183098848e+02 2.762327992957746574e+03
4.874569322183098734e+02 2.779927992957746483e+03
4.830569322183098393e+02 2.788727992957746665e+03
4.731569322183098620e+02 2.794227992957746665e+03
4.214569322183098734e+02 2.807427992957746483e+03
3.862569322183098279e+02 2.728227992957746665e+03
3.862569322183098279e+02 2.668827992957746574e+03
