1.733021101083032590e+03 3.827966913357400699e+03
1.734121101083032499e+03 3.826866913357400790e+03
1.749521101083032590e+03 3.826866913357400790e+03
1.762721101083032408e+03 3.829066913357400608e+03
1.773721101083032408e+03 3.832366913357400790e+03
1.792421101083032454e+03 3.840066913357400608e+03
1.795721101083032408e+03 3.843366913357400790e+03
1.797921101083032454e+03 3.847766913357400881e+03
1.805621101083032499e+03 3.877466913357400699e+03
1.805621101083032499e+03 3.889566913357400608e+03
1.802321101083032545e+03 3.902766913357400881e+03
1.801221101083032408e+03 3.904966913357400699e+03
1.775921101083032454e+03 3.951166913357400517e+03
1.755021101083032590e+03 3.951166913357400517e+03
1.741821101083032545e+03 3.937966913357400699e+03
1.733021101083032590e+03 3.884066913357400608e+03
1.733021101083032590e+03 3.827966913357400699e+03
