1.389731296912113976e+03 5.928747838479809616e+03
1.408431296912114021e+03 5.891347838479809980e+03
1.411731296912113976e+03 5.888047838479809798e+03
1.418331296912114112e+03 5.882547838479809798e+03
1.427131296912114067e+03 5.877047838479809798e+03
1.434831296912114112e+03 5.873747838479809616e+03
1.444731296912113976e+03 5.873747838479809616e+03
1.460131296912114067e+03 5.875947838479810343e+03
1.471131296912114067e+03 5.883647838479810162e+03
1.483231296912113976e+03 5.893547838479809798e+03
1.499731296912113976e+03 5.910047838479809798e+03
1.510731296912113976e+03 5.926547838479809798e+03
1.523931296912114021e+03 5.948547838479809798e+03
1.523931296912114021e+03 5.950747838479809616e+03
1.473331296912114112e+03 6.004647838479810162e+03
1.450231296912113976e+03 6.004647838479810162e+03
1.415031296912113930e+03 5.998047838479809798e+03
1.405131296912114067e+03 5.994747838479809616e+03
1.402931296912114021e+03 5.993647838479810162e+03
1.399631296912114067e+03 5.991447838479810343e+03
1.389731296912113976e+03 5.981547838479809798e+03
1.382031296912113930e+03 5.963947838479810343e+03
1.382031296912113930e+03 5.951847838479809980e+03
1.383131296912114067e+03 5.946347838479809980e+03
1.389731296912113976e+03 5.928747838479809616e+03
