1.455155551620329334e+03 1.780927217991854150e+03
1.457355551620329379e+03 1.778727217991854104e+03
1.501355551620329379e+03 1.745727217991854104e+03
1.514555551620329425e+03 1.745727217991854104e+03
1.580555551620329425e+03 1.772127217991854195e+03
1.568455551620329288e+03 1.790827217991854013e+03
1.558555551620329425e+03 1.804027217991854059e+03
1.550855551620329379e+03 1.811727217991854104e+03
1.537655551620329334e+03 1.820527217991854059e+03
1.533255551620329470e+03 1.822727217991854104e+03
1.510155551620329334e+03 1.829327217991854013e+03
1.494755551620329470e+03 1.832627217991854195e+03
1.473855551620329379e+03 1.832627217991854195e+03
1.470555551620329425e+03 1.831527217991854059e+03
1.461755551620329470e+03 1.827127217991854195e+03
1.455155551620329334e+03 1.810627217991854195e+03
1.455155551620329334e+03 1.780927217991854150e+03
