3.047583841225191463e+02 6.301203734958587120e+03
3.322583841225191463e+02 6.273703734958587120e+03
3.641583841225191236e+02 6.273703734958587120e+03
4.554583841225191350e+02 6.315503734958587302e+03
4.554583841225191350e+02 6.322103734958587665e+03
4.510583841225191577e+02 6.326503734958587302e+03
3.652583841225191463e+02 6.380403734958586938e+03
3.377583841225191463e+02 6.355103734958587665e+03
3.047583841225191463e+02 6.322103734958587665e+03
3.047583841225191463e+02 6.301203734958587120e+03
