1.330569071300179758e+03 6.424318819652486127e+03
1.399869071300179712e+03 6.391318819652486127e+03
1.504369071300179712e+03 6.344018819652486854e+03
1.517569071300179758e+03 6.344018819652486854e+03
1.597869071300179712e+03 6.412218819652486673e+03
1.597869071300179712e+03 6.425418819652486491e+03
1.517569071300179758e+03 6.491418819652486491e+03
1.494469071300179849e+03 6.491418819652486491e+03
1.316269071300179803e+03 6.489218819652486673e+03
1.314069071300179758e+03 6.467218819652486673e+03
1.314069071300179758e+03 6.457318819652486127e+03
1.322869071300179712e+03 6.434218819652486673e+03
1.330569071300179758e+03 6.424318819652486127e+03
