7.148549517966696385e+02 4.364834169588080840e+03
7.247549517966696158e+02 4.364834169588080840e+03
7.489549517966695475e+02 4.372534169588080658e+03
7.588549517966696385e+02 4.375834169588080840e+03
7.610549517966695703e+02 4.376934169588080294e+03
7.665549517966695703e+02 4.380234169588080476e+03
7.742549517966696158e+02 4.385734169588080476e+03
7.940549517966695703e+02 4.405534169588080658e+03
8.127549517966696158e+02 4.429734169588080476e+03
8.160549517966695703e+02 4.440734169588080476e+03
8.182549517966696158e+02 4.448434169588080294e+03
8.182549517966696158e+02 4.458334169588080840e+03
8.039549517966695475e+02 4.485834169588080840e+03
7.918549517966696385e+02 4.504534169588080658e+03
7.412549517966696158e+02 4.563934169588080294e+03
7.401549517966695930e+02 4.565034169588080658e+03
7.390549517966695703e+02 4.565034169588080658e+03
7.148549517966696385e+02 4.448434169588080294e+03
7.148549517966696385e+02 4.364834169588080840e+03
