2.408743349844065307e+01 5.823763529627591197e+03
2.408743349844065307e+01 5.803963529627591015e+03
3.508743349844065307e+01 5.785263529627591197e+03
5.488743349844065023e+01 5.785263529627591197e+03
1.043874334984406573e+02 5.809463529627591015e+03
1.186874334984406545e+02 5.838063529627591379e+03
1.186874334984406545e+02 5.846863529627591561e+03
1.164874334984406516e+02 5.875463529627591015e+03
8.788743349844065733e+01 5.883163529627591743e+03
7.908743349844066017e+01 5.885363529627591561e+03
6.478743349844064880e+01 5.885363529627591561e+03
6.038743349844065023e+01 5.884263529627591197e+03
5.708743349844065307e+01 5.882063529627591379e+03
4.278743349844064880e+01 5.871063529627591379e+03
3.728743349844064880e+01 5.865563529627591379e+03
2.738743349844065023e+01 5.853463529627591015e+03
2.408743349844065307e+01 5.823763529627591197e+03
