-2.601745276215204683e+00 9.249371123611712164e+01
1.719825472378479603e+01 8.809371123611711596e+01
3.919825472378479958e+01 8.809371123611711596e+01
7.439825472378480242e+01 1.573937112361171273e+02
7.439825472378480242e+01 1.661937112361171103e+02
4.799825472378479674e+01 2.189937112361171216e+02
2.709825472378479816e+01 2.409937112361171216e+02
3.998254723784796738e+00 2.409937112361171216e+02
-2.601745276215204683e+00 2.354937112361171216e+02
-2.601745276215204683e+00 9.249371123611712164e+01
