5.457121960670347960e+01 3.306764196454519151e+03
6.777121960670348244e+01 3.296864196454519060e+03
7.767121960670347391e+01 3.292464196454518969e+03
8.977121960670348244e+01 3.292464196454518969e+03
9.197121960670347107e+01 3.294664196454518788e+03
1.392712196067034824e+02 3.416764196454519151e+03
1.183712196067034768e+02 3.437664196454518788e+03
6.227121960670347534e+01 3.459664196454519242e+03
1.057121960670347249e+01 3.459664196454519242e+03
-5.928780393296527507e+00 3.454164196454519242e+03
-5.928780393296527507e+00 3.403564196454518878e+03
5.457121960670347960e+01 3.306764196454519151e+03
