1.214007387098761683e+03 4.951718871295668691e+02
1.226107387098761592e+03 4.522718871295668919e+02
1.237107387098761592e+03 4.214718871295668805e+02
1.239307387098761637e+03 4.159718871295668805e+02
1.240407387098761546e+03 4.137718871295668919e+02
1.253607387098761592e+03 4.016718871295668691e+02
1.264607387098761592e+03 4.016718871295668691e+02
1.281107387098761592e+03 4.093718871295668578e+02
1.288807387098761637e+03 4.225718871295669032e+02
1.307507387098761683e+03 4.599718871295668805e+02
1.328407387098761546e+03 5.622718871295668350e+02
1.328407387098761546e+03 5.743718871295668578e+02
1.252507387098761683e+03 6.315718871295669032e+02
1.228307387098761637e+03 6.348718871295668578e+02
1.210707387098761728e+03 6.348718871295668578e+02
1.208507387098761683e+03 6.337718871295669487e+02
1.205207387098761728e+03 6.315718871295669032e+02
1.204107387098761592e+03 6.304718871295668805e+02
1.201907387098761546e+03 6.271718871295669260e+02
1.200807387098761637e+03 6.249718871295668805e+02
1.199707387098761728e+03 6.216718871295669260e+02
1.198607387098761592e+03 6.128718871295668578e+02
1.196407387098761546e+03 5.941718871295669260e+02
1.196407387098761546e+03 5.699718871295668805e+02
1.214007387098761683e+03 4.951718871295668691e+02
