9.098678106315013565e+02 3.893674821852731384e+03
9.087678106315013338e+02 3.881574821852731475e+03
9.087678106315013338e+02 3.870574821852731475e+03
9.109678106315013792e+02 3.858474821852731566e+03
9.131678106315013110e+02 3.851874821852731657e+03
9.164678106315013792e+02 3.847474821852731566e+03
9.241678106315013110e+02 3.838674821852731384e+03
9.274678106315013792e+02 3.836474821852731566e+03
9.351678106315013110e+02 3.832074821852731475e+03
9.593678106315013565e+02 3.824374821852731657e+03
9.725678106315014020e+02 3.824374821852731657e+03
1.024267810631501334e+03 3.843074821852731475e+03
1.025367810631501470e+03 3.844174821852731384e+03
1.026467810631501379e+03 3.846374821852731657e+03
1.039667810631501425e+03 3.893674821852731384e+03
1.039667810631501425e+03 3.922274821852731748e+03
1.038567810631501288e+03 3.969574821852731475e+03
9.813678106315013565e+02 3.975074821852731475e+03
9.714678106315013792e+02 3.972874821852731657e+03
9.230678106315014020e+02 3.924474821852731566e+03
9.219678106315013792e+02 3.922274821852731748e+03
9.131678106315013110e+02 3.902474821852731566e+03
9.098678106315013565e+02 3.893674821852731384e+03
