4.935377512297961857e+02 1.442554884047786459e+02
5.089377512297962198e+02 8.485548840477862598e+01
5.188377512297962539e+02 8.485548840477862598e+01
5.672377512297962312e+02 1.266554884047786373e+02
5.815377512297961857e+02 1.409554884047786345e+02
5.738377512297962539e+02 1.860554884047786288e+02
5.727377512297962312e+02 1.904554884047786345e+02
5.705377512297961857e+02 1.948554884047786402e+02
5.419377512297961630e+02 2.245554884047786572e+02
5.408377512297962539e+02 2.256554884047786516e+02
5.386377512297962085e+02 2.267554884047786459e+02
5.353377512297962539e+02 2.278554884047786402e+02
5.221377512297962085e+02 2.278554884047786402e+02
4.968377512297961971e+02 2.201554884047786516e+02
4.935377512297961857e+02 2.190554884047786572e+02
4.935377512297961857e+02 1.442554884047786459e+02
