2.260367260971786720e+02 3.434934345611285153e+03
2.535367260971786720e+02 3.418434345611285153e+03
2.678367260971786550e+02 3.418434345611285153e+03
2.832367260971786891e+02 3.421734345611285335e+03
2.854367260971786777e+02 3.422834345611285244e+03
3.184367260971786777e+02 3.452534345611285062e+03
3.327367260971786891e+02 3.472334345611285244e+03
3.371367260971786664e+02 3.480034345611285062e+03
3.426367260971786664e+02 3.500934345611285153e+03
3.426367260971786664e+02 3.519634345611285426e+03
3.415367260971787005e+02 3.521834345611285244e+03
3.316367260971786664e+02 3.535034345611285516e+03
3.162367260971786891e+02 3.553734345611285335e+03
3.030367260971787005e+02 3.559234345611285335e+03
2.436367260971786664e+02 3.560334345611285244e+03
2.260367260971786720e+02 3.494334345611285244e+03
2.260367260971786720e+02 3.434934345611285153e+03
