2.723000122219506238e+02 4.652324798337815082e+03
2.712000122219506011e+02 4.650124798337814354e+03
2.690000122219506125e+02 4.643524798337814900e+03
2.668000122219506238e+02 4.630324798337815082e+03
2.668000122219506238e+02 4.620424798337814536e+03
2.679000122219506466e+02 4.618224798337814718e+03
3.339000122219506466e+02 4.613824798337815082e+03
3.735000122219506125e+02 4.613824798337815082e+03
3.779000122219506466e+02 4.617124798337814354e+03
3.812000122219506011e+02 4.620424798337814536e+03
3.834000122219506466e+02 4.623724798337814718e+03
3.878000122219506238e+02 4.631424798337814536e+03
3.922000122219506011e+02 4.644624798337814354e+03
3.922000122219506011e+02 4.663324798337815082e+03
3.900000122219506125e+02 4.684224798337814718e+03
3.669000122219506466e+02 4.709524798337814900e+03
3.647000122219506011e+02 4.711724798337814718e+03
3.383000122219506238e+02 4.720524798337814900e+03
3.240000122219506125e+02 4.720524798337814900e+03
3.185000122219506125e+02 4.715024798337814900e+03
2.998000122219506238e+02 4.689724798337814718e+03
2.723000122219506238e+02 4.652324798337815082e+03
