1.213115959539196410e+03 5.976012405169991325e+03
1.228515959539196501e+03 5.960612405169991689e+03
1.281315959539196456e+03 5.929812405169991507e+03
1.336315959539196456e+03 5.960612405169991689e+03
1.351715959539196319e+03 5.971612405169991689e+03
1.352815959539196456e+03 5.972712405169991143e+03
1.352815959539196456e+03 5.996912405169991871e+03
1.348415959539196365e+03 6.009012405169991325e+03
1.345115959539196410e+03 6.012312405169991507e+03
1.341815959539196456e+03 6.014512405169991325e+03
1.339615959539196410e+03 6.015612405169991689e+03
1.323115959539196410e+03 6.023312405169991507e+03
1.289015959539196501e+03 6.036512405169991325e+03
1.278015959539196501e+03 6.036512405169991325e+03
1.269215959539196319e+03 6.034312405169991507e+03
1.260415959539196365e+03 6.029912405169991871e+03
1.213115959539196410e+03 5.995812405169991507e+03
1.213115959539196410e+03 5.976012405169991325e+03
