4.047903193612774544e+02 4.948136144377910568e+03
4.058903193612774203e+02 4.930536144377911114e+03
4.069903193612774430e+02 4.923936144377910750e+03
4.091903193612774317e+02 4.917336144377910387e+03
4.102903193612774544e+02 4.916236144377910932e+03
4.619903193612774430e+02 4.916236144377910932e+03
5.301903193612774885e+02 4.944836144377910387e+03
5.301903193612774885e+02 4.953636144377910568e+03
5.147903193612773975e+02 4.982236144377910932e+03
5.125903193612774658e+02 4.985536144377911114e+03
5.026903193612774317e+02 4.996536144377911114e+03
5.004903193612774430e+02 4.998736144377910932e+03
4.938903193612774203e+02 5.002036144377911114e+03
4.751903193612774317e+02 5.002036144377911114e+03
4.432903193612774544e+02 4.989936144377910750e+03
4.366903193612774317e+02 4.986636144377910568e+03
4.102903193612774544e+02 4.967936144377910750e+03
4.091903193612774317e+02 4.966836144377910387e+03
4.069903193612774430e+02 4.963536144377911114e+03
4.047903193612774544e+02 4.959136144377910568e+03
4.047903193612774544e+02 4.948136144377910568e+03
