3.673033172496984093e+02 1.468092199437072850e+03
3.706033172496984207e+02 1.458192199437072759e+03
3.728033172496984093e+02 1.453792199437072668e+03
3.805033172496984548e+02 1.446092199437072850e+03
3.915033172496984548e+02 1.440592199437072850e+03
3.948033172496984093e+02 1.439492199437072713e+03
3.992033172496984434e+02 1.438392199437072804e+03
4.234033172496984321e+02 1.438392199437072804e+03
4.432033172496984434e+02 1.443892199437072804e+03
4.454033172496984321e+02 1.444992199437072713e+03
4.542033172496984434e+02 1.452692199437072759e+03
4.542033172496984434e+02 1.468092199437072850e+03
4.531033172496984207e+02 1.476892199437072804e+03
4.520033172496984548e+02 1.480192199437072759e+03
4.476033172496984207e+02 1.491192199437072759e+03
4.289033172496984321e+02 1.517592199437072850e+03
3.926033172496984207e+02 1.517592199437072850e+03
3.607033172496984434e+02 1.510992199437072713e+03
3.596033172496984207e+02 1.509892199437072804e+03
3.596033172496984207e+02 1.499992199437072713e+03
3.673033172496984093e+02 1.468092199437072850e+03
