7.609539305687453634e+02 2.373692465970243575e+03
7.609539305687453634e+02 2.371492465970243757e+03
8.071539305687454089e+02 2.325292465970243939e+03
8.764539305687453634e+02 2.329692465970243575e+03
8.841539305687454089e+02 2.330792465970243939e+03
8.896539305687454089e+02 2.331892465970243848e+03
9.039539305687453634e+02 2.343992465970243757e+03
9.072539305687454316e+02 2.347292465970243939e+03
9.204539305687453634e+02 2.370392465970243848e+03
9.215539305687453862e+02 2.372592465970243666e+03
9.248539305687454544e+02 2.381392465970243848e+03
9.248539305687454544e+02 2.387992465970243757e+03
8.742539305687454316e+02 2.438592465970243666e+03
8.368539305687453407e+02 2.424292465970243939e+03
8.060539305687453862e+02 2.411092465970243666e+03
7.631539305687454089e+02 2.380292465970243939e+03
7.609539305687453634e+02 2.373692465970243575e+03
