9.683220155604182082e+02 5.016319316800389061e+03
1.020022015560418140e+03 4.981119316800389242e+03
1.038722015560418185e+03 4.981119316800389242e+03
1.050822015560418095e+03 4.996519316800388879e+03
1.061822015560418095e+03 5.011919316800389424e+03
1.069522015560418140e+03 5.025119316800389242e+03
1.070622015560418276e+03 5.027319316800389061e+03
1.075022015560418140e+03 5.039419316800388515e+03
1.075022015560418140e+03 5.051519316800388879e+03
1.061822015560418095e+03 5.083419316800389424e+03
1.060722015560418185e+03 5.085619316800389242e+03
1.055222015560418185e+03 5.094419316800389424e+03
1.053022015560418140e+03 5.097719316800388697e+03
1.039822015560418095e+03 5.110919316800389424e+03
1.020022015560418140e+03 5.110919316800389424e+03
9.320220155604181400e+02 5.049319316800389061e+03
9.331220155604181627e+02 5.047119316800389242e+03
9.683220155604182082e+02 5.016319316800389061e+03
