1.289301174289245864e+03 7.238055892047796078e+03
1.310201174289245955e+03 7.211655892047795533e+03
1.311301174289245864e+03 7.210555892047796078e+03
1.346501174289245910e+03 7.210555892047796078e+03
1.387201174289245955e+03 7.232555892047795169e+03
1.390501174289245910e+03 7.235855892047795351e+03
1.391601174289246046e+03 7.239155892047795533e+03
1.396001174289245910e+03 7.256755892047795896e+03
1.396001174289245910e+03 7.271055892047796078e+03
1.392701174289245955e+03 7.280955892047795714e+03
1.346501174289245910e+03 7.280955892047795714e+03
1.281601174289246046e+03 7.269955892047795714e+03
1.281601174289246046e+03 7.265555892047796078e+03
1.283801174289245864e+03 7.254555892047796078e+03
1.289301174289245864e+03 7.238055892047796078e+03
