1.776302435723950879e+01 5.732050304465494264e+03
1.776302435723950879e+01 5.717750304465494082e+03
1.996302435723951163e+01 5.715550304465494264e+03
4.196302435723951163e+01 5.696850304465493537e+03
4.636302435723951021e+01 5.693550304465494264e+03
4.966302435723950737e+01 5.691350304465493537e+03
7.826302435723951589e+01 5.691350304465493537e+03
1.354630243572395329e+02 5.737550304465494264e+03
1.354630243572395329e+02 5.770550304465494264e+03
1.255630243572395273e+02 5.795850304465493537e+03
1.244630243572395187e+02 5.796950304465493900e+03
1.035630243572395131e+02 5.816750304465494082e+03
7.826302435723951589e+01 5.816750304465494082e+03
3.426302435723950879e+01 5.792550304465494264e+03
2.106302435723950595e+01 5.766150304465493718e+03
1.996302435723951163e+01 5.761750304465494082e+03
1.776302435723950879e+01 5.732050304465494264e+03
