3.765247138244790222e+02 7.256390754329321680e+03
3.831247138244789880e+02 7.246490754329322044e+03
3.842247138244790108e+02 7.245390754329321680e+03
4.095247138244790222e+02 7.223390754329321680e+03
4.128247138244790335e+02 7.221190754329321862e+03
4.150247138244790222e+02 7.220090754329321499e+03
4.293247138244790335e+02 7.220090754329321499e+03
4.579247138244789994e+02 7.221190754329321862e+03
4.601247138244790449e+02 7.222290754329322226e+03
4.722247138244790108e+02 7.229990754329322044e+03
4.755247138244790222e+02 7.232190754329321862e+03
4.766247138244790449e+02 7.234390754329321680e+03
4.986247138244790449e+02 7.281690754329321862e+03
4.986247138244790449e+02 7.294890754329321680e+03
4.898247138244790335e+02 7.321290754329322226e+03
4.799247138244789994e+02 7.342190754329321862e+03
4.700247138244790222e+02 7.349890754329321680e+03
4.678247138244790335e+02 7.350990754329322044e+03
4.535247138244790222e+02 7.350990754329322044e+03
4.326247138244790449e+02 7.348790754329322226e+03
4.249247138244789994e+02 7.346590754329322408e+03
4.227247138244790108e+02 7.345490754329322044e+03
4.095247138244790222e+02 7.337790754329322226e+03
3.897247138244790108e+02 7.323490754329322044e+03
3.886247138244789880e+02 7.322390754329321680e+03
3.820247138244790222e+02 7.309190754329321862e+03
3.765247138244790222e+02 7.291590754329322408e+03
3.765247138244790222e+02 7.256390754329321680e+03
