2.535860514813016096e+02 6.607998426420592295e+03
2.689860514813016152e+02 6.558498426420592295e+03
2.700860514813015811e+02 6.556298426420592477e+03
2.722860514813015698e+02 6.552998426420592295e+03
2.733860514813015925e+02 6.551898426420592841e+03
2.865860514813015811e+02 6.544198426420592114e+03
2.909860514813016152e+02 6.541998426420592295e+03
3.063860514813015925e+02 6.541998426420592295e+03
3.118860514813015925e+02 6.543098426420592659e+03
3.426860514813016039e+02 6.549698426420592114e+03
3.591860514813016039e+02 6.555198426420592114e+03
3.635860514813016380e+02 6.557398426420592841e+03
3.646860514813016039e+02 6.559598426420592659e+03
3.712860514813016266e+02 6.583798426420592477e+03
3.723860514813015925e+02 6.592598426420592659e+03
3.734860514813016152e+02 6.603598426420592659e+03
3.734860514813016152e+02 6.613498426420592295e+03
3.712860514813016266e+02 6.631098426420592659e+03
3.668860514813015925e+02 6.647598426420592659e+03
3.162860514813016266e+02 6.676198426420592114e+03
2.843860514813015925e+02 6.676198426420592114e+03
2.535860514813016096e+02 6.649798426420592477e+03
2.535860514813016096e+02 6.607998426420592295e+03
