2.973613137603795735e+02 4.826277313167259308e+03
3.105613137603795622e+02 4.810877313167259672e+03
3.160613137603795622e+02 4.805377313167259672e+03
3.259613137603795963e+02 4.798777313167260218e+03
3.314613137603795963e+02 4.795477313167260036e+03
3.644613137603795963e+02 4.783377313167259672e+03
3.952613137603796076e+02 4.776777313167259308e+03
3.996613137603795849e+02 4.838377313167259672e+03
3.996613137603795849e+02 4.843877313167259672e+03
3.787613137603796076e+02 4.871377313167259672e+03
3.776613137603795849e+02 4.872477313167260036e+03
3.710613137603796190e+02 4.877977313167260036e+03
3.523613137603795735e+02 4.882377313167259672e+03
3.391613137603795849e+02 4.882377313167259672e+03
3.259613137603795963e+02 4.880177313167259854e+03
3.204613137603795963e+02 4.879077313167259490e+03
2.951613137603795849e+02 4.866977313167260036e+03
2.929613137603795963e+02 4.864777313167260218e+03
2.918613137603795735e+02 4.859277313167260218e+03
2.918613137603795735e+02 4.843877313167259672e+03
2.973613137603795735e+02 4.826277313167259308e+03
