1.827699346023589726e+02 8.458819204717972752e+03
1.827699346023589726e+02 8.440119204717972025e+03
1.871699346023589783e+02 8.437919204717973116e+03
2.971699346023589783e+02 8.397219204717972389e+03
3.631699346023589783e+02 8.387319204717972752e+03
3.763699346023589669e+02 8.458819204717972752e+03
3.763699346023589669e+02 8.531419204717973116e+03
3.752699346023590010e+02 8.532519204717973480e+03
3.532699346023590010e+02 8.536919204717973116e+03
2.421699346023589783e+02 8.550119204717972025e+03
1.827699346023589726e+02 8.458819204717972752e+03
