3.188080661222863910e+02 3.745869229237203854e+03
3.199080661222864137e+02 3.729369229237203854e+03
3.210080661222863796e+02 3.724969229237203763e+03
3.309080661222864137e+02 3.704069229237203672e+03
3.353080661222863910e+02 3.699669229237203581e+03
3.463080661222863910e+02 3.691969229237203763e+03
3.705080661222863796e+02 3.679869229237203854e+03
3.738080661222863910e+02 3.679869229237203854e+03
3.892080661222863682e+02 3.752469229237203763e+03
3.892080661222863682e+02 3.784369229237203854e+03
3.606080661222864023e+02 3.808569229237203672e+03
3.474080661222864137e+02 3.808569229237203672e+03
3.287080661222863682e+02 3.782169229237203581e+03
3.210080661222863796e+02 3.770069229237203672e+03
3.188080661222863910e+02 3.759069229237203672e+03
3.188080661222863910e+02 3.745869229237203854e+03
