1.427862949999999955e+03 4.581252607142857414e+03
1.424562950000000001e+03 4.569152607142857050e+03
1.424562950000000001e+03 4.554852607142856868e+03
1.425662949999999910e+03 4.552652607142857050e+03
1.427862949999999955e+03 4.550452607142857232e+03
1.466362949999999955e+03 4.524052607142857596e+03
1.480662949999999910e+03 4.522952607142857232e+03
1.492762950000000046e+03 4.522952607142857232e+03
1.566462950000000092e+03 4.552652607142857050e+03
1.570862949999999955e+03 4.554852607142856868e+03
1.577462950000000092e+03 4.561452607142857232e+03
1.588462950000000092e+03 4.623052607142857596e+03
1.588462950000000092e+03 4.650552607142857596e+03
1.570862949999999955e+03 4.687952607142857232e+03
1.567562950000000001e+03 4.694552607142857596e+03
1.566462950000000092e+03 4.695652607142857050e+03
1.554362949999999955e+03 4.706652607142857050e+03
1.551062950000000001e+03 4.707752607142857414e+03
1.536762950000000046e+03 4.707752607142857414e+03
1.534562950000000001e+03 4.706652607142857050e+03
1.509262950000000046e+03 4.684652607142857050e+03
1.482862949999999955e+03 4.661552607142857596e+03
1.478462950000000092e+03 4.657152607142857050e+03
1.427862949999999955e+03 4.581252607142857414e+03
