1.051676191811553508e+03 5.574199775659001716e+03
1.052776191811553645e+03 5.573099775659001352e+03
1.076976191811553463e+03 5.552199775659001716e+03
1.080276191811553645e+03 5.549999775659001898e+03
1.097876191811553554e+03 5.538999775659001898e+03
1.100076191811553599e+03 5.537899775659001534e+03
1.111076191811553599e+03 5.533499775659001898e+03
1.124276191811553645e+03 5.533499775659001898e+03
1.140776191811553645e+03 5.535699775659001716e+03
1.146276191811553645e+03 5.538999775659001898e+03
1.167176191811553508e+03 5.554399775659001534e+03
1.173776191811553645e+03 5.560999775659001898e+03
1.173776191811553645e+03 5.586299775659002080e+03
1.169376191811553554e+03 5.633599775659001352e+03
1.122076191811553599e+03 5.633599775659001352e+03
1.053876191811553554e+03 5.598399775659001534e+03
1.052776191811553645e+03 5.596199775659001716e+03
1.051676191811553508e+03 5.586299775659002080e+03
1.051676191811553508e+03 5.574199775659001716e+03
