6.673986597065462547e+02 1.015255459932279905e+03
6.970986597065463002e+02 9.954554599322799504e+02
7.014986597065462774e+02 9.943554599322799277e+02
7.278986597065462547e+02 9.899554599322799504e+02
7.553986597065462547e+02 9.899554599322799504e+02
7.729986597065462774e+02 9.932554599322799049e+02
7.751986597065463229e+02 9.954554599322799504e+02
7.795986597065463002e+02 1.000955459932279950e+03
7.806986597065463229e+02 1.004255459932279905e+03
7.806986597065463229e+02 1.015255459932279905e+03
7.795986597065463002e+02 1.024055459932279973e+03
7.784986597065462774e+02 1.028455459932279837e+03
7.762986597065462320e+02 1.032855459932279928e+03
7.718986597065462547e+02 1.038355459932279928e+03
7.652986597065462320e+02 1.044955459932279837e+03
7.168986597065462547e+02 1.088955459932279837e+03
7.025986597065463002e+02 1.088955459932279837e+03
6.585986597065463002e+02 1.071355459932279928e+03
6.585986597065463002e+02 1.038355459932279928e+03
6.673986597065462547e+02 1.015255459932279905e+03
