8.086568327796235280e+02 6.347895260243632038e+03
8.636568327796235280e+02 6.279695260243632219e+03
8.889568327796234826e+02 6.279695260243632219e+03
9.274568327796234826e+02 6.317095260243631856e+03
9.351568327796235280e+02 6.329195260243632219e+03
9.351568327796235280e+02 6.358895260243632038e+03
9.285568327796235053e+02 6.385295260243632583e+03
9.263568327796234598e+02 6.390795260243632583e+03
9.252568327796234371e+02 6.392995260243632401e+03
9.054568327796234826e+02 6.412795260243632583e+03
8.889568327796234826e+02 6.412795260243632583e+03
8.086568327796235280e+02 6.380895260243632038e+03
8.086568327796235280e+02 6.347895260243632038e+03
