1.064638940777994549e+03 7.608720979164528217e+03
1.065738940777994458e+03 7.597720979164528217e+03
1.066838940777994367e+03 7.593320979164528580e+03
1.074538940777994412e+03 7.575720979164528217e+03
1.092138940777994549e+03 7.550420979164528035e+03
1.100938940777994503e+03 7.541620979164528762e+03
1.115238940777994458e+03 7.541620979164528762e+03
1.129538940777994412e+03 7.542720979164528217e+03
1.148238940777994458e+03 7.553720979164528217e+03
1.149338940777994367e+03 7.554820979164528580e+03
1.163638940777994549e+03 7.573520979164528399e+03
1.171338940777994367e+03 7.587820979164528580e+03
1.176838940777994367e+03 7.603220979164528217e+03
1.177938940777994503e+03 7.606520979164528399e+03
1.177938940777994503e+03 7.618620979164528762e+03
1.176838940777994367e+03 7.627420979164528035e+03
1.172438940777994503e+03 7.661520979164528399e+03
1.171338940777994367e+03 7.665920979164528035e+03
1.170238940777994458e+03 7.668120979164528762e+03
1.168038940777994412e+03 7.670320979164528580e+03
1.163638940777994549e+03 7.673620979164528762e+03
1.161438940777994503e+03 7.674720979164528217e+03
1.142738940777994458e+03 7.680220979164528217e+03
1.132838940777994367e+03 7.680220979164528217e+03
1.127338940777994367e+03 7.679120979164528762e+03
1.118538940777994412e+03 7.676920979164528035e+03
1.115238940777994458e+03 7.675820979164528580e+03
1.097638940777994549e+03 7.662620979164528762e+03
1.081138940777994549e+03 7.648320979164528580e+03
1.078938940777994503e+03 7.646120979164528762e+03
1.064638940777994549e+03 7.621920979164528035e+03
1.064638940777994549e+03 7.608720979164528217e+03
