7.373638914873713190e+01 1.255247146866230196e+03
7.373638914873713190e+01 1.234347146866230105e+03
1.177363891487371319e+02 1.221147146866230059e+03
1.342363891487371461e+02 1.221147146866230059e+03
1.606363891487371234e+02 1.255247146866230196e+03
1.606363891487371234e+02 1.286047146866230150e+03
1.573363891487371404e+02 1.298147146866230059e+03
1.562363891487371461e+02 1.299247146866230196e+03
1.309363891487371347e+02 1.302547146866230150e+03
1.100363891487371291e+02 1.302547146866230150e+03
1.023363891487371404e+02 1.301447146866230014e+03
9.793638914873713475e+01 1.300347146866230105e+03
7.373638914873713190e+01 1.255247146866230196e+03
