6.665571867249320803e+02 3.332832455415141339e+03
6.654571867249320576e+02 3.328432455415141249e+03
6.621571867249321031e+02 3.314132455415141067e+03
6.621571867249321031e+02 3.313032455415141158e+03
7.050571867249320803e+02 3.267932455415141249e+03
7.171571867249321031e+02 3.267932455415141249e+03
7.787571867249321258e+02 3.300932455415141249e+03
7.787571867249321258e+02 3.314132455415141067e+03
7.765571867249320803e+02 3.386732455415140976e+03
7.732571867249321258e+02 3.397732455415140976e+03
7.600571867249320803e+02 3.397732455415140976e+03
7.358571867249320348e+02 3.396632455415141067e+03
7.149571867249320576e+02 3.385632455415141067e+03
6.973571867249320348e+02 3.375732455415140976e+03
6.962571867249321258e+02 3.374632455415141067e+03
6.676571867249321031e+02 3.335032455415141158e+03
6.665571867249320803e+02 3.332832455415141339e+03
