8.767862001308044455e+02 7.006507728362764283e+03
8.833862001308044682e+02 6.965807728362764465e+03
8.899862001308044910e+02 6.954807728362764465e+03
9.361862001308044228e+02 6.954807728362764465e+03
9.834862001308044910e+02 6.972407728362764828e+03
1.001086200130804400e+03 6.990007728362764283e+03
1.001086200130804400e+03 7.007607728362764647e+03
9.845862001308044000e+02 7.037307728362764465e+03
9.724862001308044910e+02 7.053807728362764465e+03
9.515862001308044000e+02 7.075807728362764465e+03
9.504862001308044910e+02 7.076907728362764828e+03
9.339862001308044910e+02 7.076907728362764828e+03
9.163862001308044682e+02 7.073607728362764647e+03
9.097862001308044455e+02 7.069207728362764101e+03
9.075862001308044000e+02 7.067007728362764283e+03
8.800862001308044000e+02 7.035107728362764647e+03
8.767862001308044455e+02 7.025207728362764101e+03
8.767862001308044455e+02 7.006507728362764283e+03
