7.979224451799751705e+02 3.826022321059164369e+03
8.023224451799751478e+02 3.826022321059164369e+03
8.353224451799751478e+02 3.828222321059164187e+03
8.408224451799751478e+02 3.829322321059164096e+03
8.562224451799751250e+02 3.837022321059164369e+03
8.727224451799751250e+02 3.848022321059164369e+03
8.760224451799751932e+02 3.860122321059164278e+03
8.760224451799751932e+02 3.875522321059164369e+03
8.716224451799752160e+02 3.893122321059164278e+03
8.672224451799751250e+02 3.897522321059164369e+03
8.430224451799751932e+02 3.911822321059164096e+03
7.957224451799751250e+02 3.917322321059164096e+03
7.957224451799751250e+02 3.870022321059164369e+03
7.979224451799751705e+02 3.826022321059164369e+03
