6.536952863798301223e+02 6.909350616607289339e+03
6.558952863798300541e+02 6.907150616607289521e+03
6.701952863798301223e+02 6.907150616607289521e+03
6.998952863798300541e+02 6.910450616607289703e+03
7.064952863798300768e+02 6.917050616607290067e+03
7.636952863798301223e+02 6.979750616607289885e+03
7.658952863798300541e+02 6.992950616607289703e+03
7.658952863798300541e+02 7.002850616607289339e+03
7.251952863798301223e+02 7.077650616607289521e+03
7.240952863798300996e+02 7.078750616607289885e+03
7.141952863798301223e+02 7.087550616607290067e+03
7.119952863798300768e+02 7.088650616607289521e+03
7.020952863798300996e+02 7.088650616607289521e+03
6.844952863798300768e+02 7.084250616607289885e+03
6.800952863798300996e+02 7.079850616607289339e+03
6.536952863798301223e+02 7.013850616607289339e+03
6.536952863798301223e+02 6.909350616607289339e+03
