1.588056284779050657e+03 2.730900736497545040e+03
1.589156284779050793e+03 2.728700736497544767e+03
1.602356284779050839e+03 2.714400736497545040e+03
1.606756284779050702e+03 2.710000736497544949e+03
1.621056284779050657e+03 2.699000736497544949e+03
1.633156284779050793e+03 2.699000736497544949e+03
1.684856284779050839e+03 2.702300736497545131e+03
1.690356284779050839e+03 2.703400736497545040e+03
1.690356284779050839e+03 2.739700736497544767e+03
1.674956284779050748e+03 2.796900736497545040e+03
1.646356284779050839e+03 2.793600736497544858e+03
1.639756284779050702e+03 2.792500736497544949e+03
1.629856284779050839e+03 2.790300736497545131e+03
1.627656284779050793e+03 2.789200736497545222e+03
1.624356284779050839e+03 2.787000736497544949e+03
1.617756284779050702e+03 2.780400736497545040e+03
1.588056284779050657e+03 2.746300736497545131e+03
1.588056284779050657e+03 2.730900736497545040e+03
