8.572323025335319358e+01 3.223541318926974782e+03
9.232323025335320210e+01 3.197141318926974691e+03
1.198232302533532021e+02 3.169641318926974691e+03
1.418232302533532163e+02 3.169641318926974691e+03
1.440232302533532049e+02 3.171841318926974509e+03
1.451232302533531993e+02 3.174041318926974782e+03
1.660232302533532049e+02 3.221341318926974509e+03
1.693232302533532163e+02 3.231241318926974600e+03
1.693232302533532163e+02 3.232341318926974509e+03
1.209232302533531964e+02 3.314841318926974509e+03
8.572323025335319358e+01 3.267541318926974782e+03
8.572323025335319358e+01 3.223541318926974782e+03
