1.571401471886959143e+03 6.308796541065646124e+03
1.611001471886959052e+03 6.266996541065645943e+03
1.613201471886959098e+03 6.264796541065646124e+03
1.652801471886959007e+03 6.264796541065646124e+03
1.700101471886959189e+03 6.282396541065646488e+03
1.700101471886959189e+03 6.320896541065646488e+03
1.675901471886959143e+03 6.368196541065645761e+03
1.652801471886959007e+03 6.368196541065645761e+03
1.574701471886959098e+03 6.324196541065645761e+03
1.571401471886959143e+03 6.320896541065646488e+03
1.571401471886959143e+03 6.308796541065646124e+03
