1.072870958690569068e+03 4.711719501169134674e+03
1.072870958690569068e+03 4.710619501169135219e+03
1.078370958690569068e+03 4.705119501169135219e+03
1.113570958690568887e+03 4.694119501169135219e+03
1.149870958690569068e+03 4.694119501169135219e+03
1.157570958690568887e+03 4.715019501169134855e+03
1.161970958690568978e+03 4.743619501169135219e+03
1.161970958690568978e+03 4.770019501169134855e+03
1.150970958690568978e+03 4.788719501169134674e+03
1.134470958690568978e+03 4.799719501169134674e+03
1.127870958690569068e+03 4.803019501169134855e+03
1.114670958690569023e+03 4.804119501169135219e+03
1.100370958690569068e+03 4.804119501169135219e+03
1.093770958690568932e+03 4.800819501169135037e+03
1.090470958690568978e+03 4.797519501169134855e+03
1.088270958690568932e+03 4.794219501169134674e+03
1.083870958690569068e+03 4.786519501169134855e+03
1.082770958690568932e+03 4.784319501169135037e+03
1.081670958690569023e+03 4.781019501169134855e+03
1.072870958690569068e+03 4.711719501169134674e+03
