1.242309997709573963e+03 4.969066147503435786e+03
1.296209997709574054e+03 4.915166147503435241e+03
1.306109997709573918e+03 4.915166147503435241e+03
1.332509997709574009e+03 4.926166147503435241e+03
1.334709997709574054e+03 4.927266147503435604e+03
1.340209997709574054e+03 4.932766147503435604e+03
1.355609997709573918e+03 4.950366147503435968e+03
1.358909997709574100e+03 4.954766147503435604e+03
1.358909997709574100e+03 4.981166147503435241e+03
1.352309997709573963e+03 5.028466147503435423e+03
1.351209997709574054e+03 5.029566147503435786e+03
1.344609997709573918e+03 5.033966147503435423e+03
1.285209997709574054e+03 5.033966147503435423e+03
1.277509997709574009e+03 5.029566147503435786e+03
1.268709997709574054e+03 5.022966147503435423e+03
1.262109997709573918e+03 5.016366147503435968e+03
1.242309997709573963e+03 4.995466147503435423e+03
1.242309997709573963e+03 4.969066147503435786e+03
