2.642447625637920510e+02 6.180663177925785021e+03
2.554447625637920396e+02 6.157563177925784657e+03
2.554447625637920396e+02 6.156463177925785203e+03
3.258447625637920737e+02 6.125663177925785021e+03
3.456447625637920851e+02 6.125663177925785021e+03
3.962447625637920510e+02 6.135563177925784657e+03
4.171447625637920851e+02 6.145463177925785203e+03
4.215447625637920623e+02 6.147663177925785021e+03
4.281447625637920851e+02 6.153163177925785021e+03
4.633447625637920737e+02 6.189463177925785203e+03
4.633447625637920737e+02 6.192763177925784476e+03
3.467447625637920510e+02 6.253263177925784476e+03
3.258447625637920737e+02 6.253263177925784476e+03
2.730447625637920623e+02 6.200463177925785203e+03
2.642447625637920510e+02 6.180663177925785021e+03
