4.230344264354818051e+01 5.678538698328935425e+03
4.010344264354817767e+01 5.674138698328935789e+03
4.010344264354817767e+01 5.663138698328935789e+03
5.220344264354817909e+01 5.649938698328935970e+03
5.330344264354818051e+01 5.648838698328935607e+03
5.550344264354818336e+01 5.647738698328936152e+03
6.760344264354817767e+01 5.642238698328936152e+03
9.840344264354817483e+01 5.638938698328935970e+03
1.105034426435481834e+02 5.638938698328935970e+03
1.600034426435481976e+02 5.652138698328935789e+03
1.732034426435481862e+02 5.656538698328935425e+03
1.765034426435481976e+02 5.659838698328935607e+03
1.787034426435481862e+02 5.663138698328935789e+03
1.820034426435481691e+02 5.682938698328935970e+03
1.820034426435481691e+02 5.699438698328935970e+03
1.721034426435481919e+02 5.715938698328935970e+03
1.699034426435482033e+02 5.718138698328935789e+03
1.314034426435481748e+02 5.743438698328935970e+03
1.204034426435481890e+02 5.743438698328935970e+03
5.220344264354817909e+01 5.697238698328936152e+03
4.230344264354818051e+01 5.678538698328935425e+03
