1.291495497688001933e+03 9.109792041859333267e+02
1.295895497688002024e+03 8.977792041859332812e+02
1.296995497688001933e+03 8.955792041859333494e+02
1.307995497688001933e+03 8.801792041859332585e+02
1.316795497688001888e+03 8.713792041859333040e+02
1.321195497688001979e+03 8.680792041859333494e+02
1.335495497688001933e+03 8.625792041859333494e+02
1.357495497688001933e+03 8.592792041859332812e+02
1.378395497688002024e+03 8.592792041859332812e+02
1.399295497688001888e+03 8.636792041859332585e+02
1.402595497688002069e+03 8.658792041859333040e+02
1.405895497688002024e+03 8.691792041859332585e+02
1.414695497688001979e+03 8.889792041859333267e+02
1.414695497688001979e+03 9.021792041859332585e+02
1.412495497688001933e+03 9.098792041859333040e+02
1.365195497688001979e+03 9.802792041859332812e+02
1.343195497688001979e+03 9.802792041859332812e+02
1.292595497688001842e+03 9.351792041859333722e+02
1.290395497688002024e+03 9.329792041859333267e+02
1.290395497688002024e+03 9.186792041859333722e+02
1.291495497688001933e+03 9.109792041859333267e+02
