1.310135763135946718e+03 5.438877631359466250e+03
1.331035763135946581e+03 5.417977631359466614e+03
1.369535763135946581e+03 5.417977631359466614e+03
1.446535763135946581e+03 5.446577631359466068e+03
1.444335763135946536e+03 5.452077631359466068e+03
1.413535763135946581e+03 5.504877631359466250e+03
1.410235763135946627e+03 5.508177631359466432e+03
1.395935763135946672e+03 5.510377631359466250e+03
1.382735763135946627e+03 5.510377631359466250e+03
1.365135763135946718e+03 5.501577631359466068e+03
1.348635763135946718e+03 5.491677631359466432e+03
1.310135763135946718e+03 5.463077631359466068e+03
1.310135763135946718e+03 5.438877631359466250e+03
