7.073420326678765377e+02 5.885802341197821988e+03
7.337420326678766287e+02 5.859402341197822352e+03
7.722420326678766287e+02 5.852802341197821988e+03
8.228420326678765377e+02 5.852802341197821988e+03
8.283420326678765377e+02 5.879202341197822534e+03
8.283420326678765377e+02 5.903402341197822352e+03
7.722420326678766287e+02 5.927602341197822170e+03
7.249420326678765605e+02 5.927602341197822170e+03
7.073420326678765377e+02 5.894602341197822170e+03
7.073420326678765377e+02 5.885802341197821988e+03
