1.133329314420803712e+03 1.726816849344508910e+03
1.176229314420803803e+03 1.686116849344508864e+03
1.222429314420803848e+03 1.691616849344508864e+03
1.237829314420803712e+03 1.730116849344508864e+03
1.237829314420803712e+03 1.741116849344508864e+03
1.207029314420803757e+03 1.759816849344508910e+03
1.204829314420803712e+03 1.760916849344508819e+03
1.188329314420803712e+03 1.764216849344509001e+03
1.174029314420803757e+03 1.764216849344509001e+03
1.154229314420803803e+03 1.757616849344508864e+03
1.143229314420803803e+03 1.752116849344508864e+03
1.135529314420803757e+03 1.747716849344509001e+03
1.133329314420803712e+03 1.745516849344508955e+03
1.130029314420803757e+03 1.741116849344508864e+03
1.130029314420803757e+03 1.730116849344508864e+03
1.133329314420803712e+03 1.726816849344508910e+03
