4.559656384742951900e+02 5.299580348258706181e+03
4.625656384742952127e+02 5.290780348258705999e+03
4.647656384742952014e+02 5.288580348258706181e+03
4.790656384742952127e+02 5.284180348258706545e+03
4.966656384742951786e+02 5.284180348258706545e+03
5.021656384742951786e+02 5.285280348258705999e+03
5.054656384742951900e+02 5.286380348258706363e+03
5.076656384742951786e+02 5.288580348258706181e+03
5.263656384742952241e+02 5.311680348258706545e+03
5.439656384742952469e+02 5.353480348258706726e+03
5.439656384742952469e+02 5.355680348258706545e+03
4.889656384742951900e+02 5.398580348258706181e+03
4.878656384742951673e+02 5.398580348258706181e+03
4.427656384742952014e+02 5.353480348258706726e+03
4.427656384742952014e+02 5.339180348258706545e+03
4.559656384742951900e+02 5.299580348258706181e+03
