1.570273187344834241e+03 5.479630517537717424e+03
1.570273187344834241e+03 5.427930517537717606e+03
1.610973187344834059e+03 5.383930517537717606e+03
1.612073187344834196e+03 5.382830517537717242e+03
1.623073187344834196e+03 5.381730517537716878e+03
1.636273187344834241e+03 5.381730517537716878e+03
1.638473187344834059e+03 5.382830517537717242e+03
1.639573187344834196e+03 5.383930517537717606e+03
1.740773187344834241e+03 5.503830517537717242e+03
1.744073187344834196e+03 5.510430517537717606e+03
1.749573187344834196e+03 5.526930517537717606e+03
1.749573187344834196e+03 5.540130517537717424e+03
1.747373187344834150e+03 5.547830517537717242e+03
1.746273187344834241e+03 5.548930517537717606e+03
1.682473187344834287e+03 5.592930517537717606e+03
1.656073187344834196e+03 5.592930517537717606e+03
1.602173187344834105e+03 5.539030517537717060e+03
1.570273187344834241e+03 5.479630517537717424e+03
