7.226078549529548809e+02 4.271120668146738353e+03
7.380078549529548582e+02 4.223820668146738171e+03
7.402078549529549036e+02 4.221620668146738353e+03
7.435078549529548582e+02 4.220520668146738899e+03
7.776078549529548809e+02 4.220520668146738899e+03
7.941078549529548809e+02 4.222720668146738717e+03
8.018078549529548127e+02 4.224920668146738535e+03
8.073078549529548127e+02 4.227120668146738353e+03
8.095078549529548582e+02 4.228220668146738717e+03
8.172078549529549036e+02 4.232620668146738353e+03
8.194078549529548354e+02 4.234820668146738171e+03
8.271078549529548809e+02 4.244720668146738717e+03
8.337078549529549036e+02 4.256820668146738171e+03
8.392078549529549036e+02 4.268920668146738535e+03
8.403078549529548127e+02 4.272220668146738717e+03
8.403078549529548127e+02 4.300820668146738171e+03
8.359078549529548354e+02 4.314020668146738899e+03
8.216078549529548809e+02 4.332720668146738717e+03
8.194078549529548354e+02 4.334920668146738535e+03
8.172078549529549036e+02 4.336020668146738899e+03
8.029078549529548354e+02 4.340420668146738535e+03
7.974078549529548354e+02 4.341520668146738899e+03
7.820078549529548582e+02 4.341520668146738899e+03
7.556078549529548809e+02 4.332720668146738717e+03
7.534078549529548354e+02 4.331620668146738353e+03
7.380078549529548582e+02 4.319520668146738899e+03
7.215078549529548582e+02 4.305220668146738717e+03
7.193078549529548127e+02 4.303020668146738899e+03
7.193078549529548127e+02 4.293120668146738353e+03
7.226078549529548809e+02 4.271120668146738353e+03
