1.128551036937047456e+03 6.696813339060006911e+03
1.174751036937047502e+03 6.620913339060007274e+03
1.175851036937047411e+03 6.620913339060007274e+03
1.179151036937047593e+03 6.622013339060007638e+03
1.211051036937047456e+03 6.637413339060007274e+03
1.222051036937047456e+03 6.696813339060006911e+03
1.222051036937047456e+03 6.759513339060007638e+03
1.197851036937047411e+03 6.766113339060007092e+03
1.163751036937047502e+03 6.768313339060007820e+03
1.148351036937047411e+03 6.768313339060007820e+03
1.146151036937047593e+03 6.767213339060007456e+03
1.134051036937047456e+03 6.760613339060007092e+03
1.132951036937047547e+03 6.759513339060007638e+03
1.128551036937047456e+03 6.752913339060007274e+03
1.128551036937047456e+03 6.696813339060006911e+03
