8.994882171340365176e+02 7.481866568047336841e+03
8.994882171340365176e+02 7.465366568047336841e+03
9.247882171340365858e+02 7.441166568047337023e+03
9.434882171340365176e+02 7.431266568047337387e+03
9.456882171340365630e+02 7.430166568047337023e+03
9.489882171340365176e+02 7.429066568047337569e+03
9.720882171340365403e+02 7.429066568047337569e+03
9.852882171340365858e+02 7.432366568047336841e+03
1.001788217134036586e+03 7.446666568047337023e+03
1.002888217134036495e+03 7.447766568047337387e+03
1.011688217134036563e+03 7.457666568047337023e+03
1.014988217134036518e+03 7.480766568047337387e+03
1.014988217134036518e+03 7.493966568047337205e+03
1.002888217134036495e+03 7.520366568047336841e+03
1.001788217134036586e+03 7.521466568047337205e+03
9.951882171340365630e+02 7.526966568047337205e+03
9.929882171340365176e+02 7.528066568047337569e+03
9.577882171340365858e+02 7.540166568047337023e+03
9.478882171340364948e+02 7.540166568047337023e+03
9.214882171340365176e+02 7.534666568047337023e+03
8.994882171340365176e+02 7.481866568047336841e+03
