9.347960215229088590e+02 7.669523169737485659e+03
9.413960215229088817e+02 7.660723169737485478e+03
9.435960215229088135e+02 7.658523169737485659e+03
9.479960215229089044e+02 7.655223169737485478e+03
9.930960215229088135e+02 7.633223169737485478e+03
1.004096021522908813e+03 7.633223169737485478e+03
1.018396021522908882e+03 7.647523169737485659e+03
1.020596021522908813e+03 7.651923169737485296e+03
1.038196021522908950e+03 7.689323169737485841e+03
1.044796021522908859e+03 7.705823169737485841e+03
1.046996021522908904e+03 7.712423169737486205e+03
9.710960215229088135e+02 7.732223169737485478e+03
9.545960215229088135e+02 7.732223169737485478e+03
9.171960215229088362e+02 7.709123169737486023e+03
9.182960215229088590e+02 7.701423169737486205e+03
9.193960215229088817e+02 7.699223169737485478e+03
9.347960215229088590e+02 7.669523169737485659e+03
