6.946628594158427177e+02 5.513706421184225292e+03
7.155628594158426949e+02 5.490606421184225837e+03
7.298628594158426495e+02 5.475206421184225292e+03
7.474628594158426722e+02 5.470806421184225655e+03
7.595628594158426949e+02 5.470806421184225655e+03
7.694628594158426722e+02 5.475206421184225292e+03
7.782628594158427404e+02 5.479606421184225837e+03
7.870628594158426949e+02 5.486206421184225292e+03
8.046628594158427177e+02 5.544506421184225474e+03
8.046628594158427177e+02 5.585206421184225292e+03
7.903628594158426495e+02 5.603906421184225110e+03
7.892628594158427404e+02 5.605006421184225474e+03
7.815628594158426949e+02 5.610506421184225474e+03
7.793628594158427632e+02 5.611606421184225837e+03
7.650628594158426949e+02 5.611606421184225837e+03
7.628628594158426495e+02 5.610506421184225474e+03
7.276628594158427177e+02 5.581906421184225110e+03
6.946628594158427177e+02 5.544506421184225474e+03
6.946628594158427177e+02 5.513706421184225292e+03
