1.424761380985426740e+03 7.656064191533657322e+03
1.435761380985426740e+03 7.640664191533656776e+03
1.455561380985426695e+03 7.626364191533657504e+03
1.481961380985426786e+03 7.607664191533656776e+03
1.483061380985426695e+03 7.607664191533656776e+03
1.520461380985426786e+03 7.645064191533657322e+03
1.511661380985426831e+03 7.694564191533657322e+03
1.509461380985426786e+03 7.696764191533657140e+03
1.494061380985426695e+03 7.705564191533657322e+03
1.480861380985426877e+03 7.712164191533656776e+03
1.455561380985426695e+03 7.712164191533656776e+03
1.452261380985426740e+03 7.711064191533657322e+03
1.437961380985426786e+03 7.705564191533657322e+03
1.430261380985426740e+03 7.698964191533656958e+03
1.429161380985426831e+03 7.697864191533657504e+03
1.426961380985426786e+03 7.693464191533656958e+03
1.425861380985426877e+03 7.686864191533657504e+03
1.424761380985426740e+03 7.672564191533657322e+03
1.424761380985426740e+03 7.656064191533657322e+03
