1.171538993055555466e+03 1.913368402777777817e+02
1.191338993055555648e+03 1.187368402777777732e+02
1.196838993055555648e+03 1.187368402777777732e+02
1.199038993055555466e+03 1.198368402777777675e+02
1.226538993055555466e+03 1.341368402777777646e+02
1.238638993055555602e+03 1.429368402777777760e+02
1.287038993055555466e+03 1.913368402777777817e+02
1.287038993055555466e+03 1.990368402777777703e+02
1.222138993055555602e+03 2.639368402777777760e+02
1.184738993055555511e+03 2.639368402777777760e+02
1.183638993055555602e+03 2.628368402777778101e+02
1.181438993055555557e+03 2.595368402777777987e+02
1.173738993055555511e+03 2.408368402777777817e+02
1.171538993055555466e+03 2.254368402777777760e+02
1.171538993055555466e+03 1.913368402777777817e+02
