5.775066376745250096e+01 1.123090981918059015e+03
5.995066376745250381e+01 1.116490981918059106e+03
6.215066376745250665e+01 1.112090981918059015e+03
6.435066376745250238e+01 1.108790981918059060e+03
6.875066376745249386e+01 1.106590981918059015e+03
8.305066376745250523e+01 1.106590981918059015e+03
9.845066376745251091e+01 1.110990981918059106e+03
1.380506637674525052e+02 1.124190981918059151e+03
1.402506637674525223e+02 1.125290981918059060e+03
1.413506637674525166e+02 1.126390981918058969e+03
1.457506637674525223e+02 1.135190981918059151e+03
1.578506637674525166e+02 1.165990981918059106e+03
1.578506637674525166e+02 1.206690981918059151e+03
1.358506637674525166e+02 1.228690981918059151e+03
1.061506637674525138e+02 1.241890981918058969e+03
7.425066376745250807e+01 1.241890981918058969e+03
4.895066376745250381e+01 1.220990981918059106e+03
5.775066376745250096e+01 1.123090981918059015e+03
