1.232255609756097556e+03 2.380923924611973234e+03
1.231155609756097647e+03 2.375423924611973234e+03
1.289455609756097601e+03 2.355623924611973507e+03
1.307055609756097510e+03 2.355623924611973507e+03
1.364255609756097556e+03 2.390823924611973325e+03
1.364255609756097556e+03 2.395223924611973416e+03
1.360955609756097601e+03 2.398523924611973598e+03
1.335655609756097647e+03 2.421623924611973507e+03
1.299355609756097465e+03 2.421623924611973507e+03
1.286155609756097647e+03 2.420523924611973598e+03
1.280655609756097647e+03 2.419423924611973234e+03
1.257555609756097510e+03 2.413923924611973234e+03
1.248755609756097556e+03 2.410623924611973507e+03
1.246555609756097510e+03 2.409523924611973598e+03
1.245455609756097601e+03 2.408423924611973234e+03
1.242155609756097647e+03 2.402923924611973234e+03
1.237755609756097556e+03 2.395223924611973416e+03
1.232255609756097556e+03 2.380923924611973234e+03
