1.420324455290221294e+03 8.261136831096391688e+03
1.431324455290221294e+03 8.250136831096391688e+03
1.473124455290221249e+03 8.219336831096392416e+03
1.552324455290221294e+03 8.219336831096392416e+03
1.594124455290221476e+03 8.261136831096391688e+03
1.594124455290221476e+03 8.272136831096391688e+03
1.582024455290221340e+03 8.288636831096391688e+03
1.575424455290221431e+03 8.295236831096392052e+03
1.571024455290221340e+03 8.298536831096391325e+03
1.564424455290221431e+03 8.302936831096390961e+03
1.562224455290221385e+03 8.304036831096391325e+03
1.544624455290221249e+03 8.311736831096392052e+03
1.541324455290221294e+03 8.312836831096392416e+03
1.454424455290221431e+03 8.337036831096391325e+03
1.420324455290221294e+03 8.286436831096392780e+03
1.420324455290221294e+03 8.261136831096391688e+03
