1.493397417819688144e+03 6.181224773067770911e+03
1.556097417819687962e+03 6.118524773067771093e+03
1.571497417819688053e+03 6.117424773067770730e+03
1.583597417819687962e+03 6.117424773067770730e+03
1.591297417819688008e+03 6.118524773067771093e+03
1.605597417819687962e+03 6.126224773067770911e+03
1.608897417819688144e+03 6.129524773067771093e+03
1.647397417819688144e+03 6.180124773067771457e+03
1.647397417819688144e+03 6.185624773067771457e+03
1.594597417819687962e+03 6.267024773067771093e+03
1.569297417819688008e+03 6.269224773067770911e+03
1.563797417819688008e+03 6.269224773067770911e+03
1.497797417819688008e+03 6.212024773067771093e+03
1.490097417819687962e+03 6.204324773067771275e+03
1.488997417819688053e+03 6.202124773067771457e+03
1.488997417819688053e+03 6.191124773067771457e+03
1.493397417819688144e+03 6.181224773067770911e+03
