8.980342839429633841e+02 6.143862368257903483e+01
9.046342839429634068e+02 5.483862368257904052e+01
9.057342839429634296e+02 5.483862368257904052e+01
9.156342839429634068e+02 6.473862368257904620e+01
9.387342839429634296e+02 1.032386236825790462e+02
9.387342839429634296e+02 1.516386236825790377e+02
9.365342839429633841e+02 1.868386236825790547e+02
9.321342839429634068e+02 1.912386236825790604e+02
9.046342839429634068e+02 1.912386236825790604e+02
8.111342839429634068e+02 1.538386236825790547e+02
8.111342839429634068e+02 1.516386236825790377e+02
8.980342839429633841e+02 6.143862368257903483e+01
