4.365241687522345160e+02 2.855228759385055582e+03
4.387241687522345046e+02 2.845328759385055491e+03
4.398241687522345273e+02 2.843128759385055218e+03
4.420241687522345160e+02 2.839828759385055491e+03
4.431241687522345387e+02 2.838728759385055582e+03
4.585241687522345160e+02 2.824428759385055400e+03
4.772241687522345046e+02 2.811228759385055582e+03
5.377241687522345046e+02 2.787028759385055309e+03
5.487241687522345046e+02 2.787028759385055309e+03
5.641241687522345956e+02 2.788128759385055218e+03
6.015241687522345728e+02 2.803528759385055309e+03
6.015241687522345728e+02 2.816728759385055582e+03
5.850241687522345728e+02 2.876128759385055218e+03
5.784241687522345501e+02 2.889328759385055491e+03
5.729241687522345501e+02 2.897028759385055309e+03
5.344241687522345501e+02 2.946528759385055309e+03
5.333241687522345273e+02 2.947628759385055218e+03
5.311241687522345956e+02 2.948728759385055582e+03
5.223241687522345273e+02 2.949828759385055491e+03
5.058241687522345273e+02 2.949828759385055491e+03
4.981241687522345387e+02 2.943228759385055582e+03
4.431241687522345387e+02 2.894828759385055491e+03
4.420241687522345160e+02 2.893728759385055582e+03
4.365241687522345160e+02 2.866228759385055582e+03
4.365241687522345160e+02 2.855228759385055582e+03
