1.401014021551150790e+03 5.080654276972196385e+03
1.405414021551150654e+03 5.081754276972196749e+03
1.408714021551150609e+03 5.082854276972196203e+03
1.456014021551150790e+03 5.100454276972196567e+03
1.465914021551150654e+03 5.107054276972196021e+03
1.472514021551150790e+03 5.112554276972196021e+03
1.485714021551150836e+03 5.132354276972196203e+03
1.491214021551150836e+03 5.141154276972196385e+03
1.494514021551150790e+03 5.146654276972196385e+03
1.494514021551150790e+03 5.152154276972196385e+03
1.432914021551150654e+03 5.213754276972196749e+03
1.428514021551150790e+03 5.213754276972196749e+03
1.418614021551150699e+03 5.212654276972196385e+03
1.413114021551150699e+03 5.210454276972196567e+03
1.410914021551150654e+03 5.209354276972196203e+03
1.402114021551150699e+03 5.203854276972196203e+03
1.388914021551150654e+03 5.195054276972196021e+03
1.387814021551150745e+03 5.193954276972196567e+03
1.387814021551150745e+03 5.152154276972196385e+03
1.401014021551150790e+03 5.080654276972196385e+03
