3.154547672207061737e+02 7.023915810799636347e+03
3.165547672207061964e+02 7.022815810799635983e+03
3.418547672207062078e+02 6.998615810799636165e+03
3.473547672207062078e+02 6.994215810799636529e+03
3.627547672207061851e+02 6.994215810799636529e+03
3.726547672207062192e+02 6.998615810799636165e+03
3.770547672207061964e+02 7.003015810799635801e+03
4.012547672207061851e+02 7.030515810799635801e+03
4.254547672207062305e+02 7.077815810799635983e+03
4.254547672207062305e+02 7.088815810799635983e+03
4.001547672207062192e+02 7.131715810799636529e+03
3.968547672207062078e+02 7.135015810799635801e+03
3.792547672207061851e+02 7.151515810799635801e+03
3.682547672207061851e+02 7.159215810799636529e+03
3.572547672207061851e+02 7.159215810799636529e+03
3.440547672207061964e+02 7.153715810799636529e+03
2.736547672207061623e+02 7.121815810799635983e+03
2.736547672207061623e+02 7.100915810799636347e+03
3.154547672207061737e+02 7.023915810799636347e+03
