1.693131447587354387e+03 7.297922106013786106e+03
1.693131447587354387e+03 7.296822106013786652e+03
1.745931447587354342e+03 7.292422106013786106e+03
1.799831447587354432e+03 7.292422106013786106e+03
1.799831447587354432e+03 7.300122106013786834e+03
1.796531447587354478e+03 7.310022106013786470e+03
1.794331447587354432e+03 7.315522106013786470e+03
1.770131447587354387e+03 7.351822106013786652e+03
1.767931447587354342e+03 7.354022106013786470e+03
1.749231447587354523e+03 7.356222106013786288e+03
1.728331447587354432e+03 7.356222106013786288e+03
1.721731447587354296e+03 7.351822106013786652e+03
1.708531447587354478e+03 7.340822106013786652e+03
1.705231447587354523e+03 7.337522106013786470e+03
1.693131447587354387e+03 7.297922106013786106e+03
