1.640539713896457670e+03 6.600891679641884366e+03
1.639439713896457761e+03 6.597591679641884184e+03
1.639439713896457761e+03 6.587691679641883638e+03
1.705439713896457761e+03 6.559091679641884184e+03
1.746139713896457806e+03 6.559091679641884184e+03
1.750539713896457670e+03 6.561291679641884002e+03
1.760439713896457761e+03 6.573391679641884366e+03
1.768139713896457806e+03 6.593191679641883638e+03
1.769239713896457715e+03 6.598691679641883638e+03
1.772539713896457670e+03 6.636091679641884184e+03
1.772539713896457670e+03 6.639391679641884366e+03
1.705439713896457761e+03 6.706491679641883820e+03
1.694439713896457761e+03 6.706491679641883820e+03
1.691139713896457806e+03 6.703191679641883638e+03
1.663639713896457806e+03 6.653691679641883638e+03
1.659239713896457715e+03 6.644891679641884366e+03
1.640539713896457670e+03 6.600891679641884366e+03
