1.582777279132791364e+03 2.257395262872628791e+03
1.582777279132791364e+03 2.238695262872628518e+03
1.583877279132791273e+03 2.235395262872628791e+03
1.588277279132791364e+03 2.227695262872628518e+03
1.592677279132791227e+03 2.223295262872628882e+03
1.645477279132791409e+03 2.183695262872628518e+03
1.652077279132791318e+03 2.183695262872628518e+03
1.677377279132791273e+03 2.208995262872628700e+03
1.699377279132791273e+03 2.255195262872628518e+03
1.699377279132791273e+03 2.346495262872628700e+03
1.698277279132791364e+03 2.348695262872628518e+03
1.688377279132791273e+03 2.358595262872628609e+03
1.686177279132791227e+03 2.359695262872628973e+03
1.674077279132791318e+03 2.359695262872628973e+03
1.663077279132791318e+03 2.356395262872628791e+03
1.661977279132791409e+03 2.355295262872628882e+03
1.582777279132791364e+03 2.257395262872628791e+03
