1.345275813008130172e+03 5.549149611973392894e+03
1.356275813008130172e+03 5.530449611973392166e+03
1.380475813008129990e+03 5.519449611973392166e+03
1.389275813008130172e+03 5.518349611973392712e+03
1.414575813008130126e+03 5.518349611973392712e+03
1.416775813008130172e+03 5.519449611973392166e+03
1.446475813008129990e+03 5.543649611973391984e+03
1.448675813008130035e+03 5.548049611973392530e+03
1.448675813008130035e+03 5.562349611973392712e+03
1.439875813008130081e+03 5.596449611973392166e+03
1.393675813008130035e+03 5.596449611973392166e+03
1.344175813008130035e+03 5.583249611973392348e+03
1.343075813008130126e+03 5.581049611973392530e+03
1.343075813008130126e+03 5.563449611973392166e+03
1.345275813008130172e+03 5.549149611973392894e+03
