1.348457266357266235e+03 1.915934297934298058e+02
1.347357266357266326e+03 1.486934297934298002e+02
1.347357266357266326e+03 1.332934297934297945e+02
1.349557266357266371e+03 1.310934297934297774e+02
1.360557266357266371e+03 1.222934297934297945e+02
1.371557266357266371e+03 1.222934297934297945e+02
1.386957266357266235e+03 1.244934297934297831e+02
1.389157266357266280e+03 1.255934297934297916e+02
1.419957266357266235e+03 1.486934297934298002e+02
1.425457266357266462e+03 1.530934297934297774e+02
1.443057266357266371e+03 1.706934297934298002e+02
1.448557266357266371e+03 1.816934297934298002e+02
1.449657266357266280e+03 1.860934297934297774e+02
1.454057266357266371e+03 2.135934297934298058e+02
1.454057266357266371e+03 2.333934297934297888e+02
1.452957266357266462e+03 2.366934297934298002e+02
1.450757266357266417e+03 2.410934297934298058e+02
1.445257266357266417e+03 2.498934297934297888e+02
1.428757266357266417e+03 2.751934297934298002e+02
1.424357266357266326e+03 2.817934297934298229e+02
1.421057266357266371e+03 2.861934297934298002e+02
1.415557266357266371e+03 2.916934297934298002e+02
1.412257266357266417e+03 2.927934297934298229e+02
1.407857266357266326e+03 2.938934297934297888e+02
1.401257266357266417e+03 2.949934297934298115e+02
1.389157266357266280e+03 2.949934297934298115e+02
1.379257266357266417e+03 2.905934297934297774e+02
1.375957266357266235e+03 2.850934297934297774e+02
1.373757266357266417e+03 2.806934297934298002e+02
1.364957266357266235e+03 2.531934297934298002e+02
1.348457266357266235e+03 1.915934297934298058e+02
