8.375546395980724128e+02 8.390008674254075231e+03
8.375546395980724128e+02 8.375708674254075959e+03
8.452546395980723446e+02 8.368008674254075231e+03
9.002546395980723446e+02 8.328408674254074867e+03
9.079546395980723901e+02 8.328408674254074867e+03
9.420546395980724128e+02 8.362508674254075231e+03
9.420546395980724128e+02 8.390008674254075231e+03
9.376546395980724355e+02 8.479108674254075595e+03
9.310546395980724128e+02 8.481308674254076323e+03
9.233546395980723673e+02 8.483508674254075231e+03
9.178546395980723673e+02 8.484608674254075595e+03
9.112546395980723446e+02 8.485708674254075959e+03
8.782546395980723446e+02 8.490108674254075595e+03
8.661546395980724355e+02 8.491208674254075959e+03
8.639546395980723901e+02 8.491208674254075959e+03
8.375546395980724128e+02 8.390008674254075231e+03
