1.693475207986688929e+03 1.409073024126455948e+03
1.693475207986688929e+03 1.380473024126455812e+03
1.723175207986688747e+03 1.374973024126455812e+03
1.746275207986688883e+03 1.374973024126455812e+03
1.774875207986688793e+03 1.409073024126455948e+03
1.774875207986688793e+03 1.433273024126455994e+03
1.755075207986688838e+03 1.462973024126455812e+03
1.752875207986688793e+03 1.464073024126455948e+03
1.731975207986688929e+03 1.466273024126455994e+03
1.722075207986688838e+03 1.466273024126455994e+03
1.711075207986688838e+03 1.460773024126455994e+03
1.700075207986688838e+03 1.447573024126455948e+03
1.693475207986688929e+03 1.409073024126455948e+03
