1.366422089487402218e+03 1.847078649000868836e+03
1.390622089487402263e+03 1.856978649000868700e+03
1.421422089487402218e+03 1.881178649000868745e+03
1.425822089487402309e+03 1.896578649000868836e+03
1.426922089487402218e+03 1.900978649000868700e+03
1.426922089487402218e+03 1.920778649000868882e+03
1.423622089487402263e+03 1.927378649000868791e+03
1.415922089487402218e+03 1.935078649000868836e+03
1.407122089487402263e+03 1.939478649000868700e+03
1.388422089487402218e+03 1.939478649000868700e+03
1.384022089487402354e+03 1.938378649000868791e+03
1.376322089487402309e+03 1.936178649000868745e+03
1.369722089487402172e+03 1.933978649000868700e+03
1.351022089487402354e+03 1.926278649000868882e+03
1.334522089487402354e+03 1.916378649000868791e+03
1.333422089487402218e+03 1.915278649000868882e+03
1.333422089487402218e+03 1.902078649000868836e+03
1.366422089487402218e+03 1.847078649000868836e+03
