1.221423246878001919e+03 5.412713088376561245e+03
1.258823246878002010e+03 5.358813088376560700e+03
1.274223246878001873e+03 5.358813088376560700e+03
1.342423246878001919e+03 5.405013088376561427e+03
1.345723246878001873e+03 5.408313088376560700e+03
1.343523246878001828e+03 5.416013088376561427e+03
1.318223246878001873e+03 5.473213088376561245e+03
1.317123246878001964e+03 5.475413088376561063e+03
1.303923246878001919e+03 5.475413088376561063e+03
1.220323246878002010e+03 5.474313088376560700e+03
1.215923246878001919e+03 5.473213088376561245e+03
1.213723246878001873e+03 5.472113088376560881e+03
1.206023246878001828e+03 5.464413088376561063e+03
1.203823246878002010e+03 5.460013088376561427e+03
1.203823246878002010e+03 5.444613088376560881e+03
1.221423246878001919e+03 5.412713088376561245e+03
