1.581993743589743644e+03 1.519982962962963029e+03
1.584193743589743690e+03 1.518882962962962893e+03
1.640293743589743599e+03 1.499082962962962938e+03
1.662293743589743599e+03 1.499082962962962938e+03
1.730493743589743644e+03 1.503482962962963029e+03
1.730493743589743644e+03 1.546382962962962893e+03
1.694193743589743690e+03 1.582682962962962847e+03
1.662293743589743599e+03 1.600282962962962984e+03
1.660093743589743553e+03 1.600282962962962984e+03
1.618293743589743599e+03 1.582682962962962847e+03
1.581993743589743644e+03 1.546382962962962893e+03
1.581993743589743644e+03 1.519982962962963029e+03
