1.310375003940110219e+03 1.586748353033884996e+03
1.310375003940110219e+03 1.575748353033884996e+03
1.344475003940110355e+03 1.554848353033884905e+03
1.358775003940110309e+03 1.547148353033884860e+03
1.380775003940110309e+03 1.543848353033884905e+03
1.392875003940110219e+03 1.542748353033884996e+03
1.393975003940110355e+03 1.542748353033884996e+03
1.433575003940110264e+03 1.587848353033884905e+03
1.433575003940110264e+03 1.613148353033884860e+03
1.426975003940110355e+03 1.619748353033884996e+03
1.396175003940110400e+03 1.627448353033885041e+03
1.375275003940110309e+03 1.627448353033885041e+03
1.337875003940110219e+03 1.624148353033884860e+03
1.332375003940110219e+03 1.623048353033884950e+03
1.323575003940110264e+03 1.619748353033884996e+03
1.319175003940110400e+03 1.616448353033885041e+03
1.318075003940110264e+03 1.615348353033884905e+03
1.316975003940110355e+03 1.613148353033884860e+03
1.310375003940110219e+03 1.586748353033884996e+03
