6.676931423482261607e+02 6.722621508089654526e+03
6.676931423482261607e+02 6.675321508089654344e+03
6.687931423482261835e+02 6.674221508089653980e+03
6.808931423482262062e+02 6.669821508089654344e+03
6.874931423482262289e+02 6.667621508089654526e+03
7.182931423482261835e+02 6.667621508089654526e+03
7.204931423482262289e+02 6.668721508089653980e+03
7.270931423482262517e+02 6.673121508089654526e+03
7.358931423482262062e+02 6.680821508089654344e+03
7.457931423482261835e+02 6.690721508089653980e+03
7.908931423482262062e+02 6.806221508089653980e+03
7.930931423482262517e+02 6.813921508089653798e+03
7.930931423482262517e+02 6.828221508089653980e+03
7.886931423482262744e+02 6.865621508089654526e+03
7.875931423482262517e+02 6.873321508089654344e+03
7.809931423482262289e+02 6.883221508089653980e+03
7.754931423482262289e+02 6.887621508089654526e+03
7.072931423482261835e+02 6.887621508089654526e+03
7.039931423482262289e+02 6.886521508089654162e+03
6.951931423482261607e+02 6.877721508089653980e+03
6.940931423482262517e+02 6.875521508089654162e+03
6.830931423482262517e+02 6.827121508089654526e+03
6.676931423482261607e+02 6.722621508089654526e+03
