8.304823550295858468e+02 5.581446082840237068e+03
8.898823550295858240e+02 5.520946082840237068e+03
8.931823550295857785e+02 5.517646082840236886e+03
9.195823550295857558e+02 5.528646082840236886e+03
9.206823550295857785e+02 5.529746082840236340e+03
9.426823550295857785e+02 5.552846082840236704e+03
9.437823550295858013e+02 5.555046082840236522e+03
9.437823550295858013e+02 5.566046082840236522e+03
9.426823550295857785e+02 5.622146082840236886e+03
9.415823550295857558e+02 5.623246082840236340e+03
8.942823550295858013e+02 5.654046082840236522e+03
8.656823550295857785e+02 5.654046082840236522e+03
8.304823550295858468e+02 5.617746082840236340e+03
8.304823550295858468e+02 5.581446082840237068e+03
