4.738374118476727972e+02 6.092305394922425876e+03
5.046374118476727517e+02 6.050505394922425694e+03
5.266374118476727517e+02 6.035105394922426058e+03
5.332374118476727745e+02 6.035105394922426058e+03
5.530374118476727290e+02 6.109905394922426240e+03
5.530374118476727290e+02 6.127505394922425694e+03
5.211374118476727517e+02 6.159405394922426240e+03
4.595374118476727858e+02 6.159405394922426240e+03
4.562374118476727745e+02 6.156105394922426058e+03
4.562374118476727745e+02 6.136305394922425876e+03
4.738374118476727972e+02 6.092305394922425876e+03
