1.370933586097946318e+03 8.243194091627172384e+03
1.388533586097946227e+03 8.207994091627171656e+03
1.395133586097946363e+03 8.207994091627171656e+03
1.419333586097946409e+03 8.221194091627172384e+03
1.441333586097946409e+03 8.243194091627172384e+03
1.441333586097946409e+03 8.250894091627171292e+03
1.429233586097946272e+03 8.287194091627172384e+03
1.395133586097946363e+03 8.287194091627172384e+03
1.377533586097946227e+03 8.276194091627172384e+03
1.370933586097946318e+03 8.262994091627171656e+03
1.370933586097946318e+03 8.243194091627172384e+03
