4.679410770194114093e+02 2.142160663744521116e+03
4.690410770194113752e+02 2.139960663744520843e+03
4.712410770194113638e+02 2.136660663744521116e+03
4.778410770194113866e+02 2.127860663744520934e+03
4.855410770194113752e+02 2.119060663744520753e+03
4.888410770194113866e+02 2.115760663744521025e+03
5.262410770194113638e+02 2.083860663744520934e+03
5.273410770194113866e+02 2.083860663744520934e+03
5.867410770194113638e+02 2.131160663744521116e+03
5.900410770194114320e+02 2.136660663744521116e+03
5.933410770194113866e+02 2.146560663744520753e+03
5.955410770194114320e+02 2.165260663744521025e+03
5.955410770194114320e+02 2.176260663744521025e+03
5.922410770194113638e+02 2.186160663744521116e+03
5.911410770194114548e+02 2.188360663744520934e+03
5.768410770194113866e+02 2.200460663744520843e+03
5.207410770194113638e+02 2.200460663744520843e+03
4.613410770194113866e+02 2.160860663744520934e+03
4.613410770194113866e+02 2.159760663744521025e+03
4.679410770194114093e+02 2.142160663744521116e+03
