1.633158982219497148e+03 8.141542397302268910e+03
1.634258982219497284e+03 8.140442397302268546e+03
1.639758982219497284e+03 8.136042397302268910e+03
1.644158982219497148e+03 8.133842397302268182e+03
1.657358982219497193e+03 8.132742397302268728e+03
1.692558982219497238e+03 8.130542397302268910e+03
1.703558982219497238e+03 8.130542397302268910e+03
1.714558982219497238e+03 8.132742397302268728e+03
1.714558982219497238e+03 8.164642397302268364e+03
1.694758982219497284e+03 8.191042397302268910e+03
1.673858982219497193e+03 8.191042397302268910e+03
1.646358982219497193e+03 8.177842397302268182e+03
1.633158982219497148e+03 8.164642397302268364e+03
1.633158982219497148e+03 8.141542397302268910e+03
