1.276103929779352484e+03 9.947848767917538453e+02
1.278303929779352529e+03 9.903848767917538680e+02
1.282703929779352620e+03 9.826848767917539362e+02
1.293703929779352620e+03 9.716848767917539362e+02
1.299203929779352620e+03 9.672848767917539590e+02
1.322303929779352529e+03 9.507848767917538453e+02
1.325603929779352484e+03 9.507848767917538453e+02
1.368503929779352575e+03 9.716848767917539362e+02
1.376203929779352620e+03 9.793848767917538680e+02
1.376203929779352620e+03 1.025584876791753913e+03
1.313503929779352575e+03 1.062984876791754004e+03
1.288203929779352620e+03 1.062984876791754004e+03
1.276103929779352484e+03 1.053084876791753913e+03
1.276103929779352484e+03 9.947848767917538453e+02
