9.419013795316009237e+02 5.895029964709656269e+03
9.859013795316009237e+02 5.851029964709656269e+03
9.870013795316009464e+02 5.851029964709656269e+03
1.013401379531600924e+03 5.859829964709656451e+03
1.059601379531600969e+03 5.906029964709656269e+03
1.059601379531600969e+03 5.920329964709656451e+03
1.012301379531600901e+03 5.954429964709656815e+03
9.892013795316008782e+02 5.954429964709656815e+03
9.397013795316008782e+02 5.923629964709656633e+03
9.397013795316008782e+02 5.922529964709656269e+03
9.419013795316009237e+02 5.895029964709656269e+03
