1.732971105126670636e+03 3.319852094554159066e+03
1.734071105126670773e+03 3.315452094554158975e+03
1.738471105126670636e+03 3.298952094554158975e+03
1.739571105126670545e+03 3.295652094554159248e+03
1.740671105126670682e+03 3.293452094554158975e+03
1.745071105126670545e+03 3.287952094554158975e+03
1.757171105126670682e+03 3.275852094554159066e+03
1.770371105126670727e+03 3.265952094554158975e+03
1.773671105126670682e+03 3.264852094554159066e+03
1.797871105126670727e+03 3.263752094554159157e+03
1.816571105126670773e+03 3.263752094554159157e+03
1.835271105126670591e+03 3.273652094554159248e+03
1.846271105126670591e+03 3.282452094554158975e+03
1.848471105126670636e+03 3.284652094554159248e+03
1.861671105126670682e+03 3.304452094554158975e+03
1.863871105126670727e+03 3.309952094554158975e+03
1.864971105126670636e+03 3.327552094554159339e+03
1.864971105126670636e+03 3.337452094554159430e+03
1.860571105126670773e+03 3.357252094554159157e+03
1.857271105126670591e+03 3.363852094554159066e+03
1.856171105126670682e+03 3.364952094554158975e+03
1.849571105126670773e+03 3.368252094554159157e+03
1.833071105126670773e+03 3.372652094554159248e+03
1.805571105126670773e+03 3.375952094554159430e+03
1.780271105126670591e+03 3.375952094554159430e+03
1.775871105126670727e+03 3.374852094554159066e+03
1.737371105126670727e+03 3.355052094554159339e+03
1.736271105126670591e+03 3.353952094554158975e+03
1.735171105126670682e+03 3.351752094554159157e+03
1.732971105126670636e+03 3.346252094554159157e+03
1.732971105126670636e+03 3.319852094554159066e+03
