5.973417428198433754e+02 5.287157441253263642e+03
6.039417428198432845e+02 5.280557441253264187e+03
6.248417428198433754e+02 5.268457441253263823e+03
6.347417428198433527e+02 5.268457441253263823e+03
6.578417428198433754e+02 5.277257441253264005e+03
6.765417428198433072e+02 5.287157441253263642e+03
6.897417428198433527e+02 5.298157441253263642e+03
6.919417428198432845e+02 5.300357441253263460e+03
6.985417428198433072e+02 5.309157441253263642e+03
7.007417428198433527e+02 5.323457441253263823e+03
7.007417428198433527e+02 5.333357441253263460e+03
6.930417428198433072e+02 5.353157441253263642e+03
6.798417428198433754e+02 5.366357441253263460e+03
6.413417428198433754e+02 5.366357441253263460e+03
6.259417428198432845e+02 5.355357441253263460e+03
5.973417428198433754e+02 5.320157441253263642e+03
5.973417428198433754e+02 5.287157441253263642e+03
