1.370397068280688472e+03 3.581597068280688291e+03
1.374797068280688563e+03 3.574997068280688381e+03
1.380297068280688563e+03 3.568397068280688472e+03
1.381397068280688472e+03 3.567297068280688563e+03
1.408897068280688472e+03 3.545297068280688563e+03
1.446297068280688563e+03 3.539797068280688563e+03
1.456197068280688427e+03 3.539797068280688563e+03
1.479297068280688563e+03 3.583797068280688563e+03
1.479297068280688563e+03 3.584897068280688472e+03
1.471597068280688518e+03 3.605797068280688563e+03
1.408897068280688472e+03 3.636597068280688291e+03
1.396797068280688563e+03 3.636597068280688291e+03
1.380297068280688563e+03 3.613497068280688381e+03
1.371497068280688381e+03 3.595897068280688472e+03
1.370397068280688472e+03 3.591497068280688381e+03
1.370397068280688472e+03 3.581597068280688291e+03
