4.068747532747173068e+01 4.529288652431365335e+03
3.958747532747173636e+01 4.525988652431365153e+03
3.958747532747173636e+01 4.516088652431365517e+03
4.618747532747173068e+01 4.496288652431365335e+03
5.168747532747173068e+01 4.485288652431365335e+03
9.018747532747173068e+01 4.423688652431365881e+03
9.568747532747173068e+01 4.418188652431365881e+03
1.000874753274717364e+02 4.414888652431365699e+03
1.044874753274717420e+02 4.413788652431365335e+03
1.253874753274717335e+02 4.413788652431365335e+03
1.275874753274717364e+02 4.414888652431365699e+03
1.594874753274717420e+02 4.432488652431365153e+03
1.891874753274717591e+02 4.458888652431365699e+03
1.913874753274717477e+02 4.461088652431365517e+03
2.001874753274717591e+02 4.472088652431365517e+03
2.056874753274717591e+02 4.481988652431365153e+03
2.056874753274717591e+02 4.494088652431365517e+03
1.990874753274717364e+02 4.686588652431365517e+03
1.935874753274717364e+02 4.705288652431365335e+03
1.924874753274717420e+02 4.707488652431365153e+03
1.880874753274717364e+02 4.714088652431365517e+03
1.627874753274717534e+02 4.723988652431365153e+03
1.462874753274717534e+02 4.723988652431365153e+03
1.440874753274717364e+02 4.722888652431365699e+03
1.363874753274717477e+02 4.715188652431365881e+03
1.242874753274717392e+02 4.700888652431365699e+03
1.110874753274717364e+02 4.684388652431365699e+03
1.044874753274717420e+02 4.671188652431365881e+03
5.278747532747173921e+01 4.560088652431365517e+03
4.068747532747173068e+01 4.529288652431365335e+03
