1.656908389495700703e+03 1.593258145479897621e+03
1.676708389495700658e+03 1.575658145479897712e+03
1.691008389495700612e+03 1.575658145479897712e+03
1.741608389495700749e+03 1.628458145479897667e+03
1.741608389495700749e+03 1.643858145479897757e+03
1.740508389495700612e+03 1.646058145479897803e+03
1.676708389495700658e+03 1.672458145479897667e+03
1.661308389495700567e+03 1.672458145479897667e+03
1.656908389495700703e+03 1.628458145479897667e+03
1.656908389495700703e+03 1.593258145479897621e+03
