3.656440741201342348e+01 3.635687961696306502e+03
3.656440741201342348e+01 3.634587961696306593e+03
1.014644074120134292e+02 3.569687961696306502e+03
1.036644074120134320e+02 3.569687961696306502e+03
1.080644074120134377e+02 3.574087961696306593e+03
1.707644074120134405e+02 3.665387961696306320e+03
1.707644074120134405e+02 3.670887961696306320e+03
1.520644074120134519e+02 3.708287961696306411e+03
1.476644074120134178e+02 3.712687961696306502e+03
1.454644074120134292e+02 3.713787961696306411e+03
1.322644074120134405e+02 3.713787961696306411e+03
1.168644074120134349e+02 3.712687961696306502e+03
9.926440741201342632e+01 3.703887961696306320e+03
9.266440741201343201e+01 3.699487961696306229e+03
7.946440741201342917e+01 3.686287961696306411e+03
3.656440741201342348e+01 3.635687961696306502e+03
