4.054553320129260641e+01 2.593616095069321545e+03
4.054553320129260641e+01 2.555116095069321545e+03
4.714553320129260783e+01 2.547416095069321273e+03
5.044553320129260499e+01 2.544116095069321545e+03
5.704553320129260641e+01 2.541916095069321273e+03
6.694553320129260499e+01 2.540816095069321364e+03
8.674553320129260214e+01 2.540816095069321364e+03
9.444553320129260499e+01 2.541916095069321273e+03
1.021455332012926078e+02 2.544116095069321545e+03
1.054455332012926050e+02 2.545216095069321455e+03
1.219455332012926192e+02 2.551816095069321364e+03
1.395455332012926135e+02 2.560616095069321545e+03
1.472455332012926306e+02 2.565016095069321182e+03
1.692455332012926306e+02 2.583716095069321455e+03
1.703455332012925965e+02 2.584816095069321364e+03
1.714455332012926192e+02 2.587016095069321182e+03
1.736455332012926078e+02 2.595816095069321364e+03
1.736455332012926078e+02 2.610116095069321545e+03
1.648455332012925965e+02 2.623316095069321364e+03
1.087455332012926021e+02 2.662916095069321273e+03
8.344553320129260499e+01 2.664016095069321182e+03
8.234553320129261067e+01 2.664016095069321182e+03
5.374553320129260214e+01 2.639816095069321364e+03
4.054553320129260641e+01 2.593616095069321545e+03
