1.139249802674851935e+03 7.282500745450559407e+03
1.161249802674851935e+03 7.245100745450558861e+03
1.173349802674852072e+03 7.240700745450559225e+03
1.187649802674852026e+03 7.236300745450558679e+03
1.210749802674851935e+03 7.236300745450558679e+03
1.228349802674852072e+03 7.240700745450559225e+03
1.239349802674852072e+03 7.247300745450558679e+03
1.241549802674852117e+03 7.249500745450559407e+03
1.243749802674851935e+03 7.253900745450559043e+03
1.247049802674852117e+03 7.271500745450559407e+03
1.247049802674852117e+03 7.286900745450559043e+03
1.245949802674851981e+03 7.300100745450558861e+03
1.244849802674852072e+03 7.304500745450559407e+03
1.240449802674851981e+03 7.316600745450558861e+03
1.228349802674852072e+03 7.336400745450559043e+03
1.218449802674851981e+03 7.346300745450558679e+03
1.196449802674851981e+03 7.362800745450558679e+03
1.172249802674851935e+03 7.365000745450559407e+03
1.156849802674852072e+03 7.365000745450559407e+03
1.155749802674851935e+03 7.363900745450559043e+03
1.150249802674851935e+03 7.356200745450559225e+03
1.139249802674851935e+03 7.335300745450558679e+03
1.139249802674851935e+03 7.282500745450559407e+03
