7.071831073354027239e+02 7.151686913902956803e+03
7.071831073354027239e+02 7.119786913902957167e+03
7.192831073354027467e+02 7.114286913902957167e+03
7.225831073354027012e+02 7.113186913902956803e+03
7.313831073354026557e+02 7.110986913902956985e+03
7.555831073354027012e+02 7.110986913902956985e+03
7.775831073354027012e+02 7.113186913902956803e+03
7.797831073354027467e+02 7.114286913902957167e+03
7.852831073354027467e+02 7.118686913902956803e+03
7.918831073354027694e+02 7.124186913902956803e+03
7.962831073354027467e+02 7.128586913902957349e+03
8.006831073354027239e+02 7.134086913902957349e+03
8.094831073354026785e+02 7.148386913902956621e+03
8.094831073354026785e+02 7.160486913902956985e+03
8.072831073354027467e+02 7.180286913902957167e+03
7.929831073354026785e+02 7.197886913902957531e+03
7.808831073354026557e+02 7.208886913902957531e+03
7.643831073354026557e+02 7.220986913902956985e+03
7.071831073354027239e+02 7.151686913902956803e+03
