7.975672721602868478e+02 4.745805628751852055e+03
7.997672721602868933e+02 4.723805628751851145e+03
8.272672721602868933e+02 4.696305628751851145e+03
9.020672721602868478e+02 4.689705628751851691e+03
9.218672721602869160e+02 4.689705628751851691e+03
9.812672721602868933e+02 4.733705628751851691e+03
9.812672721602868933e+02 4.742505628751851873e+03
9.801672721602868705e+02 4.744705628751851691e+03
9.790672721602868478e+02 4.745805628751852055e+03
9.548672721602869160e+02 4.768905628751851509e+03
9.427672721602868933e+02 4.777705628751851691e+03
9.042672721602868933e+02 4.803005628751851873e+03
8.547672721602868933e+02 4.814005628751851873e+03
8.448672721602869160e+02 4.814005628751851873e+03
8.338672721602869160e+02 4.806305628751852055e+03
8.173672721602869160e+02 4.794205628751851691e+03
8.151672721602868705e+02 4.792005628751851873e+03
7.986672721602868705e+02 4.760105628751851327e+03
7.975672721602868478e+02 4.757905628751851509e+03
7.975672721602868478e+02 4.745805628751852055e+03
