4.758175523145212082e+02 2.721039809765377413e+03
4.758175523145212082e+02 2.697939809765377504e+03
4.923175523145212082e+02 2.679239809765377231e+03
4.967175523145212424e+02 2.674839809765377140e+03
5.297175523145211855e+02 2.674839809765377140e+03
6.045175523145212537e+02 2.705639809765377322e+03
6.045175523145212537e+02 2.711139809765377322e+03
5.682175523145212992e+02 2.779339809765377140e+03
5.649175523145212310e+02 2.783739809765377231e+03
5.605175523145212537e+02 2.788139809765377322e+03
5.539175523145212310e+02 2.793639809765377322e+03
5.418175523145212082e+02 2.793639809765377322e+03
5.286175523145212765e+02 2.791439809765377504e+03
4.824175523145212310e+02 2.760639809765377322e+03
4.758175523145212082e+02 2.721039809765377413e+03
