6.569341962673088346e+02 8.331923795906081068e+03
6.965341962673088574e+02 8.309923795906081068e+03
7.350341962673088574e+02 8.309923795906081068e+03
7.889341962673088346e+02 8.360523795906081432e+03
7.911341962673088801e+02 8.362723795906080341e+03
7.911341962673088801e+02 8.377023795906081432e+03
7.669341962673088346e+02 8.401223795906080341e+03
7.350341962673088574e+02 8.401223795906080341e+03
6.371341962673088801e+02 8.366023795906081432e+03
6.371341962673088801e+02 8.362723795906080341e+03
6.569341962673088346e+02 8.331923795906081068e+03
