-3.588351620311307499e+00 8.458195572850216195e+03
4.111648379688691790e+00 8.455995572850217286e+03
1.951164837968869392e+01 8.452695572850216195e+03
7.891164837968869961e+01 8.447195572850216195e+03
7.891164837968869961e+01 8.507695572850216195e+03
7.231164837968870529e+01 8.565995572850217286e+03
3.821164837968869676e+01 8.572595572850217650e+03
4.111648379688691790e+00 8.573695572850216195e+03
-3.588351620311307499e+00 8.573695572850216195e+03
-3.588351620311307499e+00 8.458195572850216195e+03
