4.106412004069176191e+02 2.628711868429976221e+03
4.139412004069175737e+02 2.622111868429976312e+03
4.227412004069175850e+02 2.613311868429976130e+03
4.381412004069176191e+02 2.600111868429976312e+03
4.458412004069176078e+02 2.594611868429976312e+03
4.557412004069175850e+02 2.593511868429976403e+03
4.678412004069176078e+02 2.593511868429976403e+03
4.843412004069176078e+02 2.595711868429976221e+03
5.063412004069176078e+02 2.599011868429976403e+03
5.173412004069175509e+02 2.604511868429976403e+03
5.250412004069175964e+02 2.612211868429976221e+03
5.283412004069175509e+02 2.616611868429976312e+03
5.294412004069175737e+02 2.618811868429976130e+03
5.294412004069175737e+02 2.629811868429976130e+03
5.261412004069176191e+02 2.640811868429976130e+03
5.041412004069176191e+02 2.662811868429976130e+03
4.931412004069176191e+02 2.666111868429976312e+03
4.887412004069175850e+02 2.667211868429976221e+03
4.634412004069175737e+02 2.669411868429976494e+03
4.513412004069176078e+02 2.669411868429976494e+03
4.260412004069175964e+02 2.663911868429976494e+03
4.227412004069175850e+02 2.662811868429976130e+03
4.216412004069176191e+02 2.661711868429976221e+03
4.128412004069176078e+02 2.647411868429976494e+03
4.117412004069175850e+02 2.645211868429976221e+03
4.106412004069176191e+02 2.640811868429976130e+03
4.106412004069176191e+02 2.628711868429976221e+03
