1.239161224197247748e+03 5.813441513761467832e+03
1.258961224197247702e+03 5.782641513761467650e+03
1.272161224197247748e+03 5.769441513761467832e+03
1.276561224197247611e+03 5.768341513761467468e+03
1.284261224197247657e+03 5.767241513761468013e+03
1.300761224197247657e+03 5.767241513761468013e+03
1.316161224197247748e+03 5.771641513761467650e+03
1.318361224197247793e+03 5.772741513761468013e+03
1.339261224197247657e+03 5.789241513761468013e+03
1.340361224197247793e+03 5.790341513761467468e+03
1.353561224197247611e+03 5.822241513761468013e+03
1.353561224197247611e+03 5.826641513761467650e+03
1.331561224197247611e+03 5.856341513761468377e+03
1.329361224197247793e+03 5.858541513761468195e+03
1.283161224197247748e+03 5.876141513761467650e+03
1.272161224197247748e+03 5.876141513761467650e+03
1.246861224197247793e+03 5.854141513761467650e+03
1.239161224197247748e+03 5.825541513761468195e+03
1.239161224197247748e+03 5.813441513761467832e+03
