2.027222760849492147e+02 5.891536565096952472e+03
2.093222760849492090e+02 5.881636565096952836e+03
2.148222760849492090e+02 5.873936565096953018e+03
2.159222760849492033e+02 5.872836565096952654e+03
2.335222760849492261e+02 5.857436565096953018e+03
2.533222760849492090e+02 5.857436565096953018e+03
2.588222760849492374e+02 5.858536565096952472e+03
2.852222760849492147e+02 5.867336565096952654e+03
2.863222760849492374e+02 5.868436565096953018e+03
2.885222760849492261e+02 5.877236565096953200e+03
2.896222760849492488e+02 5.883836565096952654e+03
2.896222760849492488e+02 5.894836565096952654e+03
2.841222760849492488e+02 5.917936565096953018e+03
2.830222760849492261e+02 5.922336565096952654e+03
2.775222760849492261e+02 5.939936565096953018e+03
2.522222760849492147e+02 5.939936565096953018e+03
2.137222760849492147e+02 5.917936565096953018e+03
2.027222760849492147e+02 5.903636565096952836e+03
2.027222760849492147e+02 5.891536565096952472e+03
