1.528117362371445722e+02 1.498444908247630565e+03
1.528117362371445722e+02 1.486344908247630656e+03
1.605117362371445893e+02 1.469844908247630656e+03
1.627117362371445779e+02 1.467644908247630610e+03
1.649117362371445665e+02 1.466544908247630474e+03
1.726117362371445836e+02 1.463244908247630519e+03
1.770117362371445893e+02 1.462144908247630610e+03
1.847117362371445779e+02 1.461044908247630474e+03
2.023117362371446006e+02 1.461044908247630474e+03
2.078117362371446006e+02 1.462144908247630610e+03
2.144117362371445950e+02 1.465444908247630565e+03
2.276117362371445836e+02 1.474244908247630519e+03
2.298117362371446006e+02 1.476444908247630565e+03
2.397117362371445779e+02 1.512744908247630519e+03
2.452117362371445779e+02 1.539144908247630610e+03
2.463117362371446006e+02 1.545744908247630519e+03
1.957117362371445779e+02 1.545744908247630519e+03
1.737117362371445779e+02 1.541344908247630656e+03
1.528117362371445722e+02 1.498444908247630565e+03
