1.280798815673428180e+03 7.303569547688043713e+03
1.280798815673428180e+03 7.265069547688043713e+03
1.334698815673428271e+03 7.265069547688043713e+03
1.392998815673428226e+03 7.276069547688043713e+03
1.416098815673428362e+03 7.302469547688043349e+03
1.419398815673428317e+03 7.307969547688043349e+03
1.420498815673428226e+03 7.310169547688043167e+03
1.424898815673428317e+03 7.322269547688043531e+03
1.424898815673428317e+03 7.335469547688043349e+03
1.420498815673428226e+03 7.343169547688043167e+03
1.408398815673428317e+03 7.347569547688043713e+03
1.334698815673428271e+03 7.347569547688043713e+03
1.287398815673428317e+03 7.334369547688042985e+03
1.282998815673428226e+03 7.320069547688043713e+03
1.280798815673428180e+03 7.303569547688043713e+03
