1.437254267272292509e+03 5.256661797752808525e+03
1.437254267272292509e+03 5.243461797752808707e+03
1.444954267272292554e+03 5.221461797752808707e+03
1.468054267272292691e+03 5.221461797752808707e+03
1.507654267272292600e+03 5.254461797752808707e+03
1.507654267272292600e+03 5.272061797752809071e+03
1.476854267272292645e+03 5.334761797752808889e+03
1.469154267272292600e+03 5.342461797752808707e+03
1.468054267272292691e+03 5.342461797752808707e+03
1.446054267272292691e+03 5.305061797752809071e+03
1.444954267272292554e+03 5.302861797752809252e+03
1.441654267272292600e+03 5.295161797752809434e+03
1.439454267272292554e+03 5.287461797752808707e+03
1.438354267272292645e+03 5.277561797752809071e+03
1.437254267272292509e+03 5.256661797752808525e+03
