2.462116706129965564e+02 2.853100552486188008e+03
3.276116706129965905e+02 2.793700552486187917e+03
3.639116706129966019e+02 2.808000552486187644e+03
3.683116706129965792e+02 2.810200552486187917e+03
3.903116706129965792e+02 2.824500552486187644e+03
3.980116706129965678e+02 2.832200552486187917e+03
4.013116706129965792e+02 2.841000552486187644e+03
4.046116706129965905e+02 2.853100552486188008e+03
4.057116706129966133e+02 2.860800552486187826e+03
4.068116706129965792e+02 2.889400552486187735e+03
4.068116706129965792e+02 2.929000552486187644e+03
4.035116706129965678e+02 2.949900552486187735e+03
4.024116706129966019e+02 2.951000552486187644e+03
3.419116706129966019e+02 2.964200552486187917e+03
2.572116706129965564e+02 2.977400552486187735e+03
2.374116706129965735e+02 2.977400552486187735e+03
2.176116706129965905e+02 2.974100552486188008e+03
2.154116706129965735e+02 2.973000552486187644e+03
2.121116706129965905e+02 2.969700552486187917e+03
2.033116706129965792e+02 2.955400552486187735e+03
2.033116706129965792e+02 2.942200552486187917e+03
2.044116706129965735e+02 2.936700552486187917e+03
2.462116706129965564e+02 2.853100552486188008e+03
