4.999456883509833460e+02 1.399234512102874533e+03
5.010456883509833688e+02 1.395934512102874351e+03
5.065456883509833688e+02 1.384934512102874351e+03
5.120456883509833688e+02 1.378334512102874442e+03
5.153456883509833233e+02 1.375034512102874487e+03
5.208456883509833233e+02 1.371734512102874533e+03
5.230456883509833688e+02 1.370634512102874396e+03
5.307456883509833006e+02 1.367334512102874442e+03
5.351456883509833915e+02 1.366234512102874533e+03
5.637456883509833006e+02 1.366234512102874533e+03
6.055456883509833688e+02 1.408034512102874487e+03
6.044456883509833460e+02 1.409134512102874396e+03
5.901456883509833915e+02 1.421234512102874533e+03
5.593456883509833233e+02 1.444334512102874442e+03
5.560456883509833688e+02 1.445434512102874351e+03
5.483456883509833233e+02 1.447634512102874396e+03
5.395456883509833688e+02 1.449834512102874442e+03
5.230456883509833688e+02 1.449834512102874442e+03
5.186456883509833915e+02 1.448734512102874533e+03
5.142456883509833006e+02 1.446534512102874487e+03
5.087456883509833574e+02 1.442134512102874396e+03
5.054456883509833460e+02 1.438834512102874442e+03
4.999456883509833460e+02 1.427834512102874442e+03
4.977456883509833574e+02 1.420134512102874396e+03
4.977456883509833574e+02 1.408034512102874487e+03
4.999456883509833460e+02 1.399234512102874533e+03
