6.509393555596944907e+02 3.558212646675358428e+03
6.608393555596945816e+02 3.535112646675358519e+03
6.894393555596944907e+02 3.535112646675358519e+03
7.433393555596945816e+02 3.546112646675358519e+03
7.422393555596945589e+02 3.579112646675358519e+03
7.400393555596945134e+02 3.593412646675358701e+03
7.367393555596945589e+02 3.600012646675358610e+03
7.301393555596945362e+02 3.612112646675358519e+03
7.290393555596945134e+02 3.613212646675358428e+03
7.180393555596945134e+02 3.619812646675358337e+03
6.828393555596945816e+02 3.619812646675358337e+03
6.740393555596945134e+02 3.616512646675358610e+03
6.707393555596945589e+02 3.614312646675358337e+03
6.586393555596945362e+02 3.602212646675358428e+03
6.531393555596945362e+02 3.593412646675358701e+03
6.520393555596945134e+02 3.591212646675358428e+03
6.509393555596944907e+02 3.585712646675358428e+03
6.509393555596944907e+02 3.558212646675358428e+03
