1.352573390151515014e+02 3.135152781723484622e+03
1.726573390151515071e+02 3.074652781723484622e+03
1.748573390151515241e+02 3.073552781723484713e+03
1.825573390151515127e+02 3.072452781723484804e+03
1.869573390151515184e+02 3.072452781723484804e+03
2.529573390151515184e+02 3.127452781723484804e+03
2.606573390151515355e+02 3.135152781723484622e+03
2.606573390151515355e+02 3.186852781723484895e+03
2.111573390151515071e+02 3.195652781723485077e+03
1.792573390151515014e+02 3.195652781723485077e+03
1.704573390151515184e+02 3.192352781723484895e+03
1.561573390151515071e+02 3.181352781723484895e+03
1.440573390151515127e+02 3.170352781723484895e+03
1.352573390151515014e+02 3.148352781723484895e+03
1.352573390151515014e+02 3.135152781723484622e+03
