1.450143034362982235e+03 2.282815866517801624e+03
1.445743034362982144e+03 2.266315866517801624e+03
1.445743034362982144e+03 2.254215866517801715e+03
1.457843034362982280e+03 2.242115866517801805e+03
1.464443034362982189e+03 2.239915866517801533e+03
1.474343034362982280e+03 2.239915866517801533e+03
1.544743034362982371e+03 2.246515866517801896e+03
1.553543034362982326e+03 2.248715866517801715e+03
1.574443034362982189e+03 2.256415866517801533e+03
1.576643034362982235e+03 2.258615866517801805e+03
1.577743034362982371e+03 2.260815866517801624e+03
1.585443034362982189e+03 2.287215866517801715e+03
1.585443034362982189e+03 2.299315866517801624e+03
1.584343034362982280e+03 2.301515866517801896e+03
1.566743034362982371e+03 2.319115866517801805e+03
1.555743034362982144e+03 2.324615866517801805e+03
1.520543034362982326e+03 2.340015866517801896e+03
1.504043034362982326e+03 2.340015866517801896e+03
1.472143034362982235e+03 2.316915866517801987e+03
1.468843034362982280e+03 2.313615866517801805e+03
1.462243034362982144e+03 2.303715866517801715e+03
1.452343034362982280e+03 2.288315866517801624e+03
1.451243034362982144e+03 2.286115866517801805e+03
1.450143034362982235e+03 2.282815866517801624e+03
