1.548741630947278281e+03 5.751252646806686244e+03
1.548741630947278281e+03 5.734752646806686244e+03
1.556441630947278099e+03 5.713852646806686607e+03
1.558641630947278145e+03 5.710552646806686425e+03
1.564141630947278145e+03 5.705052646806686425e+03
1.571841630947278190e+03 5.700652646806686789e+03
1.585041630947278236e+03 5.697352646806686607e+03
1.599341630947278190e+03 5.697352646806686607e+03
1.666441630947278099e+03 5.723752646806686244e+03
1.675241630947278281e+03 5.735852646806686607e+03
1.675241630947278281e+03 5.747952646806686971e+03
1.671941630947278099e+03 5.762252646806687153e+03
1.649941630947278099e+03 5.798552646806686425e+03
1.640041630947278236e+03 5.811752646806687153e+03
1.637841630947278190e+03 5.813952646806686971e+03
1.615841630947278190e+03 5.821652646806686789e+03
1.605941630947278099e+03 5.821652646806686789e+03
1.572941630947278099e+03 5.812852646806686607e+03
1.563041630947278236e+03 5.799652646806686789e+03
1.556441630947278099e+03 5.788652646806686789e+03
1.555341630947278190e+03 5.786452646806686971e+03
1.554241630947278281e+03 5.783152646806686789e+03
1.550941630947278099e+03 5.768852646806686607e+03
1.548741630947278281e+03 5.751252646806686244e+03
