1.079329508752117363e+03 1.451658836815358598e+02
1.079329508752117363e+03 1.440658836815358654e+02
1.116729508752117454e+03 1.033658836815358484e+02
1.131029508752117408e+03 1.033658836815358484e+02
1.198129508752117545e+03 1.220658836815358512e+02
1.198129508752117545e+03 1.748658836815358484e+02
1.178329508752117363e+03 2.276658836815358598e+02
1.121129508752117545e+03 2.265658836815358654e+02
1.118929508752117499e+03 2.254658836815358427e+02
1.101329508752117363e+03 2.144658836815358427e+02
1.079329508752117363e+03 1.451658836815358598e+02
