1.592546816994362757e+02 7.450853897978825444e+03
2.175546816994362871e+02 7.450853897978825444e+03
2.197546816994362757e+02 7.531153897978825626e+03
2.197546816994362757e+02 7.567453897978825808e+03
1.702546816994362757e+02 7.577353897978825444e+03
1.581546816994362530e+02 7.577353897978825444e+03
1.471546816994362530e+02 7.575153897978825626e+03
1.394546816994362644e+02 7.572953897978825808e+03
1.372546816994362757e+02 7.570753897978825989e+03
1.240546816994362587e+02 7.546553897978826171e+03
1.240546816994362587e+02 7.531153897978825626e+03
1.592546816994362757e+02 7.450853897978825444e+03
