1.946894932432432483e+02 1.102568733108108063e+03
1.968894932432432370e+02 1.093768733108108108e+03
2.001894932432432483e+02 1.086068733108108063e+03
2.023894932432432370e+02 1.081668733108108199e+03
2.100894932432432256e+02 1.073968733108108154e+03
2.221894932432432483e+02 1.064068733108108063e+03
2.606894932432432483e+02 1.064068733108108063e+03
2.672894932432432711e+02 1.066268733108108108e+03
2.716894932432432483e+02 1.068468733108108154e+03
2.892894932432432711e+02 1.080568733108108063e+03
2.903894932432432370e+02 1.082768733108108108e+03
2.925894932432432256e+02 1.088268733108108108e+03
2.925894932432432256e+02 1.101468733108108154e+03
2.870894932432432256e+02 1.125668733108108199e+03
2.782894932432432142e+02 1.136668733108108199e+03
2.760894932432432256e+02 1.138868733108108017e+03
2.716894932432432483e+02 1.141068733108108063e+03
2.573894932432432370e+02 1.147668733108108199e+03
2.507894932432432427e+02 1.149868733108108017e+03
2.342894932432432427e+02 1.153168733108108199e+03
2.243894932432432370e+02 1.153168733108108199e+03
2.155894932432432256e+02 1.149868733108108017e+03
2.089894932432432313e+02 1.146568733108108063e+03
2.056894932432432483e+02 1.144368733108108017e+03
2.045894932432432256e+02 1.143268733108108108e+03
1.979894932432432313e+02 1.134468733108108154e+03
1.957894932432432427e+02 1.130068733108108063e+03
1.946894932432432483e+02 1.126768733108108108e+03
1.946894932432432483e+02 1.102568733108108063e+03
