1.538889100247289207e+03 3.209429465474605422e+03
1.571889100247289207e+03 3.147829465474605058e+03
1.572989100247289343e+03 3.146729465474605149e+03
1.587289100247289298e+03 3.136829465474605058e+03
1.589489100247289343e+03 3.136829465474605058e+03
1.648889100247289434e+03 3.196229465474605149e+03
1.666489100247289343e+03 3.235829465474605058e+03
1.666489100247289343e+03 3.253429465474605422e+03
1.665389100247289207e+03 3.254529465474605331e+03
1.590589100247289252e+03 3.304029465474605331e+03
1.588389100247289207e+03 3.304029465474605331e+03
1.563089100247289252e+03 3.293029465474605331e+03
1.532289100247289298e+03 3.262229465474605149e+03
1.532289100247289298e+03 3.261129465474605240e+03
1.534489100247289343e+03 3.228129465474605240e+03
1.538889100247289207e+03 3.209429465474605422e+03
