1.234077218570254672e+03 5.549498644207066718e+03
1.249477218570254763e+03 5.534098644207066172e+03
1.282477218570254763e+03 5.545098644207066172e+03
1.284677218570254809e+03 5.546198644207066536e+03
1.301177218570254809e+03 5.561598644207066172e+03
1.304477218570254763e+03 5.576998644207066718e+03
1.304477218570254763e+03 5.606698644207066536e+03
1.301177218570254809e+03 5.613298644207066900e+03
1.292377218570254627e+03 5.626498644207066718e+03
1.290177218570254809e+03 5.628698644207066536e+03
1.235177218570254809e+03 5.637498644207066718e+03
1.234077218570254672e+03 5.637498644207066718e+03
1.234077218570254672e+03 5.549498644207066718e+03
