1.593196647546207714e+03 6.733394034416825889e+03
1.625096647546207805e+03 6.668494034416826253e+03
1.626196647546207714e+03 6.666294034416825525e+03
1.629496647546207669e+03 6.661894034416825889e+03
1.632796647546207851e+03 6.659694034416826071e+03
1.634996647546207896e+03 6.658594034416825707e+03
1.648196647546207714e+03 6.658594034416825707e+03
1.651496647546207896e+03 6.659694034416826071e+03
1.653696647546207714e+03 6.660794034416825525e+03
1.672396647546207760e+03 6.670694034416826071e+03
1.673496647546207896e+03 6.671794034416825525e+03
1.676796647546207851e+03 6.680594034416825707e+03
1.678996647546207896e+03 6.687194034416826071e+03
1.678996647546207896e+03 6.701494034416826253e+03
1.667996647546207896e+03 6.809294034416826435e+03
1.666896647546207760e+03 6.811494034416826253e+03
1.641596647546207805e+03 6.860994034416826253e+03
1.629496647546207669e+03 6.860994034416826253e+03
1.626196647546207714e+03 6.857694034416826071e+03
1.593196647546207714e+03 6.782894034416825889e+03
1.593196647546207714e+03 6.733394034416825889e+03
