1.788668709538196026e+03 5.050327427708243704e+03
1.789768709538195935e+03 5.047027427708243522e+03
1.790868709538195844e+03 5.044827427708243704e+03
1.810668709538196026e+03 5.021727427708243340e+03
1.811768709538195935e+03 5.020627427708242976e+03
1.824968709538195981e+03 5.020627427708242976e+03
1.838168709538196026e+03 5.022827427708243704e+03
1.842568709538195890e+03 5.025027427708243522e+03
1.848068709538195890e+03 5.030527427708243522e+03
1.851368709538195844e+03 5.036027427708243522e+03
1.860168709538196026e+03 5.053627427708242976e+03
1.861268709538195935e+03 5.056927427708243158e+03
1.861268709538195935e+03 5.069027427708243522e+03
1.860168709538196026e+03 5.083327427708243704e+03
1.859068709538195890e+03 5.094327427708243704e+03
1.857968709538195981e+03 5.097627427708243886e+03
1.843668709538196026e+03 5.115227427708243340e+03
1.842568709538195890e+03 5.116327427708243704e+03
1.821668709538196026e+03 5.116327427708243704e+03
1.818368709538195844e+03 5.115227427708243340e+03
1.811768709538195935e+03 5.111927427708243158e+03
1.808468709538195981e+03 5.109727427708243340e+03
1.806268709538195935e+03 5.107527427708243522e+03
1.798568709538195890e+03 5.097627427708243886e+03
1.786468709538195981e+03 5.080027427708243522e+03
1.786468709538195981e+03 5.069027427708243522e+03
1.788668709538196026e+03 5.050327427708243704e+03
