1.091936760575368055e+02 6.437247680653672433e+02
1.157936760575367998e+02 6.261247680653672205e+02
1.245936760575368112e+02 6.041247680653672205e+02
1.267936760575367998e+02 5.997247680653672433e+02
1.300936760575368112e+02 5.942247680653672433e+02
1.311936760575368055e+02 5.931247680653672205e+02
1.432936760575367998e+02 5.843247680653672660e+02
1.465936760575368112e+02 5.832247680653672433e+02
1.586936760575368055e+02 5.799247680653672887e+02
1.828936760575368226e+02 5.799247680653672887e+02
1.949936760575368169e+02 5.810247680653671978e+02
2.125936760575368112e+02 5.986247680653672205e+02
2.147936760575367998e+02 6.052247680653672433e+02
2.147936760575367998e+02 6.745247680653673115e+02
2.125936760575368112e+02 6.943247680653672660e+02
2.081936760575368055e+02 7.042247680653672433e+02
2.070936760575368112e+02 7.064247680653672887e+02
1.905936760575368112e+02 7.229247680653672887e+02
1.817936760575367998e+02 7.295247680653673115e+02
1.707936760575367998e+02 7.372247680653672433e+02
1.586936760575368055e+02 7.372247680653672433e+02
1.267936760575367998e+02 7.273247680653672660e+02
1.157936760575367998e+02 7.196247680653672205e+02
1.113936760575368083e+02 7.152247680653672433e+02
1.102936760575367998e+02 7.130247680653673115e+02
1.091936760575368055e+02 7.097247680653672433e+02
1.047936760575367998e+02 6.877247680653672433e+02
1.047936760575367998e+02 6.756247680653672205e+02
1.091936760575368055e+02 6.437247680653672433e+02
