5.959791660255424404e+02 7.169090260040005887e+03
5.959791660255424404e+02 7.162490260040006433e+03
6.520791660255423494e+02 7.129490260040006433e+03
6.597791660255423949e+02 7.129490260040006433e+03
6.960791660255423494e+02 7.144890260040006069e+03
6.960791660255423494e+02 7.192190260040006251e+03
6.828791660255424176e+02 7.236190260040006251e+03
6.740791660255423494e+02 7.241690260040006251e+03
6.652791660255423949e+02 7.244990260040006433e+03
6.520791660255423494e+02 7.244990260040006433e+03
6.333791660255424176e+02 7.241690260040006251e+03
6.179791660255424404e+02 7.235090260040005887e+03
6.058791660255424176e+02 7.210890260040006069e+03
5.959791660255424404e+02 7.169090260040005887e+03
