7.608045563072025743e+02 1.879662892956625456e+03
7.619045563072025971e+02 1.878562892956625547e+03
7.905045563072025061e+02 1.858762892956625592e+03
7.993045563072025743e+02 1.854362892956625501e+03
8.026045563072025288e+02 1.853262892956625592e+03
8.081045563072025288e+02 1.852162892956625456e+03
8.268045563072025743e+02 1.852162892956625456e+03
8.345045563072025061e+02 1.854362892956625501e+03
8.367045563072025516e+02 1.855462892956625637e+03
8.422045563072025516e+02 1.859862892956625501e+03
8.444045563072025971e+02 1.862062892956625547e+03
8.488045563072025743e+02 1.871962892956625637e+03
8.510045563072025061e+02 1.877462892956625637e+03
8.532045563072025516e+02 1.917062892956625547e+03
8.532045563072025516e+02 1.920362892956625501e+03
8.059045563072025971e+02 1.935762892956625592e+03
7.630045563072025061e+02 1.935762892956625592e+03
7.608045563072025743e+02 1.897262892956625592e+03
7.608045563072025743e+02 1.879662892956625456e+03
