9.666327148080438292e+02 5.189870859232175462e+03
1.018332714808043875e+03 5.138170859232175644e+03
1.043632714808043829e+03 5.127170859232175644e+03
1.054632714808043829e+03 5.123870859232175462e+03
1.066732714808043966e+03 5.120570859232175280e+03
1.067832714808043875e+03 5.120570859232175280e+03
1.122832714808043875e+03 5.175570859232175280e+03
1.123932714808043784e+03 5.177770859232175098e+03
1.123932714808043784e+03 5.187670859232175644e+03
1.120632714808043829e+03 5.222870859232175462e+03
1.109632714808043829e+03 5.243770859232175098e+03
1.098632714808043829e+03 5.255870859232175462e+03
1.095332714808043875e+03 5.259170859232175644e+03
1.084332714808043875e+03 5.264670859232175644e+03
1.072232714808043966e+03 5.264670859232175644e+03
1.067832714808043875e+03 5.262470859232175826e+03
1.032632714808043829e+03 5.240470859232175826e+03
9.688327148080438747e+02 5.193170859232175644e+03
9.677327148080438519e+02 5.192070859232175280e+03
9.666327148080438292e+02 5.189870859232175462e+03
