1.161898867777199484e+03 6.897766840187402522e+03
1.161898867777199484e+03 6.887866840187401976e+03
1.169598867777199303e+03 6.858166840187402158e+03
1.187198867777199439e+03 6.837266840187402522e+03
1.189398867777199257e+03 6.835066840187402704e+03
1.205898867777199484e+03 6.824066840187402704e+03
1.221298867777199348e+03 6.815266840187402522e+03
1.234498867777199393e+03 6.814166840187402158e+03
1.256498867777199393e+03 6.814166840187402158e+03
1.279598867777199303e+03 6.821866840187401976e+03
1.281798867777199348e+03 6.824066840187402704e+03
1.301598867777199303e+03 6.880166840187402158e+03
1.310398867777199484e+03 6.910966840187402340e+03
1.310398867777199484e+03 6.921966840187402340e+03
1.292798867777199348e+03 7.002266840187402522e+03
1.282898867777199484e+03 7.007766840187402522e+03
1.270798867777199348e+03 7.007766840187402522e+03
1.256498867777199393e+03 7.006666840187402158e+03
1.181698867777199439e+03 6.932966840187402340e+03
1.180598867777199303e+03 6.931866840187402886e+03
1.164098867777199303e+03 6.912066840187402704e+03
1.161898867777199484e+03 6.897766840187402522e+03
