1.007533180749721623e+03 5.948198960781887763e+03
1.041633180749721760e+03 5.914098960781888309e+03
1.055933180749721714e+03 5.914098960781888309e+03
1.084533180749721623e+03 5.932798960781888127e+03
1.088933180749721714e+03 5.937198960781887763e+03
1.110933180749721714e+03 5.984498960781887945e+03
1.097733180749721669e+03 5.997698960781887763e+03
1.046033180749721623e+03 6.041698960781887763e+03
1.041633180749721760e+03 6.041698960781887763e+03
9.899331807497216005e+02 6.024098960781888309e+03
9.899331807497216005e+02 5.984498960781887945e+03
1.007533180749721623e+03 5.948198960781887763e+03
