1.532138328075709751e+03 6.856916403785488910e+03
1.533238328075709660e+03 6.844816403785489456e+03
1.535438328075709705e+03 6.838216403785489092e+03
1.586038328075709842e+03 6.838216403785489092e+03
1.630038328075709842e+03 6.844816403785489456e+03
1.646538328075709842e+03 6.849216403785489092e+03
1.646538328075709842e+03 6.853616403785488728e+03
1.644338328075709796e+03 6.915216403785489092e+03
1.586038328075709842e+03 6.924016403785489274e+03
1.549738328075709887e+03 6.924016403785489274e+03
1.533238328075709660e+03 6.898716403785489092e+03
1.532138328075709751e+03 6.896516403785489274e+03
1.532138328075709751e+03 6.856916403785488910e+03
