8.161448851774530340e+02 1.061522709348178978e+03
8.161448851774530340e+02 1.037322709348179160e+03
8.381448851774530340e+02 1.029622709348179114e+03
8.909448851774529885e+02 1.028522709348178978e+03
9.085448851774530112e+02 1.061522709348178978e+03
9.085448851774530112e+02 1.075822709348179160e+03
8.579448851774529885e+02 1.117622709348179114e+03
8.491448851774530340e+02 1.123122709348179114e+03
8.469448851774529885e+02 1.124222709348179023e+03
8.403448851774530795e+02 1.124222709348179023e+03
8.161448851774530340e+02 1.061522709348178978e+03
