3.996545604256397155e+02 6.474621218647073874e+03
3.974545604256397269e+02 6.455921218647074056e+03
3.974545604256397269e+02 6.453721218647073329e+03
4.194545604256397269e+02 6.443821218647073692e+03
4.557545604256397382e+02 6.439421218647074056e+03
4.777545604256397382e+02 6.439421218647074056e+03
5.162545604256397382e+02 6.476821218647073692e+03
5.184545604256397837e+02 6.485621218647073874e+03
5.206545604256397155e+02 6.504321218647073692e+03
4.821545604256397155e+02 6.545021218647073511e+03
4.777545604256397382e+02 6.547221218647073329e+03
4.557545604256397382e+02 6.547221218647073329e+03
4.106545604256397155e+02 6.518621218647073874e+03
4.095545604256396928e+02 6.517521218647073511e+03
4.051545604256397155e+02 6.506521218647073511e+03
4.018545604256397041e+02 6.490021218647073511e+03
3.996545604256397155e+02 6.474621218647073874e+03
