2.671497445721583119e+01 2.951138378033205754e+03
5.531497445721583262e+01 2.908238378033205663e+03
7.621497445721583119e+01 2.908238378033205663e+03
1.620149744572158284e+02 2.919238378033205663e+03
1.719149744572158625e+02 2.951138378033205754e+03
1.719149744572158625e+02 2.966538378033205845e+03
1.697149744572158454e+02 2.975338378033205572e+03
1.686149744572158511e+02 2.977538378033205845e+03
1.642149744572158454e+02 2.981938378033205481e+03
1.565149744572158284e+02 2.987438378033205481e+03
1.169149744572158340e+02 3.003938378033205481e+03
9.271497445721583119e+01 3.009438378033205481e+03
6.411497445721583688e+01 3.009438378033205481e+03
5.861497445721583688e+01 3.008338378033205572e+03
2.671497445721583119e+01 3.001738378033205663e+03
2.671497445721583119e+01 2.951138378033205754e+03
