-2.733865814696489593e+00 4.366326996805111776e+03
1.666134185303512538e+00 4.366326996805111776e+03
8.266134185303513959e+00 4.369626996805111958e+03
2.696613418530351325e+01 4.380626996805111958e+03
3.796613418530351680e+01 4.387226996805111412e+03
4.566613418530351964e+01 4.392726996805111412e+03
5.666613418530351964e+01 4.402626996805111958e+03
5.996613418530351680e+01 4.405926996805112140e+03
6.766613418530351964e+01 4.418026996805111594e+03
7.096613418530351680e+01 4.438926996805112140e+03
7.096613418530351680e+01 4.448826996805111776e+03
6.656613418530351112e+01 4.462026996805111594e+03
6.546613418530351680e+01 4.464226996805111412e+03
3.906613418530351112e+01 4.501626996805111958e+03
6.066134185303511117e+00 4.509326996805111776e+03
-2.733865814696489593e+00 4.509326996805111776e+03
-2.733865814696489593e+00 4.366326996805111776e+03
