1.100088064046579177e+02 5.837613258127123117e+03
1.188088064046579291e+02 5.817813258127122936e+03
1.254088064046579234e+02 5.806813258127122936e+03
1.276088064046579262e+02 5.804613258127123117e+03
1.518088064046579291e+02 5.784813258127122936e+03
1.771088064046579404e+02 5.784813258127122936e+03
1.848088064046579291e+02 5.787013258127122754e+03
2.046088064046579404e+02 5.794713258127122572e+03
2.090088064046579461e+02 5.799113258127123117e+03
2.288088064046579291e+02 5.836513258127122754e+03
2.288088064046579291e+02 5.846413258127122390e+03
2.134088064046579234e+02 5.870613258127123117e+03
2.090088064046579461e+02 5.875013258127122754e+03
1.925088064046579461e+02 5.889313258127122936e+03
1.518088064046579291e+02 5.897013258127122754e+03
1.375088064046579177e+02 5.897013258127122754e+03
1.210088064046579319e+02 5.886013258127122754e+03
1.078088064046579291e+02 5.875013258127122754e+03
1.078088064046579291e+02 5.848613258127123117e+03
1.100088064046579177e+02 5.837613258127123117e+03
