4.057237398660556664e+02 1.335752502643637627e+03
4.068237398660556892e+02 1.334652502643637717e+03
4.387237398660556664e+02 1.313752502643637627e+03
4.640237398660556778e+02 1.298352502643637536e+03
4.761237398660557005e+02 1.298352502643637536e+03
4.959237398660557119e+02 1.303852502643637536e+03
5.014237398660557119e+02 1.321452502643637672e+03
5.025237398660556778e+02 1.340152502643637717e+03
5.025237398660556778e+02 1.350052502643637581e+03
5.014237398660557119e+02 1.354452502643637672e+03
5.003237398660556892e+02 1.357752502643637627e+03
4.805237398660556778e+02 1.378652502643637717e+03
4.728237398660556892e+02 1.386352502643637763e+03
4.684237398660557119e+02 1.388552502643637581e+03
4.541237398660557005e+02 1.392952502643637672e+03
4.266237398660557005e+02 1.392952502643637672e+03
4.189237398660557119e+02 1.390752502643637627e+03
4.145237398660556778e+02 1.388552502643637581e+03
4.112237398660556664e+02 1.386352502643637763e+03
4.013237398660556892e+02 1.377552502643637581e+03
4.013237398660556892e+02 1.358852502643637763e+03
4.057237398660556664e+02 1.335752502643637627e+03
