1.755829474149359157e+03 1.561561908970393233e+03
1.755829474149359157e+03 1.539561908970393233e+03
1.771229474149359248e+03 1.531861908970393188e+03
1.786629474149359339e+03 1.528561908970393233e+03
1.807529474149359203e+03 1.528561908970393233e+03
1.815229474149359248e+03 1.529661908970393370e+03
1.818529474149359203e+03 1.530761908970393279e+03
1.826229474149359248e+03 1.536261908970393279e+03
1.827329474149359157e+03 1.537361908970393188e+03
1.839429474149359294e+03 1.550561908970393233e+03
1.843829474149359157e+03 1.560461908970393324e+03
1.843829474149359157e+03 1.572561908970393233e+03
1.842729474149359248e+03 1.584661908970393370e+03
1.841629474149359339e+03 1.590161908970393370e+03
1.838329474149359157e+03 1.596761908970393279e+03
1.833929474149359294e+03 1.601161908970393370e+03
1.829529474149359203e+03 1.604461908970393324e+03
1.781129474149359339e+03 1.608861908970393188e+03
1.777829474149359157e+03 1.608861908970393188e+03
1.755829474149359157e+03 1.561561908970393233e+03
