2.673697775588935315e+02 2.356300664860871734e+02
3.047697775588935656e+02 1.806300664860871734e+02
3.443697775588935315e+02 1.674300664860871848e+02
3.498697775588935315e+02 1.674300664860871848e+02
3.630697775588935201e+02 1.806300664860871734e+02
3.806697775588935428e+02 2.356300664860871734e+02
3.806697775588935428e+02 3.269300664860871848e+02
3.795697775588935201e+02 3.280300664860872075e+02
3.597697775588935656e+02 3.390300664860872075e+02
3.575697775588935201e+02 3.401300664860871734e+02
3.542697775588935656e+02 3.412300664860871962e+02
3.465697775588935201e+02 3.434300664860871848e+02
3.333697775588935315e+02 3.434300664860871848e+02
3.146697775588935428e+02 3.423300664860871620e+02
3.113697775588935315e+02 3.412300664860871962e+02
3.058697775588935315e+02 3.368300664860871620e+02
2.915697775588935201e+02 3.181300664860871734e+02
2.673697775588935315e+02 2.763300664860871620e+02
2.673697775588935315e+02 2.356300664860871734e+02
