1.249479206331001251e+03 3.320955155407730217e+03
1.256079206331001160e+03 3.248355155407730308e+03
1.258279206331001205e+03 3.248355155407730308e+03
1.275879206331001342e+03 3.254955155407730217e+03
1.330879206331001342e+03 3.283555155407730126e+03
1.333079206331001160e+03 3.285755155407730399e+03
1.333079206331001160e+03 3.320955155407730217e+03
1.330879206331001342e+03 3.367155155407730490e+03
1.290179206331001296e+03 3.407855155407730308e+03
1.272579206331001160e+03 3.407855155407730308e+03
1.249479206331001251e+03 3.402355155407730308e+03
1.249479206331001251e+03 3.320955155407730217e+03
