1.821984503874031589e+03 1.353270207448138081e+03
1.849484503874031589e+03 1.348870207448137990e+03
1.867084503874031498e+03 1.347770207448137853e+03
1.872584503874031498e+03 1.347770207448137853e+03
1.872584503874031498e+03 1.434670207448137944e+03
1.856084503874031498e+03 1.434670207448137944e+03
1.816484503874031589e+03 1.432470207448137899e+03
1.812084503874031498e+03 1.431370207448137990e+03
1.808784503874031543e+03 1.430270207448138081e+03
1.808784503874031543e+03 1.396170207448137944e+03
1.821984503874031589e+03 1.353270207448138081e+03
