1.560280851818988367e+03 1.111761384205856302e+03
1.560280851818988367e+03 1.101861384205856211e+03
1.563580851818988549e+03 1.093061384205856257e+03
1.564680851818988458e+03 1.091961384205856348e+03
1.606480851818988413e+03 1.085361384205856211e+03
1.621880851818988504e+03 1.085361384205856211e+03
1.644980851818988413e+03 1.140361384205856211e+03
1.644980851818988413e+03 1.159061384205856257e+03
1.643880851818988504e+03 1.167861384205856211e+03
1.640580851818988549e+03 1.175561384205856257e+03
1.639480851818988413e+03 1.177761384205856302e+03
1.636180851818988458e+03 1.182161384205856166e+03
1.618580851818988549e+03 1.199761384205856302e+03
1.594380851818988504e+03 1.200861384205856211e+03
1.576780851818988367e+03 1.200861384205856211e+03
1.575680851818988458e+03 1.199761384205856302e+03
1.571280851818988367e+03 1.193161384205856166e+03
1.566880851818988504e+03 1.181061384205856257e+03
1.560280851818988367e+03 1.111761384205856302e+03
