1.320018786870367649e+03 6.325816139767054665e+03
1.321118786870367558e+03 6.314816139767054665e+03
1.323318786870367603e+03 6.304916139767055029e+03
1.324418786870367512e+03 6.302716139767055211e+03
1.332118786870367558e+03 6.292816139767054665e+03
1.333218786870367467e+03 6.291716139767055211e+03
1.344218786870367694e+03 6.288416139767055029e+03
1.348618786870367558e+03 6.287316139767054665e+03
1.400318786870367603e+03 6.285116139767054847e+03
1.401418786870367512e+03 6.285116139767054847e+03
1.414618786870367558e+03 6.342316139767054665e+03
1.414618786870367558e+03 6.365416139767055029e+03
1.387118786870367558e+03 6.390716139767055211e+03
1.380518786870367649e+03 6.392916139767055029e+03
1.358518786870367649e+03 6.392916139767055029e+03
1.339818786870367603e+03 6.388516139767055392e+03
1.326618786870367558e+03 6.375316139767054665e+03
1.321118786870367558e+03 6.355516139767054483e+03
1.320018786870367649e+03 6.347816139767054665e+03
1.320018786870367649e+03 6.325816139767054665e+03
