1.528605953454807832e+03 3.583864279271153009e+03
1.559405953454807786e+03 3.507964279271152918e+03
1.563805953454807877e+03 3.503564279271152827e+03
1.568205953454807968e+03 3.503564279271152827e+03
1.597905953454807786e+03 3.532164279271152736e+03
1.597905953454807786e+03 3.583864279271153009e+03
1.595705953454807968e+03 3.625664279271152736e+03
1.594605953454807832e+03 3.626764279271152645e+03
1.577005953454807923e+03 3.637764279271152645e+03
1.574805953454807877e+03 3.638864279271153009e+03
1.567105953454807832e+03 3.641064279271152827e+03
1.544005953454807923e+03 3.642164279271152736e+03
1.534105953454807832e+03 3.642164279271152736e+03
1.530805953454807877e+03 3.641064279271152827e+03
1.528605953454807832e+03 3.639964279271152918e+03
1.528605953454807832e+03 3.583864279271153009e+03
