1.507995151011360576e+03 1.556741479634247753e+03
1.517895151011360440e+03 1.544641479634247617e+03
1.526695151011360394e+03 1.541341479634247662e+03
1.540995151011360576e+03 1.541341479634247662e+03
1.558595151011360485e+03 1.615041479634247708e+03
1.558595151011360485e+03 1.648041479634247708e+03
1.537695151011360394e+03 1.655741479634247753e+03
1.520095151011360485e+03 1.659041479634247708e+03
1.514595151011360485e+03 1.659041479634247708e+03
1.507995151011360576e+03 1.615041479634247708e+03
1.507995151011360576e+03 1.556741479634247753e+03
