1.583757275838466740e+03 3.374970362765229311e+03
1.583757275838466740e+03 3.351870362765229402e+03
1.584857275838466876e+03 3.349670362765229129e+03
1.654157275838466830e+03 3.329870362765229402e+03
1.701457275838466785e+03 3.329870362765229402e+03
1.713557275838466921e+03 3.349670362765229129e+03
1.713557275838466921e+03 3.377170362765229129e+03
1.712457275838466785e+03 3.379370362765229402e+03
1.693757275838466740e+03 3.400270362765229493e+03
1.667357275838466876e+03 3.426670362765229129e+03
1.654157275838466830e+03 3.426670362765229129e+03
1.631057275838466921e+03 3.425570362765229220e+03
1.618957275838466785e+03 3.413470362765229311e+03
1.585957275838466785e+03 3.379370362765229402e+03
1.583757275838466740e+03 3.374970362765229311e+03
