1.194369632265717655e+03 2.229828959074733120e+03
1.229569632265717701e+03 2.159428959074733029e+03
1.230669632265717610e+03 2.159428959074733029e+03
1.249369632265717655e+03 2.168228959074733211e+03
1.285669632265717610e+03 2.199028959074732938e+03
1.295569632265717701e+03 2.215528959074732938e+03
1.296669632265717610e+03 2.217728959074733211e+03
1.297769632265717746e+03 2.237528959074732938e+03
1.297769632265717746e+03 2.254028959074732938e+03
1.293369632265717655e+03 2.259528959074732938e+03
1.290069632265717701e+03 2.262828959074733120e+03
1.258169632265717610e+03 2.277128959074733302e+03
1.238369632265717655e+03 2.279328959074733120e+03
1.226269632265717746e+03 2.279328959074733120e+03
1.206469632265717792e+03 2.278228959074733211e+03
1.203169632265717610e+03 2.277128959074733302e+03
1.195469632265717564e+03 2.270528959074732938e+03
1.194369632265717655e+03 2.269428959074733029e+03
1.194369632265717655e+03 2.229828959074733120e+03
