9.332401511879049849e+02 3.365925874730021405e+03
9.464401511879049167e+02 3.363725874730021587e+03
9.585401511879049394e+02 3.363725874730021587e+03
1.019040151187904939e+03 3.393425874730021405e+03
1.028940151187905030e+03 3.398925874730021405e+03
1.032240151187904985e+03 3.401125874730021678e+03
1.034440151187905030e+03 3.404425874730021405e+03
1.041040151187904939e+03 3.419825874730021496e+03
1.041040151187904939e+03 3.431925874730021405e+03
1.039940151187905030e+03 3.444025874730021769e+03
1.032240151187904985e+03 3.452825874730021496e+03
1.031140151187904848e+03 3.453925874730021405e+03
1.025640151187905076e+03 3.458325874730021496e+03
1.012440151187904917e+03 3.464925874730021405e+03
1.009140151187904962e+03 3.466025874730021769e+03
9.464401511879049167e+02 3.466025874730021769e+03
8.507401511879049849e+02 3.441825874730021496e+03
8.507401511879049849e+02 3.440725874730021587e+03
8.518401511879048940e+02 3.438525874730021769e+03
8.551401511879049622e+02 3.435225874730021587e+03
9.332401511879049849e+02 3.365925874730021405e+03
