3.847920193470374528e+01 7.976467976622329843e+03
4.397920193470374528e+01 7.962167976622329661e+03
4.727920193470374954e+01 7.955567976622329297e+03
5.167920193470374102e+01 7.947867976622329479e+03
5.387920193470374386e+01 7.945667976622329661e+03
6.267920193470374812e+01 7.944567976622329297e+03
7.367920193470374102e+01 7.944567976622329297e+03
7.917920193470375523e+01 7.945667976622329661e+03
8.247920193470375239e+01 7.947867976622329479e+03
1.110792019347037467e+02 7.967667976622329661e+03
1.121792019347037410e+02 7.968767976622330025e+03
1.132792019347037495e+02 7.970967976622329843e+03
1.165792019347037467e+02 7.981967976622329843e+03
1.176792019347037410e+02 7.986367976622329479e+03
1.176792019347037410e+02 8.011667976622329661e+03
1.110792019347037467e+02 8.027067976622329297e+03
1.099792019347037524e+02 8.028167976622329661e+03
1.011792019347037552e+02 8.035867976622329479e+03
9.897920193470375239e+01 8.036967976622329843e+03
8.577920193470374954e+01 8.041367976622329479e+03
7.477920193470374954e+01 8.041367976622329479e+03
6.267920193470374812e+01 8.034767976622330025e+03
5.277920193470374954e+01 8.029267976622330025e+03
5.057920193470374670e+01 8.027067976622329297e+03
4.287920193470374386e+01 8.012767976622330025e+03
4.177920193470374244e+01 8.010567976622329297e+03
3.847920193470374528e+01 8.000667976622329661e+03
3.847920193470374528e+01 7.976467976622329843e+03
