5.893395493395487961e+00 3.253910866910866844e+02
5.893395493395487961e+00 2.945910866910866730e+02
2.899339549339548938e+01 2.747910866910866616e+02
7.189339549339548796e+01 2.747910866910866616e+02
1.279933954933954965e+02 2.967910866910866616e+02
1.301933954933954851e+02 3.253910866910866844e+02
1.301933954933954851e+02 3.649910866910867071e+02
1.224933954933954965e+02 3.770910866910866730e+02
9.609339549339549080e+01 4.034910866910867071e+02
9.389339549339550217e+01 4.034910866910867071e+02
6.969339549339549933e+01 3.946910866910866957e+02
5.893395493395487961e+00 3.253910866910866844e+02
