5.618307791446983401e+02 7.098243854715876296e+03
5.662307791446983174e+02 7.070743854715876296e+03
5.695307791446982719e+02 7.055343854715875750e+03
6.223307791446983401e+02 7.055343854715875750e+03
6.872307791446983174e+02 7.068543854715875568e+03
6.916307791446982947e+02 7.072943854715876114e+03
6.916307791446982947e+02 7.074043854715875568e+03
6.707307791446983174e+02 7.132343854715875750e+03
6.696307791446982947e+02 7.133443854715876114e+03
6.223307791446983401e+02 7.169743854715876296e+03
5.992307791446983174e+02 7.169743854715876296e+03
5.750307791446982719e+02 7.145543854715875568e+03
5.629307791446982492e+02 7.111443854715876114e+03
5.618307791446983401e+02 7.108143854715875932e+03
5.618307791446983401e+02 7.098243854715876296e+03
