6.459690262545695987e+02 3.065855522321923218e+03
6.470690262545696214e+02 3.063655522321922945e+03
6.624690262545695987e+02 3.050455522321923127e+03
6.646690262545696442e+02 3.049355522321923218e+03
6.976690262545696442e+02 3.043855522321923218e+03
7.526690262545696442e+02 3.101055522321923036e+03
7.526690262545696442e+02 3.115355522321923218e+03
7.317690262545696669e+02 3.135155522321922945e+03
6.635690262545696214e+02 3.181355522321923218e+03
6.602690262545696669e+02 3.183555522321923036e+03
6.492690262545696669e+02 3.183555522321923036e+03
6.316690262545696442e+02 3.178055522321923036e+03
6.162690262545696669e+02 3.169255522321923308e+03
6.140690262545696214e+02 3.167055522321923036e+03
6.118690262545695759e+02 3.162655522321922945e+03
6.118690262545695759e+02 3.145055522321923036e+03
6.151690262545696442e+02 3.135155522321922945e+03
6.459690262545695987e+02 3.065855522321923218e+03
