7.561606614269673798e+01 5.412844044095130812e+03
8.441606614269673514e+01 5.382044044095131540e+03
8.551606614269672946e+01 5.380944044095131176e+03
9.101606614269672946e+01 5.376544044095131540e+03
9.761606614269673798e+01 5.373244044095131358e+03
1.163160661426967408e+02 5.367744044095131358e+03
1.273160661426967408e+02 5.367744044095131358e+03
1.548160661426967408e+02 5.375444044095131176e+03
2.186160661426967522e+02 5.400744044095131358e+03
2.351160661426967522e+02 5.407344044095130812e+03
2.362160661426967465e+02 5.408444044095131176e+03
2.428160661426967408e+02 5.421644044095130994e+03
2.461160661426967522e+02 5.431544044095131540e+03
2.461160661426967522e+02 5.440344044095130812e+03
1.350160661426967295e+02 5.497544044095131540e+03
1.229160661426967351e+02 5.486544044095131540e+03
9.761606614269673798e+01 5.462344044095130812e+03
7.561606614269673798e+01 5.430444044095131176e+03
7.561606614269673798e+01 5.412844044095130812e+03
