6.398870314244695692e+02 3.513614021375020002e+03
6.398870314244695692e+02 3.511414021375019729e+03
6.464870314244695919e+02 3.490514021375020093e+03
6.981870314244696374e+02 3.486114021375020002e+03
7.454870314244695919e+02 3.486114021375020002e+03
7.971870314244696374e+02 3.502614021375020002e+03
7.993870314244695692e+02 3.503714021375019911e+03
7.993870314244695692e+02 3.511414021375019729e+03
7.553870314244695692e+02 3.555414021375019729e+03
7.542870314244696601e+02 3.555414021375019729e+03
6.981870314244696374e+02 3.551014021375020093e+03
6.585870314244696146e+02 3.540014021375020093e+03
6.398870314244695692e+02 3.513614021375020002e+03
