2.693371560417022579e+02 2.705277046658690779e+03
2.924371560417022806e+02 2.682177046658690870e+03
3.056371560417022692e+02 2.677777046658690779e+03
3.122371560417022920e+02 2.676677046658690870e+03
3.265371560417023034e+02 2.676677046658690870e+03
3.452371560417022920e+02 2.682177046658690870e+03
3.694371560417022806e+02 2.696477046658690597e+03
3.705371560417023034e+02 2.697577046658690961e+03
3.705371560417023034e+02 2.726177046658690870e+03
3.331371560417022692e+02 2.803177046658690870e+03
3.287371560417022920e+02 2.809777046658690779e+03
3.243371560417022579e+02 2.813077046658690961e+03
2.693371560417022579e+02 2.726177046658690870e+03
2.693371560417022579e+02 2.705277046658690779e+03
