7.585372250198780648e+02 7.831199509673999273e+03
7.607372250198781103e+02 7.819099509673999819e+03
7.618372250198781330e+02 7.816899509673999091e+03
7.629372250198780421e+02 7.815799509673999637e+03
7.816372250198780876e+02 7.799299509673999637e+03
8.421372250198780876e+02 7.799299509673999637e+03
8.498372250198781330e+02 7.800399509673999091e+03
8.630372250198780648e+02 7.805899509673999091e+03
8.652372250198781103e+02 7.806999509673999455e+03
8.784372250198780421e+02 7.816899509673999091e+03
8.839372250198780421e+02 7.821299509673999637e+03
8.927372250198781103e+02 7.837799509673999637e+03
8.938372250198781330e+02 7.841099509673999819e+03
8.982372250198781103e+02 7.855399509673999091e+03
8.982372250198781103e+02 7.867499509673999455e+03
8.971372250198780876e+02 7.869699509673999273e+03
8.894372250198780421e+02 7.876299509673999637e+03
8.861372250198780876e+02 7.878499509673999455e+03
8.839372250198780421e+02 7.879599509673999819e+03
8.564372250198780421e+02 7.883999509673999455e+03
8.465372250198780648e+02 7.883999509673999455e+03
8.124372250198780421e+02 7.877399509673999091e+03
7.805372250198780648e+02 7.861999509673999455e+03
7.673372250198780193e+02 7.852099509673999819e+03
7.651372250198780876e+02 7.849899509673999091e+03
7.585372250198780648e+02 7.842199509673999273e+03
7.585372250198780648e+02 7.831199509673999273e+03
