1.191931012006861010e+03 3.858791886792452715e+03
1.194131012006861056e+03 3.858791886792452715e+03
1.218331012006861101e+03 3.859891886792452624e+03
1.226031012006861147e+03 3.863191886792452806e+03
1.252431012006861010e+03 3.882991886792452988e+03
1.271131012006861056e+03 3.898391886792453079e+03
1.272231012006860965e+03 3.899491886792452988e+03
1.274431012006861010e+03 3.902791886792452715e+03
1.275531012006861147e+03 3.904991886792452988e+03
1.281031012006861147e+03 3.920391886792453079e+03
1.285431012006861010e+03 3.935791886792452715e+03
1.285431012006861010e+03 3.936891886792453079e+03
1.208431012006861010e+03 3.978691886792452806e+03
1.191931012006861010e+03 3.978691886792452806e+03
1.191931012006861010e+03 3.858791886792452715e+03
