1.131089585384531119e+03 3.141722612405644668e+03
1.131089585384531119e+03 3.131822612405645032e+03
1.134389585384531301e+03 3.112022612405644850e+03
1.136589585384531119e+03 3.107622612405644759e+03
1.149789585384531165e+03 3.090022612405644850e+03
1.156389585384531301e+03 3.083422612405644941e+03
1.167389585384531301e+03 3.083422612405644941e+03
1.178389585384531301e+03 3.084522612405644850e+03
1.199289585384531165e+03 3.088922612405644941e+03
1.212489585384531210e+03 3.093322612405645032e+03
1.234489585384531210e+03 3.101022612405644850e+03
1.235589585384531347e+03 3.102122612405644759e+03
1.236689585384531256e+03 3.107622612405644759e+03
1.239989585384531210e+03 3.128522612405644850e+03
1.242189585384531256e+03 3.145022612405644850e+03
1.242189585384531256e+03 3.154922612405644941e+03
1.241089585384531347e+03 3.161522612405644850e+03
1.238889585384531301e+03 3.167022612405644850e+03
1.200389585384531301e+03 3.214322612405645032e+03
1.198189585384531256e+03 3.214322612405645032e+03
1.179489585384531210e+03 3.212122612405644759e+03
1.176189585384531256e+03 3.211022612405644850e+03
1.173989585384531210e+03 3.209922612405644941e+03
1.145389585384531301e+03 3.190122612405644759e+03
1.144289585384531165e+03 3.189022612405644850e+03
1.138789585384531165e+03 3.180222612405645123e+03
1.137689585384531256e+03 3.178022612405644850e+03
1.136589585384531119e+03 3.174722612405645123e+03
1.132189585384531256e+03 3.157122612405644759e+03
1.131089585384531119e+03 3.141722612405644668e+03
