1.564600557310050135e+03 5.333818149730633195e+03
1.564600557310050135e+03 5.316218149730633741e+03
1.586600557310050135e+03 5.295318149730633195e+03
1.626200557310050044e+03 5.295318149730633195e+03
1.699900557310050090e+03 5.332718149730633741e+03
1.697700557310050044e+03 5.336018149730633922e+03
1.687800557310050181e+03 5.350318149730633195e+03
1.685600557310050135e+03 5.352518149730633013e+03
1.676800557310050181e+03 5.360218149730633741e+03
1.638300557310050181e+03 5.376718149730633741e+03
1.628400557310050090e+03 5.376718149730633741e+03
1.615200557310050044e+03 5.374518149730633013e+03
1.611900557310050090e+03 5.373418149730633559e+03
1.609700557310050044e+03 5.372318149730633195e+03
1.582200557310050044e+03 5.351418149730633559e+03
1.564600557310050135e+03 5.333818149730633195e+03
