1.270754631048828514e+03 5.869254302605649173e+03
1.299354631048828651e+03 5.851654302605648809e+03
1.327954631048828560e+03 5.851654302605648809e+03
1.336754631048828514e+03 5.865954302605648991e+03
1.343354631048828651e+03 5.896754302605649173e+03
1.343354631048828651e+03 5.909954302605648991e+03
1.341154631048828605e+03 5.922054302605649355e+03
1.340054631048828469e+03 5.925354302605649536e+03
1.338954631048828560e+03 5.927554302605649355e+03
1.309254631048828514e+03 5.957254302605649173e+03
1.299354631048828651e+03 5.957254302605649173e+03
1.279554631048828469e+03 5.937454302605648991e+03
1.270754631048828514e+03 5.900054302605649355e+03
1.270754631048828514e+03 5.869254302605649173e+03
