5.398990847014383689e+02 4.965502310039227268e+03
5.629990847014382780e+02 4.935802310039227450e+03
5.684990847014382780e+02 4.929202310039227086e+03
5.695990847014383007e+02 4.928102310039226722e+03
5.805990847014383007e+02 4.919302310039227450e+03
5.893990847014383689e+02 4.918202310039227086e+03
6.124990847014382780e+02 4.918202310039227086e+03
6.245990847014383007e+02 4.920402310039226904e+03
6.322990847014383462e+02 4.922602310039226722e+03
6.410990847014383007e+02 4.958902310039226904e+03
6.410990847014383007e+02 5.024902310039226904e+03
6.388990847014383689e+02 5.024902310039226904e+03
5.970990847014383007e+02 5.020502310039227268e+03
5.684990847014382780e+02 5.011702310039227086e+03
5.552990847014383462e+02 5.006202310039227086e+03
5.508990847014383689e+02 5.001802310039227450e+03
5.497990847014383462e+02 4.999602310039226722e+03
5.398990847014383689e+02 4.978702310039227086e+03
5.398990847014383689e+02 4.965502310039227268e+03
