9.561653559075186877e+02 6.196114290915710626e+03
9.594653559075186422e+02 6.192814290915710444e+03
9.638653559075186195e+02 6.192814290915710444e+03
9.792653559075187104e+02 6.208214290915710990e+03
9.902653559075187104e+02 6.224714290915710990e+03
9.968653559075186195e+02 6.241214290915710990e+03
1.004565355907518665e+03 6.264314290915710444e+03
1.004565355907518665e+03 6.276414290915710808e+03
9.990653559075186649e+02 6.290714290915710990e+03
9.869653559075186422e+02 6.314914290915710808e+03
9.858653559075186195e+02 6.316014290915711172e+03
9.792653559075187104e+02 6.320414290915710808e+03
9.473653559075186195e+02 6.329214290915710990e+03
9.429653559075186422e+02 6.330314290915711354e+03
9.308653559075186195e+02 6.330314290915711354e+03
9.297653559075187104e+02 6.329214290915710990e+03
9.275653559075186649e+02 6.325914290915710808e+03
9.275653559075186649e+02 6.274214290915710990e+03
9.561653559075186877e+02 6.196114290915710626e+03
