9.638520566318926512e+02 6.439946110283159214e+03
9.638520566318926512e+02 6.428946110283159214e+03
9.660520566318926967e+02 6.419046110283159578e+03
9.671520566318927195e+02 6.416846110283159760e+03
9.748520566318926512e+02 6.408046110283159578e+03
9.814520566318926740e+02 6.401446110283159214e+03
1.000152056631892719e+03 6.390446110283159214e+03
1.007852056631892651e+03 6.388246110283159396e+03
1.022152056631892719e+03 6.388246110283159396e+03
1.055152056631892719e+03 6.393746110283159396e+03
1.055152056631892719e+03 6.450946110283159214e+03
1.044152056631892719e+03 6.469646110283159942e+03
1.014452056631892674e+03 6.496046110283159578e+03
9.781520566318927195e+02 6.496046110283159578e+03
9.682520566318927422e+02 6.476246110283159396e+03
9.660520566318926967e+02 6.469646110283159942e+03
9.638520566318926512e+02 6.439946110283159214e+03
