3.878431509625126523e+02 7.614263150962512555e+03
3.889431509625126751e+02 7.612063150962512736e+03
3.955431509625126409e+02 7.601063150962512736e+03
4.076431509625126637e+02 7.584563150962512736e+03
4.384431509625126751e+02 7.580163150962512191e+03
4.395431509625126409e+02 7.580163150962512191e+03
5.022431509625126864e+02 7.584563150962512736e+03
5.132431509625126864e+02 7.587863150962512918e+03
5.143431509625127092e+02 7.588963150962512373e+03
5.242431509625126864e+02 7.602163150962512191e+03
5.253431509625127092e+02 7.605463150962512373e+03
5.253431509625127092e+02 7.626363150962512918e+03
5.242431509625126864e+02 7.647263150962512555e+03
5.231431509625126637e+02 7.649463150962512373e+03
5.187431509625126864e+02 7.656063150962512736e+03
4.879431509625126751e+02 7.687963150962512373e+03
4.461431509625126637e+02 7.691263150962512555e+03
4.362431509625126864e+02 7.691263150962512555e+03
4.274431509625126751e+02 7.686863150962512918e+03
4.131431509625126637e+02 7.678063150962512736e+03
4.021431509625126637e+02 7.669263150962512555e+03
4.010431509625126409e+02 7.668163150962513100e+03
3.966431509625126637e+02 7.662663150962513100e+03
3.944431509625126751e+02 7.659363150962512918e+03
3.911431509625126637e+02 7.651663150962513100e+03
3.889431509625126751e+02 7.643963150962512373e+03
3.878431509625126523e+02 7.639563150962512736e+03
3.878431509625126523e+02 7.614263150962512555e+03
