3.571962770717737499e+02 5.384568104528369076e+03
3.571962770717737499e+02 5.372468104528369622e+03
3.714962770717737612e+02 5.351568104528369076e+03
3.725962770717737840e+02 5.350468104528369622e+03
3.879962770717737612e+02 5.342768104528369804e+03
3.967962770717737726e+02 5.339468104528369622e+03
4.198962770717737385e+02 5.339468104528369622e+03
4.396962770717737499e+02 5.413168104528369440e+03
4.396962770717737499e+02 5.446168104528369440e+03
4.088962770717737385e+02 5.459368104528369258e+03
3.934962770717737612e+02 5.459368104528369258e+03
3.791962770717737499e+02 5.452768104528369804e+03
3.769962770717737612e+02 5.451668104528369440e+03
3.571962770717737499e+02 5.384568104528369076e+03
