4.590573286052008939e+01 1.587586465721040213e+03
5.470573286052009365e+01 1.552386465721040167e+03
6.900573286052009792e+01 1.552386465721040167e+03
1.339057328605200894e+02 1.572186465721040122e+03
1.339057328605200894e+02 1.576586465721040213e+03
1.251057328605201064e+02 1.587586465721040213e+03
1.097057328605201008e+02 1.606286465721040258e+03
1.086057328605200922e+02 1.607386465721040167e+03
9.760573286052009223e+01 1.616186465721040122e+03
8.660573286052009223e+01 1.623886465721040167e+03
8.440573286052008939e+01 1.624986465721040076e+03
7.450573286052009792e+01 1.627186465721040122e+03
6.130573286052009507e+01 1.627186465721040122e+03
4.590573286052008939e+01 1.626086465721040213e+03
4.590573286052008939e+01 1.587586465721040213e+03
