4.858827787629081172e+02 3.372235516845728398e+03
4.990827787629081058e+02 3.348035516845728580e+03
5.012827787629080944e+02 3.344735516845728398e+03
5.089827787629080831e+02 3.337035516845728580e+03
5.397827787629081513e+02 3.318335516845728762e+03
5.441827787629081286e+02 3.317235516845728398e+03
5.595827787629081058e+02 3.317235516845728398e+03
5.628827787629080603e+02 3.318335516845728762e+03
5.738827787629080603e+02 3.323835516845728762e+03
5.958827787629080603e+02 3.337035516845728580e+03
6.024827787629080831e+02 3.341435516845728671e+03
6.035827787629081058e+02 3.342535516845728580e+03
6.156827787629081286e+02 3.359035516845728580e+03
6.167827787629081513e+02 3.362335516845728762e+03
6.167827787629081513e+02 3.374435516845728671e+03
6.112827787629081513e+02 3.394235516845728398e+03
6.090827787629081058e+02 3.398635516845728489e+03
6.013827787629080603e+02 3.411835516845728762e+03
5.947827787629081513e+02 3.420635516845728489e+03
5.848827787629080603e+02 3.430535516845728580e+03
5.727827787629081513e+02 3.441535516845728580e+03
5.562827787629081513e+02 3.447035516845728580e+03
5.463827787629080603e+02 3.447035516845728580e+03
5.298827787629080603e+02 3.436035516845728580e+03
4.869827787629080831e+02 3.393135516845728489e+03
4.858827787629081172e+02 3.372235516845728398e+03
