4.478795748278777467e+01 2.295598055320690946e+03
4.698795748278777040e+01 2.291198055320690855e+03
5.138795748278776898e+01 2.283498055320691037e+03
5.468795748278777324e+01 2.280198055320690855e+03
5.908795748278777182e+01 2.277998055320691037e+03
6.458795748278777182e+01 2.275798055320690764e+03
7.008795748278777182e+01 2.274698055320690855e+03
1.085879574827877718e+02 2.274698055320690855e+03
1.404879574827877775e+02 2.279098055320690946e+03
1.569879574827877775e+02 2.283498055320691037e+03
1.657879574827877889e+02 2.321998055320691037e+03
1.657879574827877889e+02 2.343998055320691037e+03
1.305879574827877718e+02 2.370398055320691128e+03
8.218795748278776614e+01 2.396798055320690764e+03
3.928795748278776756e+01 2.338498055320691037e+03
3.928795748278776756e+01 2.337398055320691128e+03
4.478795748278777467e+01 2.295598055320690946e+03
