1.208889719352952625e+03 6.363185402455661460e+03
1.208889719352952625e+03 6.349985402455661642e+03
1.209989719352952761e+03 6.345585402455662006e+03
1.211089719352952670e+03 6.342285402455661824e+03
1.271589719352952670e+03 6.300485402455661642e+03
1.304589719352952670e+03 6.300485402455661642e+03
1.306789719352952716e+03 6.301585402455662006e+03
1.313389719352952625e+03 6.313685402455661460e+03
1.329889719352952625e+03 6.357685402455661460e+03
1.329889719352952625e+03 6.367585402455662006e+03
1.328789719352952716e+03 6.418185402455661460e+03
1.327689719352952579e+03 6.426985402455661642e+03
1.326589719352952670e+03 6.430285402455661824e+03
1.324389719352952625e+03 6.432485402455661642e+03
1.308989719352952761e+03 6.443485402455661642e+03
1.297989719352952761e+03 6.443485402455661642e+03
1.288089719352952670e+03 6.442385402455661279e+03
1.223189719352952579e+03 6.408285402455661824e+03
1.222089719352952670e+03 6.407185402455661460e+03
1.220989719352952534e+03 6.404985402455661642e+03
1.211089719352952670e+03 6.382985402455661642e+03
1.208889719352952625e+03 6.363185402455661460e+03
