6.482534607218683504e+02 2.817414762915781921e+03
6.482534607218683504e+02 2.799814762915782012e+03
6.493534607218683732e+02 2.792114762915782194e+03
6.504534607218683959e+02 2.789914762915781921e+03
6.581534607218683277e+02 2.777814762915782012e+03
6.977534607218683504e+02 2.777814762915782012e+03
7.516534607218683277e+02 2.788814762915782012e+03
7.593534607218683732e+02 2.808614762915782194e+03
7.593534607218683732e+02 2.820714762915782103e+03
7.571534607218683277e+02 2.832814762915782012e+03
7.560534607218684187e+02 2.836114762915782194e+03
7.494534607218683959e+02 2.849314762915782012e+03
7.362534607218683504e+02 2.859214762915782103e+03
7.054534607218683959e+02 2.877914762915781921e+03
6.933534607218683732e+02 2.877914762915781921e+03
6.603534607218683732e+02 2.860314762915782012e+03
6.581534607218683277e+02 2.858114762915782194e+03
6.504534607218683959e+02 2.847114762915782194e+03
6.493534607218683732e+02 2.844914762915781921e+03
6.482534607218683504e+02 2.817414762915781921e+03
