-3.964847650197974360e+00 1.413457583060767774e+03
4.351523498020313241e-01 1.403557583060767683e+03
1.143515234980202777e+01 1.388157583060767820e+03
1.583515234980202990e+01 1.383757583060767729e+03
2.133515234980202990e+01 1.379357583060767865e+03
2.353515234980202919e+01 1.378257583060767729e+03
4.333515234980202990e+01 1.371657583060767820e+03
7.083515234980202990e+01 1.371657583060767820e+03
7.413515234980204127e+01 1.372757583060767729e+03
7.633515234980202990e+01 1.373857583060767865e+03
7.743515234980202422e+01 1.374957583060767774e+03
8.183515234980202990e+01 1.381557583060767683e+03
8.293515234980202422e+01 1.384857583060767865e+03
8.513515234980204127e+01 1.393657583060767820e+03
8.513515234980204127e+01 1.421157583060767820e+03
8.073515234980203559e+01 1.429957583060767774e+03
7.193515234980202422e+01 1.444257583060767729e+03
7.083515234980202990e+01 1.445357583060767865e+03
5.983515234980202990e+01 1.453057583060767683e+03
4.333515234980202990e+01 1.464057583060767683e+03
3.343515234980203132e+01 1.469557583060767683e+03
3.123515234980202848e+01 1.470657583060767820e+03
2.463515234980203061e+01 1.471757583060767729e+03
1.253515234980202919e+01 1.471757583060767729e+03
-3.964847650197974360e+00 1.462957583060767774e+03
-3.964847650197974360e+00 1.413457583060767774e+03
