1.212835531985415855e+03 1.715897326262291472e+03
1.212835531985415855e+03 1.690597326262291517e+03
1.216135531985416037e+03 1.686197326262291426e+03
1.219435531985415992e+03 1.682897326262291472e+03
1.221635531985416037e+03 1.681797326262291335e+03
1.231535531985415901e+03 1.677397326262291472e+03
1.243635531985416037e+03 1.676297326262291335e+03
1.263435531985415992e+03 1.675197326262291426e+03
1.316235531985415946e+03 1.675197326262291426e+03
1.378935531985415992e+03 1.692797326262291335e+03
1.378935531985415992e+03 1.715897326262291472e+03
1.358035531985415901e+03 1.756597326262291517e+03
1.338235531985415946e+03 1.758797326262291335e+03
1.282135531985416037e+03 1.764297326262291563e+03
1.271135531985416037e+03 1.764297326262291563e+03
1.256835531985415855e+03 1.757697326262291426e+03
1.231535531985415901e+03 1.745597326262291517e+03
1.229335531985415855e+03 1.744497326262291381e+03
1.228235531985415946e+03 1.743397326262291472e+03
1.212835531985415855e+03 1.715897326262291472e+03
