3.315524113887274780e+02 1.330347549874104288e+03
3.326524113887275007e+02 1.321547549874104106e+03
3.359524113887274552e+02 1.306147549874104243e+03
3.381524113887275007e+02 1.305047549874104106e+03
3.480524113887274780e+02 1.301747549874104152e+03
3.601524113887275007e+02 1.301747549874104152e+03
3.898524113887274893e+02 1.302847549874104288e+03
4.129524113887274552e+02 1.334747549874104152e+03
4.129524113887274552e+02 1.354547549874104106e+03
4.085524113887274780e+02 1.377647549874104243e+03
4.074524113887274552e+02 1.378747549874104152e+03
3.898524113887274893e+02 1.389747549874104152e+03
3.854524113887275121e+02 1.391947549874104197e+03
3.821524113887275007e+02 1.393047549874104106e+03
3.777524113887274666e+02 1.394147549874104243e+03
3.590524113887274780e+02 1.394147549874104243e+03
3.546524113887275007e+02 1.393047549874104106e+03
3.502524113887274666e+02 1.390847549874104288e+03
3.425524113887274780e+02 1.386447549874104197e+03
3.403524113887274893e+02 1.384247549874104152e+03
3.370524113887274780e+02 1.379847549874104288e+03
3.337524113887274666e+02 1.373247549874104152e+03
3.326524113887275007e+02 1.366647549874104243e+03
3.315524113887274780e+02 1.353447549874104197e+03
3.315524113887274780e+02 1.330347549874104288e+03
