6.345739422761561173e+02 4.115400573958674613e+03
6.356739422761561400e+02 4.104400573958674613e+03
6.389739422761560945e+02 4.098900573958674613e+03
6.411739422761561400e+02 4.095600573958674886e+03
6.444739422761560945e+02 4.092300573958675159e+03
6.576739422761561400e+02 4.086800573958675159e+03
6.686739422761561400e+02 4.086800573958675159e+03
6.851739422761561400e+02 4.090100573958674886e+03
6.961739422761561400e+02 4.095600573958674886e+03
7.016739422761561400e+02 4.098900573958674613e+03
7.049739422761560945e+02 4.102200573958674795e+03
7.060739422761561173e+02 4.124200573958674795e+03
7.071739422761561400e+02 4.161600573958675341e+03
7.071739422761561400e+02 4.174800573958675159e+03
7.049739422761560945e+02 4.188000573958674977e+03
7.038739422761560718e+02 4.193500573958674977e+03
7.016739422761561400e+02 4.199000573958674977e+03
7.005739422761561173e+02 4.201200573958674795e+03
6.983739422761560718e+02 4.203400573958674613e+03
6.961739422761561400e+02 4.204500573958674977e+03
6.862739422761561627e+02 4.206700573958674795e+03
6.752739422761561627e+02 4.206700573958674795e+03
6.708739422761560718e+02 4.204500573958674977e+03
6.631739422761561400e+02 4.197900573958674613e+03
6.488739422761560718e+02 4.183600573958675341e+03
6.323739422761560718e+02 4.164900573958674613e+03
6.323739422761560718e+02 4.146200573958674795e+03
6.345739422761561173e+02 4.115400573958674613e+03
