3.915245567842724199e+02 7.124936457784799131e+03
3.915245567842724199e+02 7.109536457784799495e+03
4.168245567842724313e+02 7.084236457784799313e+03
4.586245567842724427e+02 7.084236457784799313e+03
4.872245567842724085e+02 7.088636457784798949e+03
4.982245567842724085e+02 7.123836457784798768e+03
4.982245567842724085e+02 7.160136457784798949e+03
4.883245567842724313e+02 7.170036457784799495e+03
4.652245567842724085e+02 7.174436457784799131e+03
4.542245567842724085e+02 7.174436457784799131e+03
4.498245567842724313e+02 7.173336457784798768e+03
4.454245567842723972e+02 7.171136457784798949e+03
4.366245567842724427e+02 7.165636457784798949e+03
3.915245567842724199e+02 7.124936457784799131e+03
