1.057203796408299922e+03 7.253202168046896986e+03
1.058303796408300059e+03 7.192702168046896986e+03
1.060503796408299877e+03 7.190502168046897168e+03
1.074803796408300059e+03 7.190502168046897168e+03
1.123203796408299922e+03 7.191602168046896622e+03
1.126503796408299877e+03 7.192702168046896986e+03
1.143003796408299877e+03 7.202602168046896622e+03
1.160603796408300013e+03 7.218002168046897168e+03
1.161703796408299922e+03 7.219102168046896622e+03
1.168303796408300059e+03 7.247702168046896986e+03
1.168303796408300059e+03 7.264202168046896986e+03
1.146303796408300059e+03 7.337902168046896804e+03
1.129803796408300059e+03 7.345602168046896622e+03
1.125403796408299968e+03 7.346702168046896986e+03
1.114403796408299968e+03 7.346702168046896986e+03
1.088003796408299877e+03 7.342302168046896441e+03
1.086903796408299968e+03 7.340102168046896622e+03
1.074803796408300059e+03 7.311502168046897168e+03
1.058303796408300059e+03 7.270802168046896441e+03
1.057203796408299922e+03 7.267502168046897168e+03
1.057203796408299922e+03 7.253202168046896986e+03
