2.311247997018818694e+02 5.684713070616731784e+03
2.278247997018818580e+02 5.655013070616731966e+03
2.278247997018818580e+02 5.644013070616731966e+03
2.300247997018818751e+02 5.638513070616731966e+03
3.191247997018818978e+02 5.638513070616731966e+03
3.675247997018818751e+02 5.647313070616732148e+03
3.796247997018818978e+02 5.670413070616731602e+03
3.796247997018818978e+02 5.680313070616732148e+03
3.763247997018818864e+02 5.710013070616731966e+03
3.741247997018818978e+02 5.715513070616731966e+03
3.532247997018818637e+02 5.743013070616731966e+03
3.521247997018818978e+02 5.744113070616732330e+03
3.488247997018818864e+02 5.746313070616732148e+03
3.444247997018818523e+02 5.747413070616731602e+03
3.279247997018818523e+02 5.750713070616731784e+03
3.125247997018818751e+02 5.750713070616731784e+03
2.850247997018818751e+02 5.740813070616732148e+03
2.795247997018818751e+02 5.738613070616732330e+03
2.773247997018818864e+02 5.737513070616731966e+03
2.729247997018818523e+02 5.733113070616732330e+03
2.311247997018818694e+02 5.684713070616731784e+03
