1.138014747542076293e+03 3.893966188968505321e+03
1.150114747542076202e+03 3.873066188968505230e+03
1.152314747542076248e+03 3.869766188968505048e+03
1.160014747542076293e+03 3.862066188968505230e+03
1.180914747542076384e+03 3.845566188968505230e+03
1.191914747542076384e+03 3.845566188968505230e+03
1.196314747542076248e+03 3.857666188968505139e+03
1.196314747542076248e+03 3.977566188968505230e+03
1.178714747542076339e+03 4.012766188968505048e+03
1.174314747542076248e+03 4.017166188968505139e+03
1.160014747542076293e+03 4.017166188968505139e+03
1.153414747542076384e+03 4.014966188968505321e+03
1.138014747542076293e+03 3.930266188968505048e+03
1.138014747542076293e+03 3.893966188968505321e+03
