9.927152968036530183e+02 9.493892237442922521e+01
9.927152968036530183e+02 8.503892237442921953e+01
9.938152968036529273e+02 6.523892237442922237e+01
9.960152968036529728e+02 5.093892237442921811e+01
1.009215296803653018e+03 3.113892237442921385e+01
1.013615296803652996e+03 2.673892237442922237e+01
1.019115296803652996e+03 2.233892237442921669e+01
1.034515296803652973e+03 2.233892237442921669e+01
1.054315296803652927e+03 2.453892237442921953e+01
1.065315296803652927e+03 2.673892237442922237e+01
1.109315296803652927e+03 7.073892237442922237e+01
1.124715296803653018e+03 1.092389223744292224e+02
1.124715296803653018e+03 1.136389223744292281e+02
1.079615296803652882e+03 1.631389223744292281e+02
1.078515296803652973e+03 1.642389223744292224e+02
1.058715296803653018e+03 1.829389223744292394e+02
1.046615296803652882e+03 1.829389223744292394e+02
1.038915296803653064e+03 1.785389223744292337e+02
9.960152968036529728e+02 1.169389223744292252e+02
9.927152968036530183e+02 9.493892237442922521e+01
