6.162996733360555481e+02 5.128259391588403560e+03
6.173996733360555709e+02 5.128259391588403560e+03
6.404996733360555936e+02 5.130459391588403378e+03
6.470996733360555027e+02 5.131559391588403741e+03
6.767996733360555481e+02 5.148059391588403741e+03
6.877996733360555481e+02 5.203059391588403741e+03
6.877996733360555481e+02 5.206359391588403014e+03
6.338996733360555709e+02 5.206359391588403014e+03
5.777996733360555481e+02 5.186559391588403741e+03
5.744996733360554799e+02 5.173359391588403923e+03
5.744996733360554799e+02 5.170059391588403741e+03
6.162996733360555481e+02 5.128259391588403560e+03
