4.135583576571317508e+02 6.512128098851916548e+03
4.300583576571317508e+02 6.512128098851916548e+03
4.795583576571317508e+02 6.540728098851916911e+03
4.905583576571317508e+02 6.570428098851916729e+03
4.905583576571317508e+02 6.575928098851916729e+03
4.300583576571317508e+02 6.608928098851916729e+03
3.904583576571317280e+02 6.608928098851916729e+03
3.783583576571317053e+02 6.581428098851916729e+03
3.783583576571317053e+02 6.570428098851916729e+03
4.135583576571317508e+02 6.512128098851916548e+03
