1.093391451385627079e+03 2.050612744637544893e+03
1.093391451385627079e+03 2.049512744637544984e+03
1.149491451385626988e+03 2.042912744637545075e+03
1.223191451385627033e+03 2.042912744637545075e+03
1.224291451385627170e+03 2.044012744637544984e+03
1.225391451385627079e+03 2.046212744637545029e+03
1.225391451385627079e+03 2.056112744637544893e+03
1.200091451385627124e+03 2.094612744637544893e+03
1.195691451385627033e+03 2.101212744637545256e+03
1.190191451385627033e+03 2.107812744637545165e+03
1.186891451385627079e+03 2.111112744637544893e+03
1.182491451385626988e+03 2.113312744637545165e+03
1.176991451385626988e+03 2.114412744637545075e+03
1.146191451385627033e+03 2.116612744637544893e+03
1.130791451385626942e+03 2.116612744637544893e+03
1.120891451385627079e+03 2.115512744637544984e+03
1.117591451385627124e+03 2.114412744637545075e+03
1.115391451385627079e+03 2.113312744637545165e+03
1.112091451385627124e+03 2.111112744637544893e+03
1.106591451385627124e+03 2.106712744637545256e+03
1.102191451385627033e+03 2.102312744637545165e+03
1.101091451385627124e+03 2.100112744637544893e+03
1.094491451385626988e+03 2.085812744637545165e+03
1.093391451385627079e+03 2.050612744637544893e+03
