1.316558618600424069e+01 3.225961011814601534e+03
1.316558618600424069e+01 3.190761011814601716e+03
1.976558618600423500e+01 3.181961011814601534e+03
2.196558618600423785e+01 3.179761011814601716e+03
3.516558618600424069e+01 3.169861011814601625e+03
3.736558618600423642e+01 3.168761011814601716e+03
6.486558618600423642e+01 3.168761011814601716e+03
9.786558618600423642e+01 3.197361011814601625e+03
9.786558618600423642e+01 3.217161011814601807e+03
9.126558618600424211e+01 3.268861011814601625e+03
7.586558618600423642e+01 3.298561011814601443e+03
6.486558618600423642e+01 3.298561011814601443e+03
3.296558618600423785e+01 3.268861011814601625e+03
2.746558618600423785e+01 3.263361011814601625e+03
1.756558618600423927e+01 3.245761011814601716e+03
1.316558618600424069e+01 3.225961011814601534e+03
