9.882956564855215902e+02 1.021532487108290411e+03
1.048795656485521704e+03 1.023732487108290343e+03
1.068595656485521658e+03 1.033632487108290434e+03
1.083995656485521522e+03 1.047932487108290388e+03
1.083995656485521522e+03 1.065532487108290297e+03
1.075195656485521567e+03 1.078732487108290343e+03
1.071895656485521613e+03 1.082032487108290297e+03
1.060895656485521613e+03 1.088632487108290434e+03
1.056495656485521522e+03 1.090832487108290479e+03
1.035595656485521658e+03 1.094132487108290434e+03
1.010295656485521590e+03 1.094132487108290434e+03
9.904956564855216357e+02 1.085332487108290479e+03
9.882956564855215902e+02 1.084232487108290343e+03
9.794956564855216357e+02 1.078732487108290343e+03
9.783956564855216129e+02 1.077632487108290434e+03
9.728956564855216129e+02 1.071032487108290297e+03
9.728956564855216129e+02 1.060032487108290297e+03
9.882956564855215902e+02 1.021532487108290411e+03
