7.460613086038124493e+02 4.080475253305855858e+03
7.471613086038124720e+02 4.057375253305855949e+03
7.493613086038125175e+02 4.051875253305855949e+03
7.515613086038124493e+02 4.047475253305856313e+03
7.691613086038124720e+02 4.026575253305856222e+03
7.735613086038124493e+02 4.022175253305856131e+03
7.757613086038124948e+02 4.021075253305856222e+03
7.834613086038124266e+02 4.018875253305855949e+03
7.944613086038124266e+02 4.018875253305855949e+03
8.989613086038125402e+02 4.041975253305855858e+03
8.989613086038125402e+02 4.043075253305856222e+03
8.956613086038124720e+02 4.057375253305855949e+03
8.703613086038125175e+02 4.116775253305856495e+03
8.571613086038124720e+02 4.136575253305855767e+03
8.538613086038125175e+02 4.140975253305856313e+03
8.516613086038124720e+02 4.143175253305856131e+03
8.461613086038124720e+02 4.146475253305856313e+03
8.417613086038124948e+02 4.148675253305856131e+03
7.867613086038124948e+02 4.150875253305855949e+03
7.746613086038124720e+02 4.150875253305855949e+03
7.724613086038124266e+02 4.149775253305856495e+03
7.702613086038124948e+02 4.147575253305855767e+03
7.603613086038125175e+02 4.133275253305856495e+03
7.581613086038124720e+02 4.129975253305856313e+03
7.460613086038124493e+02 4.095875253305855949e+03
7.460613086038124493e+02 4.080475253305855858e+03
