4.953884214588961754e+02 4.743688344268622131e+03
4.997884214588961527e+02 4.715088344268621768e+03
5.140884214588961640e+02 4.698588344268621768e+03
5.173884214588961186e+02 4.695288344268622495e+03
5.217884214588962095e+02 4.693088344268621768e+03
5.338884214588961186e+02 4.687588344268621768e+03
5.371884214588961868e+02 4.686488344268622313e+03
5.525884214588961640e+02 4.684288344268622495e+03
6.075884214588961640e+02 4.743688344268622131e+03
6.075884214588961640e+02 4.745888344268621950e+03
5.998884214588962323e+02 4.788788344268622495e+03
5.459884214588961413e+02 4.797588344268621768e+03
4.953884214588961754e+02 4.797588344268621768e+03
4.953884214588961754e+02 4.743688344268622131e+03
