1.688186628112828885e+03 6.779698571934380197e+03
1.685986628112829067e+03 6.757698571934380197e+03
1.685986628112829067e+03 6.743398571934380016e+03
1.691486628112829067e+03 6.725798571934379652e+03
1.742086628112828976e+03 6.725798571934379652e+03
1.809186628112828885e+03 6.758798571934379652e+03
1.819086628112828976e+03 6.781898571934380016e+03
1.819086628112828976e+03 6.782998571934379470e+03
1.759686628112828885e+03 6.842398571934380016e+03
1.750886628112828930e+03 6.845698571934380197e+03
1.739886628112828930e+03 6.845698571934380197e+03
1.721186628112828885e+03 6.837998571934379470e+03
1.717886628112828930e+03 6.835798571934379652e+03
1.710186628112828885e+03 6.828098571934379834e+03
1.705786628112829021e+03 6.821498571934379470e+03
1.694786628112829021e+03 6.798398571934380016e+03
1.690386628112828930e+03 6.787398571934380016e+03
1.689286628112829021e+03 6.784098571934379834e+03
1.688186628112828885e+03 6.779698571934380197e+03
