6.024812622921508591e+02 7.179755050956552509e+01
6.024812622921508591e+02 6.959755050956552225e+01
6.376812622921509046e+02 1.459755050956552225e+01
6.750812622921508819e+02 3.329755050956552509e+01
6.794812622921508591e+02 3.659755050956552225e+01
6.805812622921508819e+02 3.769755050956552367e+01
7.113812622921509501e+02 6.959755050956552225e+01
7.113812622921509501e+02 1.080975505095655365e+02
7.014812622921508591e+02 1.179975505095655279e+02
6.552812622921509274e+02 1.179975505095655279e+02
6.024812622921508591e+02 7.179755050956552509e+01
