9.396881927465362878e+02 3.176414211491442529e+03
9.462881927465361969e+02 3.173114211491442347e+03
1.023288192746536311e+03 3.142314211491442620e+03
1.037588192746536151e+03 3.142314211491442620e+03
1.058488192746536242e+03 3.143414211491442529e+03
1.069488192746536242e+03 3.151114211491442347e+03
1.073888192746536333e+03 3.212714211491442711e+03
1.073888192746536333e+03 3.267714211491442711e+03
1.050788192746536197e+03 3.290814211491442620e+03
1.033188192746536288e+03 3.290814211491442620e+03
9.572881927465363106e+02 3.230314211491442620e+03
9.396881927465362878e+02 3.212714211491442711e+03
9.396881927465362878e+02 3.176414211491442529e+03
