1.100979367440015949e+03 4.099845379734285416e+03
1.100979367440015949e+03 4.058045379734285234e+03
1.131779367440015903e+03 4.019545379734285234e+03
1.154879367440015812e+03 3.996445379734285325e+03
1.159279367440015903e+03 3.996445379734285325e+03
1.160379367440015812e+03 3.997545379734285234e+03
1.217579367440015858e+03 4.099845379734285416e+03
1.217579367440015858e+03 4.104245379734285052e+03
1.192279367440015903e+03 4.298945379734284870e+03
1.191179367440015767e+03 4.300045379734285234e+03
1.179079367440015858e+03 4.300045379734285234e+03
1.151579367440015858e+03 4.294545379734285234e+03
1.100979367440015949e+03 4.099845379734285416e+03
