6.763265169980757037e+02 8.220880153944835911e+03
6.763265169980757037e+02 8.179080153944836638e+03
6.829265169980757264e+02 8.176880153944836820e+03
6.906265169980756582e+02 8.174680153944836093e+03
7.093265169980757037e+02 8.170280153944836457e+03
7.247265169980756809e+02 8.170280153944836457e+03
7.269265169980757264e+02 8.171380153944836820e+03
7.401265169980756582e+02 8.181280153944836457e+03
7.434265169980757264e+02 8.184580153944836638e+03
7.775265169980757491e+02 8.225280153944835547e+03
7.786265169980756582e+02 8.227480153944836275e+03
7.808265169980757037e+02 8.237380153944835911e+03
7.808265169980757037e+02 8.238480153944836275e+03
7.764265169980757264e+02 8.242880153944835911e+03
7.060265169980757491e+02 8.309980153944836275e+03
6.928265169980757037e+02 8.309980153944836275e+03
6.807265169980756809e+02 8.298980153944836275e+03
6.796265169980756582e+02 8.297880153944835911e+03
6.785265169980757491e+02 8.289080153944836638e+03
6.763265169980757037e+02 8.220880153944835911e+03
