9.293805258246885614e+02 4.881177144739008327e+03
9.370805258246884932e+02 4.862477144739008509e+03
9.381805258246885160e+02 4.860277144739008691e+03
9.645805258246884932e+02 4.831677144739008327e+03
9.656805258246885160e+02 4.830577144739008872e+03
1.021780525824688539e+03 4.796477144739008509e+03
1.031680525824688630e+03 4.796477144739008509e+03
1.053680525824688630e+03 4.797577144739008872e+03
1.063580525824688493e+03 4.798677144739008327e+03
1.066880525824688448e+03 4.799777144739008691e+03
1.069080525824688493e+03 4.800877144739009054e+03
1.077880525824688448e+03 4.808577144739008872e+03
1.081180525824688630e+03 4.811877144739009054e+03
1.082280525824688539e+03 4.814077144739008872e+03
1.083380525824688448e+03 4.822877144739009054e+03
1.083380525824688448e+03 4.838277144739008691e+03
1.040480525824688584e+03 4.993377144739009054e+03
9.876805258246885160e+02 5.028577144739008872e+03
9.722805258246885387e+02 5.028577144739008872e+03
9.315805258246884932e+02 4.999977144739008509e+03
9.293805258246885614e+02 4.997777144739008691e+03
9.249805258246884705e+02 4.992277144739008691e+03
9.216805258246885160e+02 4.983477144739008509e+03
9.139805258246884705e+02 4.955977144739008509e+03
9.128805258246884478e+02 4.943877144739009054e+03
9.128805258246884478e+02 4.930677144739008327e+03
9.293805258246885614e+02 4.881177144739008327e+03
