1.435990632390745532e+03 6.087874467866324267e+03
1.438190632390745577e+03 6.060374467866324267e+03
1.439290632390745486e+03 6.059274467866323903e+03
1.454690632390745577e+03 6.048274467866323903e+03
1.500890632390745395e+03 6.037274467866323903e+03
1.504190632390745577e+03 6.037274467866323903e+03
1.544890632390745623e+03 6.077974467866323721e+03
1.562490632390745532e+03 6.126374467866324267e+03
1.562490632390745532e+03 6.127474467866323721e+03
1.501990632390745532e+03 6.187974467866323721e+03
1.500890632390745395e+03 6.187974467866323721e+03
1.467890632390745395e+03 6.172574467866324085e+03
1.464590632390745441e+03 6.169274467866323903e+03
1.454690632390745577e+03 6.157174467866323539e+03
1.449190632390745577e+03 6.149474467866323721e+03
1.448090632390745441e+03 6.147274467866323903e+03
1.443690632390745577e+03 6.136274467866323903e+03
1.435990632390745532e+03 6.114274467866323903e+03
1.435990632390745532e+03 6.087874467866324267e+03
