1.626359604779411825e+02 5.992373598345588107e+03
1.637359604779411768e+02 5.991273598345587743e+03
1.802359604779411768e+02 5.979173598345588289e+03
1.879359604779411654e+02 5.973673598345588289e+03
2.407359604779411768e+02 5.964873598345588107e+03
2.704359604779411939e+02 5.964873598345588107e+03
2.737359604779411484e+02 5.989073598345587925e+03
2.737359604779411484e+02 6.002273598345588653e+03
2.726359604779411825e+02 6.039673598345588289e+03
2.715359604779411598e+02 6.040773598345587743e+03
2.407359604779411768e+02 6.040773598345587743e+03
1.593359604779411711e+02 6.001173598345588289e+03
1.626359604779411825e+02 5.992373598345588107e+03
