1.687244864479315311e+03 1.581909022824536351e+03
1.687244864479315311e+03 1.578609022824536396e+03
1.723544864479315265e+03 1.499409022824536351e+03
1.729044864479315265e+03 1.493909022824536351e+03
1.730144864479315174e+03 1.493909022824536351e+03
1.741144864479315174e+03 1.508209022824536305e+03
1.760944864479315356e+03 1.539009022824536260e+03
1.782944864479315356e+03 1.581909022824536351e+03
1.782944864479315356e+03 1.608309022824536441e+03
1.767544864479315265e+03 1.638009022824536487e+03
1.746644864479315174e+03 1.647909022824536351e+03
1.737844864479315220e+03 1.647909022824536351e+03
1.687244864479315311e+03 1.581909022824536351e+03
