7.511563079540620720e+02 2.770104245002126845e+03
7.511563079540620720e+02 2.755804245002126663e+03
7.599563079540621402e+02 2.715104245002126845e+03
7.786563079540620720e+02 2.690904245002126572e+03
7.797563079540620947e+02 2.689804245002126663e+03
8.105563079540621629e+02 2.689804245002126663e+03
8.589563079540621402e+02 2.738204245002126754e+03
8.589563079540621402e+02 2.755804245002126663e+03
8.457563079540620947e+02 2.824004245002126936e+03
8.336563079540620720e+02 2.865804245002126663e+03
8.314563079540621402e+02 2.870204245002126754e+03
8.270563079540621629e+02 2.874604245002126845e+03
8.248563079540621175e+02 2.875704245002126754e+03
8.149563079540621402e+02 2.877904245002126572e+03
8.050563079540620492e+02 2.877904245002126572e+03
8.017563079540620947e+02 2.876804245002126663e+03
7.962563079540620947e+02 2.873504245002126936e+03
7.863563079540621175e+02 2.864704245002126754e+03
7.797563079540620947e+02 2.858104245002126845e+03
7.687563079540620947e+02 2.846004245002126936e+03
7.643563079540621175e+02 2.836104245002126845e+03
7.511563079540620720e+02 2.770104245002126845e+03
