9.963480934809348355e+01 3.491629778597785844e+03
1.106348093480934835e+02 3.428929778597786026e+03
1.315348093480934892e+02 3.408029778597785935e+03
1.337348093480934779e+02 3.408029778597785935e+03
1.370348093480934892e+02 3.409129778597785844e+03
1.821348093480934835e+02 3.446529778597785935e+03
1.821348093480934835e+02 3.491629778597785844e+03
1.623348093480934722e+02 3.551029778597785935e+03
1.458348093480934722e+02 3.568629778597785844e+03
1.436348093480934835e+02 3.570829778597786117e+03
1.249348093480934807e+02 3.575229778597786208e+03
1.073348093480934722e+02 3.575229778597786208e+03
1.062348093480934779e+02 3.574129778597785844e+03
9.963480934809348355e+01 3.564229778597786208e+03
9.963480934809348355e+01 3.491629778597785844e+03
