1.357204775413711559e+03 3.519405390070921840e+03
1.358304775413711468e+03 3.511705390070922022e+03
1.359404775413711604e+03 3.509505390070921749e+03
1.361604775413711650e+03 3.506205390070922022e+03
1.362704775413711559e+03 3.505105390070922112e+03
1.374804775413711468e+03 3.496305390070921931e+03
1.377004775413711513e+03 3.495205390070922022e+03
1.382504775413711513e+03 3.493005390070921749e+03
1.392404775413711604e+03 3.490805390070921931e+03
1.397904775413711604e+03 3.489705390070922022e+03
1.412204775413711559e+03 3.489705390070922022e+03
1.417704775413711559e+03 3.491905390070921840e+03
1.425404775413711604e+03 3.495205390070922022e+03
1.429804775413711695e+03 3.497405390070921840e+03
1.438604775413711650e+03 3.502905390070921840e+03
1.444104775413711650e+03 3.510605390070922112e+03
1.444104775413711650e+03 3.522705390070922022e+03
1.440804775413711468e+03 3.544705390070922022e+03
1.389104775413711650e+03 3.572205390070922022e+03
1.383604775413711650e+03 3.572205390070922022e+03
1.363804775413711468e+03 3.553505390070922203e+03
1.359404775413711604e+03 3.549105390070922112e+03
1.357204775413711559e+03 3.533705390070922022e+03
1.357204775413711559e+03 3.519405390070921840e+03
