9.559281306715063238e+02 6.161899157376199582e+03
9.757281306715063920e+02 6.073899157376198673e+03
9.922281306715063920e+02 6.069499157376199037e+03
1.013128130671506369e+03 6.069499157376199037e+03
1.015328130671506301e+03 6.071699157376198855e+03
1.048328130671506415e+03 6.161899157376199582e+03
1.048328130671506415e+03 6.193799157376199219e+03
1.028528130671506460e+03 6.224599157376199400e+03
1.027428130671506324e+03 6.225699157376198855e+03
1.023028130671506347e+03 6.228999157376199037e+03
1.016428130671506324e+03 6.232299157376199219e+03
1.013128130671506369e+03 6.233399157376199582e+03
1.001028130671506347e+03 6.233399157376199582e+03
9.757281306715063920e+02 6.217999157376199037e+03
9.559281306715063238e+02 6.202599157376199400e+03
9.559281306715063238e+02 6.161899157376199582e+03
