1.693093464821901762e+03 3.724823785693258742e+03
1.693093464821901762e+03 3.711623785693258924e+03
1.698593464821901762e+03 3.705023785693258560e+03
1.700793464821901580e+03 3.702823785693258742e+03
1.704093464821901762e+03 3.701723785693258833e+03
1.711793464821901580e+03 3.700623785693258924e+03
1.724993464821901625e+03 3.700623785693258924e+03
1.729393464821901716e+03 3.701723785693258833e+03
1.755793464821901580e+03 3.713823785693258742e+03
1.764593464821901762e+03 3.742423785693258651e+03
1.764593464821901762e+03 3.763323785693258742e+03
1.734893464821901716e+03 3.774323785693258742e+03
1.706293464821901580e+03 3.774323785693258742e+03
1.705193464821901671e+03 3.773223785693258833e+03
1.696393464821901716e+03 3.755623785693258924e+03
1.694193464821901671e+03 3.744623785693258924e+03
1.693093464821901762e+03 3.724823785693258742e+03
