1.826450304035378622e+03 4.927867965726921284e+03
1.835250304035378576e+03 4.927867965726921284e+03
1.846250304035378576e+03 4.930067965726921102e+03
1.872650304035378667e+03 4.939967965726920738e+03
1.872650304035378667e+03 5.011467965726920738e+03
1.866050304035378758e+03 5.011467965726920738e+03
1.830850304035378713e+03 5.010367965726921284e+03
1.806650304035378667e+03 4.998267965726920920e+03
1.806650304035378667e+03 4.974067965726921102e+03
1.826450304035378622e+03 4.927867965726921284e+03
