1.804562088783194667e+03 2.963433412604042587e+03
1.813362088783194622e+03 2.953533412604042951e+03
1.814462088783194531e+03 2.952433412604043042e+03
1.821062088783194667e+03 2.949133412604042860e+03
1.834262088783194486e+03 2.943633412604042860e+03
1.867262088783194713e+03 2.942533412604042951e+03
1.872762088783194713e+03 2.942533412604042951e+03
1.872762088783194713e+03 3.043733412604042769e+03
1.857362088783194622e+03 3.045933412604043042e+03
1.846362088783194622e+03 3.045933412604043042e+03
1.830962088783194531e+03 3.038233412604042769e+03
1.824362088783194622e+03 3.033833412604042678e+03
1.822162088783194577e+03 3.031633412604042860e+03
1.804562088783194667e+03 3.001933412604043042e+03
1.804562088783194667e+03 2.963433412604042587e+03
