1.670645188820140845e+02 1.705654299125239959e+03
1.758645188820140675e+02 1.692454299125240141e+03
2.099645188820140902e+02 1.663854299125240004e+03
2.121645188820140788e+02 1.662754299125240095e+03
2.209645188820140902e+02 1.660554299125240050e+03
2.363645188820140959e+02 1.660554299125240050e+03
2.385645188820140845e+02 1.661654299125239959e+03
2.407645188820140731e+02 1.663854299125240004e+03
2.572645188820141016e+02 1.707854299125240004e+03
2.572645188820141016e+02 1.719954299125240141e+03
2.319645188820140902e+02 1.739754299125240095e+03
2.143645188820140675e+02 1.748554299125240050e+03
2.077645188820140731e+02 1.749654299125239959e+03
1.868645188820140675e+02 1.749654299125239959e+03
1.736645188820140788e+02 1.743054299125240050e+03
1.659645188820140902e+02 1.736454299125240141e+03
1.637645188820140731e+02 1.732054299125240050e+03
1.637645188820140731e+02 1.712254299125240095e+03
1.670645188820140845e+02 1.705654299125239959e+03
