2.056222258753904271e+02 7.510355087950024711e+01
2.056222258753904271e+02 4.760355087950024711e+01
2.386222258753904271e+02 3.440355087950024426e+01
2.562222258753904498e+02 3.440355087950024426e+01
3.189222258753904384e+02 6.080355087950024995e+01
3.189222258753904384e+02 7.510355087950024711e+01
2.936222258753904271e+02 1.125035508795002528e+02
2.914222258753904384e+02 1.147035508795002556e+02
2.518222258753904441e+02 1.411035508795002613e+02
2.485222258753904327e+02 1.422035508795002556e+02
2.375222258753904327e+02 1.422035508795002556e+02
2.320222258753904327e+02 1.411035508795002613e+02
2.210222258753904327e+02 1.367035508795002556e+02
2.056222258753904271e+02 7.510355087950024711e+01
