9.218124289642529448e+02 7.208637543538038699e+03
9.306124289642530130e+02 7.158037543538038335e+03
9.317124289642529220e+02 7.154737543538038153e+03
9.350124289642529902e+02 7.150337543538038517e+03
9.394124289642529675e+02 7.145937543538038881e+03
9.416124289642530130e+02 7.144837543538038517e+03
9.515124289642529902e+02 7.141537543538038335e+03
9.625124289642529902e+02 7.141537543538038335e+03
9.845124289642529902e+02 7.147037543538038335e+03
1.017512428964252990e+03 7.156937543538038881e+03
1.019712428964252922e+03 7.159137543538038699e+03
1.032912428964252967e+03 7.173437543538038881e+03
1.036212428964252922e+03 7.215237543538038153e+03
1.036212428964252922e+03 7.230637543538038699e+03
1.030712428964252922e+03 7.255937543538038881e+03
1.024112428964253013e+03 7.282337543538038517e+03
9.801124289642530130e+02 7.282337543538038517e+03
9.174124289642529675e+02 7.266937543538038881e+03
9.218124289642529448e+02 7.208637543538038699e+03
