1.010169946310400746e+03 6.074898476713697164e+03
1.059669946310400746e+03 6.074898476713697164e+03
1.122369946310400792e+03 6.103498476713696618e+03
1.126769946310400883e+03 6.107898476713697164e+03
1.126769946310400883e+03 6.112298476713696800e+03
1.125669946310400746e+03 6.134298476713696800e+03
1.116869946310400792e+03 6.150798476713696800e+03
1.114669946310400746e+03 6.154098476713696982e+03
1.113569946310400837e+03 6.155198476713697346e+03
1.059669946310400746e+03 6.205798476713696800e+03
1.054169946310400746e+03 6.205798476713696800e+03
1.044269946310400883e+03 6.198098476713696982e+03
1.043169946310400746e+03 6.196998476713697528e+03
1.010169946310400746e+03 6.132098476713696982e+03
1.010169946310400746e+03 6.074898476713697164e+03
