1.288522012578616227e+02 1.380749685534591208e+03
1.299522012578616454e+02 1.374149685534591299e+03
1.332522012578616284e+02 1.365349685534591117e+03
1.409522012578616454e+02 1.357649685534591299e+03
1.486522012578616341e+02 1.352149685534591299e+03
1.508522012578616227e+02 1.351049685534591163e+03
1.739522012578616454e+02 1.351049685534591163e+03
1.772522012578616284e+02 1.352149685534591299e+03
1.816522012578616341e+02 1.354349685534591117e+03
1.904522012578616454e+02 1.359849685534591117e+03
1.915522012578616398e+02 1.360949685534591254e+03
1.948522012578616227e+02 1.367549685534591163e+03
1.959522012578616454e+02 1.380749685534591208e+03
1.970522012578616398e+02 1.398349685534591117e+03
1.970522012578616398e+02 1.412649685534591299e+03
1.915522012578616398e+02 1.434649685534591299e+03
1.904522012578616454e+02 1.435749685534591208e+03
1.882522012578616284e+02 1.436849685534591117e+03
1.651522012578616341e+02 1.444549685534591163e+03
1.618522012578616227e+02 1.444549685534591163e+03
1.255522012578616398e+02 1.408249685534591208e+03
1.288522012578616227e+02 1.380749685534591208e+03
