5.430394427290104886e+02 2.289630716071166034e+02
6.068394427290104431e+02 1.651630716071165921e+02
6.343394427290104431e+02 1.453630716071165807e+02
6.673394427290104431e+02 1.453630716071165807e+02
6.717394427290104204e+02 1.530630716071165978e+02
6.937394427290104204e+02 2.025630716071165978e+02
6.937394427290104204e+02 2.509630716071166034e+02
6.079394427290104659e+02 3.136630716071165921e+02
5.936394427290103977e+02 3.224630716071166034e+02
5.782394427290104204e+02 3.312630716071166148e+02
5.760394427290104886e+02 3.323630716071165807e+02
5.606394427290103977e+02 3.334630716071166034e+02
5.375394427290104886e+02 3.334630716071166034e+02
5.320394427290104886e+02 3.224630716071166034e+02
5.254394427290104659e+02 2.597630716071166148e+02
5.254394427290104659e+02 2.487630716071166148e+02
5.430394427290104886e+02 2.289630716071166034e+02
