1.200269595245743631e+03 3.610710343719884349e+03
1.200269595245743631e+03 3.607410343719884168e+03
1.262969595245743676e+03 3.603010343719884531e+03
1.294869595245743767e+03 3.603010343719884531e+03
1.299269595245743631e+03 3.637110343719884440e+03
1.299269595245743631e+03 3.667910343719884168e+03
1.297069595245743585e+03 3.677810343719884258e+03
1.294869595245743767e+03 3.680010343719884531e+03
1.284969595245743676e+03 3.687710343719884349e+03
1.265169595245743722e+03 3.693210343719884349e+03
1.251969595245743676e+03 3.693210343719884349e+03
1.217869595245743767e+03 3.689910343719884168e+03
1.216769595245743631e+03 3.688810343719884258e+03
1.205769595245743631e+03 3.659110343719884440e+03
1.200269595245743631e+03 3.610710343719884349e+03
