1.074867719396310804e+03 3.960858468418110533e+03
1.074867719396310804e+03 3.948758468418110624e+03
1.080367719396310804e+03 3.926758468418110624e+03
1.115567719396310849e+03 3.891558468418110806e+03
1.141967719396310713e+03 3.891558468418110806e+03
1.157367719396310804e+03 3.942158468418110715e+03
1.157367719396310804e+03 4.012558468418110806e+03
1.134267719396310895e+03 4.035658468418110715e+03
1.128767719396310895e+03 4.035658468418110715e+03
1.117767719396310895e+03 4.030158468418110715e+03
1.095767719396310667e+03 4.013658468418110715e+03
1.093567719396310849e+03 4.011458468418110897e+03
1.075967719396310713e+03 3.967458468418110897e+03
1.074867719396310804e+03 3.960858468418110533e+03
