1.453717659636505005e+03 6.238591000097190772e+03
1.463617659636505095e+03 6.214391000097190954e+03
1.502117659636505095e+03 6.204491000097191318e+03
1.512017659636504959e+03 6.204491000097191318e+03
1.573617659636505095e+03 6.261691000097191136e+03
1.587917659636505050e+03 6.306791000097191500e+03
1.587917659636505050e+03 6.307891000097190954e+03
1.583517659636504959e+03 6.312291000097191500e+03
1.512017659636504959e+03 6.358491000097191318e+03
1.499917659636505050e+03 6.358491000097191318e+03
1.453717659636505005e+03 6.289191000097191136e+03
1.453717659636505005e+03 6.238591000097190772e+03
