1.763084636716583418e+03 4.955927121464225820e+03
1.769684636716583555e+03 4.938327121464226366e+03
1.793884636716583373e+03 4.914127121464226548e+03
1.818084636716583418e+03 4.914127121464226548e+03
1.830184636716583555e+03 4.929527121464226184e+03
1.830184636716583555e+03 4.955927121464225820e+03
1.810384636716583373e+03 4.998827121464226366e+03
1.809284636716583464e+03 4.998827121464226366e+03
1.772984636716583509e+03 4.997727121464226002e+03
1.765284636716583464e+03 4.996627121464226548e+03
1.763084636716583418e+03 4.995527121464226184e+03
1.763084636716583418e+03 4.955927121464225820e+03
