1.628295130010056027e+03 2.876939721304410341e+03
1.639295130010056027e+03 2.865939721304410341e+03
1.650295130010056027e+03 2.858239721304410068e+03
1.652495130010056073e+03 2.857139721304410159e+03
1.673395130010055937e+03 2.847239721304410523e+03
1.681095130010055982e+03 2.845039721304410250e+03
1.692095130010055982e+03 2.845039721304410250e+03
1.720695130010056118e+03 2.846139721304410159e+03
1.729495130010056073e+03 2.850539721304410250e+03
1.733895130010055937e+03 2.853839721304410432e+03
1.748195130010056118e+03 2.867039721304410250e+03
1.748195130010056118e+03 2.876939721304410341e+03
1.742695130010056118e+03 2.890139721304410159e+03
1.740495130010056073e+03 2.892339721304410432e+03
1.726195130010056118e+03 2.904439721304410341e+03
1.715195130010056118e+03 2.913239721304410523e+03
1.681095130010055982e+03 2.931939721304410341e+03
1.665695130010056118e+03 2.934139721304410159e+03
1.653595130010055982e+03 2.934139721304410159e+03
1.639295130010056027e+03 2.933039721304410250e+03
1.618395130010055937e+03 2.924239721304410523e+03
1.618395130010055937e+03 2.897839721304410432e+03
1.620595130010055982e+03 2.889039721304410250e+03
1.628295130010056027e+03 2.876939721304410341e+03
