1.591529151107791904e+03 1.697673313417973532e+03
1.592629151107791813e+03 1.694373313417973577e+03
1.598129151107791813e+03 1.683373313417973577e+03
1.599229151107791949e+03 1.682273313417973668e+03
1.603629151107791813e+03 1.680073313417973623e+03
1.606929151107791768e+03 1.678973313417973714e+03
1.644329151107791859e+03 1.673473313417973714e+03
1.652029151107791904e+03 1.677873313417973577e+03
1.671829151107791859e+03 1.700973313417973714e+03
1.671829151107791859e+03 1.727373313417973577e+03
1.670729151107791949e+03 1.728473313417973714e+03
1.647629151107791813e+03 1.740573313417973623e+03
1.643229151107791949e+03 1.742773313417973668e+03
1.627829151107791859e+03 1.749373313417973577e+03
1.622329151107791859e+03 1.751573313417973623e+03
1.617929151107791768e+03 1.752673313417973532e+03
1.604729151107791949e+03 1.752673313417973532e+03
1.599229151107791949e+03 1.750473313417973714e+03
1.598129151107791813e+03 1.749373313417973577e+03
1.591529151107791904e+03 1.713073313417973623e+03
1.591529151107791904e+03 1.697673313417973532e+03
