1.300174667385832436e+03 8.265186174038115496e+03
1.303474667385832390e+03 8.261886174038116224e+03
1.338674667385832436e+03 8.231086174038115132e+03
1.341974667385832390e+03 8.231086174038115132e+03
1.377174667385832436e+03 8.258586174038115132e+03
1.383774667385832345e+03 8.265186174038115496e+03
1.383774667385832345e+03 8.272886174038116224e+03
1.338674667385832436e+03 8.361986174038116587e+03
1.335374667385832481e+03 8.363086174038115132e+03
1.304574667385832527e+03 8.368586174038115132e+03
1.300174667385832436e+03 8.368586174038115132e+03
1.300174667385832436e+03 8.265186174038115496e+03
