1.532295454545454447e+02 2.213863998390989309e+03
1.543295454545454390e+02 2.209463998390989673e+03
1.554295454545454618e+02 2.207263998390989400e+03
1.576295454545454504e+02 2.205063998390989582e+03
1.642295454545454447e+02 2.200663998390989491e+03
1.708295454545454390e+02 2.197363998390989309e+03
1.774295454545454618e+02 2.195163998390989491e+03
1.829295454545454618e+02 2.194063998390989582e+03
2.082295454545454447e+02 2.194063998390989582e+03
2.203295454545454675e+02 2.195163998390989491e+03
2.456295454545454504e+02 2.200663998390989491e+03
2.489295454545454618e+02 2.202863998390989309e+03
2.544295454545454618e+02 2.207263998390989400e+03
2.599295454545454618e+02 2.212763998390989400e+03
2.610295454545454277e+02 2.214963998390989673e+03
2.632295454545454731e+02 2.221563998390989582e+03
2.632295454545454731e+02 2.232563998390989582e+03
2.621295454545454504e+02 2.234763998390989400e+03
2.610295454545454277e+02 2.235863998390989764e+03
2.522295454545454731e+02 2.242463998390989673e+03
2.456295454545454504e+02 2.246863998390989764e+03
2.258295454545454390e+02 2.256763998390989400e+03
2.104295454545454618e+02 2.261163998390989491e+03
1.818295454545454390e+02 2.261163998390989491e+03
1.730295454545454561e+02 2.257863998390989764e+03
1.664295454545454618e+02 2.252363998390989764e+03
1.642295454545454447e+02 2.250163998390989491e+03
1.587295454545454447e+02 2.241363998390989764e+03
1.532295454545454447e+02 2.228163998390989491e+03
1.532295454545454447e+02 2.213863998390989309e+03
