9.297487467433294341e+02 8.394281151738388871e+03
9.341487467433294114e+02 8.363481151738387780e+03
9.704487467433294796e+02 8.345881151738387416e+03
1.006748746743329434e+03 8.345881151738387416e+03
1.055148746743329411e+03 8.394281151738388871e+03
1.055148746743329411e+03 8.438281151738388871e+03
1.054048746743329502e+03 8.439381151738389235e+03
1.024348746743329457e+03 8.461381151738389235e+03
1.021048746743329502e+03 8.463581151738388144e+03
1.012248746743329434e+03 8.469081151738388144e+03
1.010048746743329502e+03 8.470181151738388508e+03
1.003448746743329480e+03 8.472381151738389235e+03
9.990487467433295024e+02 8.473481151738387780e+03
9.924487467433294796e+02 8.474581151738388144e+03
9.319487467433294796e+02 8.477881151738387416e+03
9.297487467433294341e+02 8.477881151738387416e+03
9.297487467433294341e+02 8.394281151738388871e+03
