1.078353015816280958e+03 4.524912644089000423e+03
1.083853015816280958e+03 4.513912644089000423e+03
1.086053015816281004e+03 4.511712644088999696e+03
1.095953015816280868e+03 4.504012644088999878e+03
1.111353015816280958e+03 4.504012644088999878e+03
1.125653015816280913e+03 4.507312644089000059e+03
1.138853015816280958e+03 4.512812644089000059e+03
1.139953015816280868e+03 4.513912644089000423e+03
1.193853015816280958e+03 4.575512644088999878e+03
1.194953015816280868e+03 4.578812644089000059e+03
1.194953015816280868e+03 4.592012644088999878e+03
1.193853015816280958e+03 4.594212644088999696e+03
1.156453015816280868e+03 4.645912644089000423e+03
1.106953015816280868e+03 4.645912644089000423e+03
1.078353015816280958e+03 4.641512644088999878e+03
1.056353015816280958e+03 4.619512644088999878e+03
1.056353015816280958e+03 4.593112644089000241e+03
1.078353015816280958e+03 4.524912644089000423e+03
