6.889871227059002194e+02 3.257917700591536232e+03
7.043871227059001967e+02 3.235917700591536232e+03
7.230871227059002422e+02 3.217217700591536413e+03
7.285871227059002422e+02 3.213917700591536232e+03
7.395871227059002422e+02 3.212817700591536322e+03
7.615871227059002422e+02 3.212817700591536322e+03
7.670871227059002422e+02 3.213917700591536232e+03
7.780871227059002422e+02 3.219417700591536232e+03
7.868871227059001967e+02 3.227117700591536504e+03
7.978871227059001967e+02 3.237017700591536595e+03
8.055871227059002422e+02 3.244717700591536413e+03
8.187871227059001740e+02 3.264517700591536595e+03
8.187871227059001740e+02 3.265617700591536504e+03
7.769871227059002194e+02 3.307417700591536686e+03
7.472871227059001740e+02 3.307417700591536686e+03
7.010871227059002422e+02 3.274417700591536686e+03
6.889871227059002194e+02 3.262317700591536322e+03
6.889871227059002194e+02 3.257917700591536232e+03
