1.493718208844295759e+03 1.679483166109253034e+03
1.502518208844295714e+03 1.679483166109253034e+03
1.560818208844295896e+03 1.691583166109252943e+03
1.580618208844295850e+03 1.698183166109253079e+03
1.582818208844295896e+03 1.700383166109253125e+03
1.588318208844295896e+03 1.706983166109253034e+03
1.588318208844295896e+03 1.719083166109252943e+03
1.578418208844295805e+03 1.777383166109253125e+03
1.537718208844295759e+03 1.777383166109253125e+03
1.511318208844295896e+03 1.750983166109253034e+03
1.493718208844295759e+03 1.730083166109253170e+03
1.493718208844295759e+03 1.679483166109253034e+03
