9.802371058008350246e+02 3.962080030203429033e+03
9.846371058008350019e+02 3.957680030203428942e+03
1.037437105800835070e+03 3.957680030203428942e+03
1.041837105800834934e+03 3.962080030203429033e+03
1.046237105800835025e+03 3.970880030203428760e+03
1.067137105800835116e+03 4.033580030203429033e+03
1.070437105800835070e+03 4.045680030203428942e+03
1.070437105800835070e+03 4.061080030203429033e+03
1.064937105800835070e+03 4.075380030203429214e+03
9.846371058008350019e+02 4.081980030203429124e+03
9.318371058008350474e+02 4.081980030203429124e+03
9.307371058008350246e+02 4.079780030203428851e+03
9.263371058008350474e+02 4.057780030203428851e+03
9.241371058008350019e+02 4.042380030203429214e+03
9.241371058008350019e+02 4.029180030203428942e+03
9.802371058008350246e+02 3.962080030203429033e+03
