-3.508406508264464208e+00 3.851944976756198230e+03
3.091593491735533661e+00 3.851944976756198230e+03
7.491593491735535792e+00 3.853044976756198594e+03
3.169159349173553863e+01 3.865144976756198503e+03
8.009159349173555142e+01 3.912444976756198230e+03
8.779159349173554006e+01 3.920144976756198503e+03
8.779159349173554006e+01 3.946544976756198594e+03
8.559159349173555142e+01 3.955344976756198321e+03
8.229159349173554006e+01 3.965244976756198412e+03
6.799159349173554290e+01 3.981744976756198412e+03
6.579159349173554006e+01 3.983944976756198230e+03
5.479159349173554006e+01 3.985044976756198594e+03
4.049159349173553579e+01 3.986144976756198503e+03
8.915934917355343714e-01 3.988344976756198321e+03
-3.508406508264464208e+00 3.988344976756198321e+03
-3.508406508264464208e+00 3.851944976756198230e+03
