1.733106067086897838e+03 2.194601148131472200e+03
1.776006067086897701e+03 2.106601148131472200e+03
1.777106067086897838e+03 2.104401148131472382e+03
1.778206067086897747e+03 2.104401148131472382e+03
1.803506067086897701e+03 2.129701148131472110e+03
1.843106067086897838e+03 2.214401148131472382e+03
1.843106067086897838e+03 2.241901148131472382e+03
1.805706067086897747e+03 2.280401148131472382e+03
1.804606067086897838e+03 2.281501148131472291e+03
1.769406067086897792e+03 2.285901148131472382e+03
1.757306067086897883e+03 2.285901148131472382e+03
1.733106067086897838e+03 2.214401148131472382e+03
1.733106067086897838e+03 2.194601148131472200e+03
