1.302822028492451523e+02 7.998126961513927199e+03
1.302822028492451523e+02 7.986026961513927745e+03
1.346822028492451579e+02 7.978326961513927017e+03
1.357822028492451523e+02 7.977226961513927563e+03
1.456822028492451579e+02 7.968426961513927381e+03
1.654822028492451693e+02 7.962926961513927381e+03
1.775822028492451636e+02 7.962926961513927381e+03
1.808822028492451750e+02 7.964026961513927745e+03
1.896822028492451579e+02 7.969526961513927745e+03
2.105822028492451636e+02 7.988226961513927563e+03
2.116822028492451579e+02 7.990426961513927381e+03
2.116822028492451579e+02 8.000326961513927017e+03
2.105822028492451636e+02 8.012426961513927381e+03
2.094822028492451693e+02 8.023426961513927381e+03
2.083822028492451750e+02 8.026726961513927563e+03
2.039822028492451693e+02 8.035526961513927745e+03
1.962822028492451523e+02 8.047626961513927199e+03
1.841822028492451579e+02 8.052026961513927745e+03
1.621822028492451579e+02 8.052026961513927745e+03
1.533822028492451750e+02 8.048726961513927563e+03
1.511822028492451579e+02 8.047626961513927199e+03
1.500822028492451636e+02 8.046526961513927745e+03
1.401822028492451579e+02 8.031126961513927199e+03
1.390822028492451636e+02 8.028926961513927381e+03
1.324822028492451693e+02 8.013526961513927745e+03
1.302822028492451523e+02 7.998126961513927199e+03
