9.312965883602880695e+02 4.434676000472199121e+03
9.422965883602880695e+02 4.355476000472199303e+03
9.499965883602880012e+02 4.355476000472199303e+03
9.840965883602880240e+02 4.382976000472199303e+03
1.003896588360288092e+03 4.402776000472199485e+03
1.013796588360288069e+03 4.424776000472199485e+03
1.020396588360288092e+03 4.478676000472199121e+03
1.020396588360288092e+03 4.488576000472199667e+03
1.012696588360288047e+03 4.508376000472198939e+03
1.009396588360288092e+03 4.511676000472199121e+03
1.006096588360288024e+03 4.513876000472198939e+03
9.994965883602880012e+02 4.517176000472199121e+03
9.312965883602880695e+02 4.518276000472199485e+03
9.312965883602880695e+02 4.434676000472199121e+03
