6.229121998851235276e+02 5.073216255025847204e+03
6.339121998851235276e+02 5.018216255025847204e+03
6.823121998851235048e+02 5.018216255025847204e+03
7.164121998851235276e+02 5.049016255025847386e+03
7.175121998851234366e+02 5.050116255025846840e+03
7.351121998851234594e+02 5.068816255025847568e+03
7.384121998851235276e+02 5.073216255025847204e+03
7.494121998851235276e+02 5.095216255025847204e+03
7.494121998851235276e+02 5.108416255025847022e+03
7.483121998851235048e+02 5.110616255025846840e+03
6.746121998851234594e+02 5.155716255025847204e+03
6.416121998851234594e+02 5.121616255025846840e+03
6.317121998851234821e+02 5.110616255025846840e+03
6.284121998851235276e+02 5.104016255025847386e+03
6.273121998851235048e+02 5.100716255025847204e+03
6.251121998851234594e+02 5.093016255025847386e+03
6.229121998851235276e+02 5.084216255025847204e+03
6.229121998851235276e+02 5.073216255025847204e+03
