3.539609068496087616e+02 8.447385196698467553e+03
3.539609068496087616e+02 8.387985196698467917e+03
3.572609068496087730e+02 8.385785196698467189e+03
3.627609068496087730e+02 8.382485196698467917e+03
3.715609068496087275e+02 8.378085196698466461e+03
3.781609068496087502e+02 8.375885196698467553e+03
3.825609068496087275e+02 8.374785196698467189e+03
4.067609068496087730e+02 8.370385196698467553e+03
4.144609068496087616e+02 8.369285196698467189e+03
4.166609068496087502e+02 8.369285196698467189e+03
4.452609068496087730e+02 8.447385196698467553e+03
4.452609068496087730e+02 8.522185196698466825e+03
4.353609068496087389e+02 8.524385196698467553e+03
3.671609068496087502e+02 8.532085196698466461e+03
3.539609068496087616e+02 8.447385196698467553e+03
