1.165478649284035100e+03 5.377691921350716257e+03
1.165478649284035100e+03 5.367791921350715711e+03
1.166578649284035009e+03 5.366691921350716257e+03
1.172078649284035009e+03 5.362291921350715711e+03
1.190778649284035055e+03 5.350191921350716257e+03
1.205078649284035009e+03 5.341391921350716075e+03
1.211678649284035146e+03 5.339191921350716257e+03
1.216078649284035009e+03 5.338091921350715893e+03
1.230378649284034964e+03 5.338091921350715893e+03
1.235878649284034964e+03 5.339191921350716257e+03
1.255678649284035146e+03 5.351291921350715711e+03
1.263378649284034964e+03 5.363391921350716075e+03
1.263378649284034964e+03 5.379891921350716075e+03
1.218278649284035055e+03 5.428291921350715711e+03
1.211678649284035146e+03 5.429391921350716075e+03
1.199578649284035009e+03 5.429391921350716075e+03
1.186378649284034964e+03 5.421691921350716257e+03
1.183078649284035009e+03 5.418391921350716075e+03
1.181978649284035100e+03 5.416191921350716257e+03
1.165478649284035100e+03 5.377691921350716257e+03
