1.522662280399586734e+03 8.192247445171660729e+03
1.522662280399586734e+03 8.190047445171661820e+03
1.525962280399586689e+03 8.174647445171661275e+03
1.527062280399586598e+03 8.172447445171661457e+03
1.529262280399586643e+03 8.170247445171661639e+03
1.531462280399586689e+03 8.169147445171661275e+03
1.594162280399586734e+03 8.147147445171661275e+03
1.611762280399586643e+03 8.142747445171661639e+03
1.640362280399586552e+03 8.137247445171661639e+03
1.654662280399586734e+03 8.174647445171661275e+03
1.654662280399586734e+03 8.180147445171661275e+03
1.632662280399586734e+03 8.251647445171662184e+03
1.586462280399586689e+03 8.276947445171661457e+03
1.543562280399586598e+03 8.225247445171660729e+03
1.522662280399586734e+03 8.192247445171660729e+03
