8.969508971661922487e+02 5.958944289073134314e+03
8.958508971661923397e+02 5.947944289073134314e+03
8.958508971661923397e+02 5.938044289073134678e+03
8.980508971661922715e+02 5.927044289073134678e+03
9.057508971661923169e+02 5.919344289073134860e+03
9.079508971661922487e+02 5.918244289073134496e+03
9.629508971661923624e+02 5.918244289073134496e+03
1.015750897166192317e+03 5.949044289073134678e+03
1.015750897166192317e+03 5.967744289073134496e+03
9.981508971661922942e+02 6.024944289073134314e+03
9.629508971661923624e+02 6.029344289073134860e+03
9.530508971661922715e+02 6.029344289073134860e+03
9.508508971661923397e+02 6.028244289073134496e+03
9.211508971661922942e+02 6.007344289073134860e+03
9.145508971661922715e+02 6.000744289073134496e+03
9.057508971661923169e+02 5.990844289073134860e+03
9.046508971661922942e+02 5.988644289073134132e+03
8.991508971661922942e+02 5.976544289073134678e+03
8.969508971661922487e+02 5.958944289073134314e+03
