1.258634125060591487e+03 7.799284941024397995e+03
1.261934125060591441e+03 7.788284941024397995e+03
1.263034125060591350e+03 7.786084941024398177e+03
1.275134125060591487e+03 7.772884941024398358e+03
1.277334125060591305e+03 7.770684941024397631e+03
1.303734125060591396e+03 7.756384941024398358e+03
1.308134125060591259e+03 7.754184941024397631e+03
1.334534125060591350e+03 7.745384941024398358e+03
1.351034125060591350e+03 7.743184941024397631e+03
1.362034125060591350e+03 7.743184941024397631e+03
1.378534125060591350e+03 7.747584941024398177e+03
1.382934125060591441e+03 7.750884941024398358e+03
1.390634125060591487e+03 7.757484941024397813e+03
1.397234125060591396e+03 7.764084941024398177e+03
1.461034125060591350e+03 7.833384941024398358e+03
1.462134125060591487e+03 7.835584941024398177e+03
1.462134125060591487e+03 7.845484941024397813e+03
1.348834125060591305e+03 7.865284941024397995e+03
1.332334125060591305e+03 7.865284941024397995e+03
1.304834125060591305e+03 7.863084941024398177e+03
1.279534125060591350e+03 7.854284941024397995e+03
1.277334125060591305e+03 7.853184941024398540e+03
1.268534125060591350e+03 7.845484941024397813e+03
1.267434125060591441e+03 7.844384941024398358e+03
1.263034125060591350e+03 7.835584941024398177e+03
1.258634125060591487e+03 7.821284941024397995e+03
1.258634125060591487e+03 7.799284941024397995e+03
