1.271310779619398318e+03 5.038157053406997875e+03
1.284510779619398363e+03 5.024957053406998057e+03
1.342810779619398318e+03 5.024957053406998057e+03
1.361510779619398363e+03 5.031557053406998421e+03
1.362610779619398500e+03 5.032657053406997875e+03
1.365910779619398454e+03 5.048057053406998421e+03
1.369210779619398409e+03 5.084357053406998602e+03
1.369210779619398409e+03 5.088757053406998239e+03
1.312010779619398363e+03 5.158057053406998421e+03
1.255910779619398454e+03 5.117357053406998602e+03
1.255910779619398454e+03 5.088757053406998239e+03
1.271310779619398318e+03 5.038157053406997875e+03
