8.092413723737147393e+02 8.247929660259274897e+03
8.114413723737147848e+02 8.247929660259274897e+03
8.246413723737148302e+02 8.260029660259275261e+03
8.268413723737147620e+02 8.265529660259275261e+03
8.532413723737147393e+02 8.338129660259275624e+03
8.532413723737147393e+02 8.374429660259276716e+03
8.455413723737148075e+02 8.382129660259275624e+03
8.114413723737147848e+02 8.382129660259275624e+03
7.828413723737147620e+02 8.377729660259275988e+03
7.806413723737148302e+02 8.362329660259276352e+03
7.806413723737148302e+02 8.338129660259275624e+03
8.092413723737147393e+02 8.247929660259274897e+03
