1.729850087066645585e+02 6.702453379768877312e+03
2.015850087066645528e+02 6.707953379768877312e+03
2.213850087066645642e+02 6.720053379768877676e+03
2.279850087066645585e+02 6.725553379768877676e+03
2.279850087066645585e+02 6.766253379768877494e+03
2.169850087066645585e+02 6.794853379768877858e+03
2.048850087066645642e+02 6.816853379768877858e+03
2.037850087066645415e+02 6.817953379768877312e+03
1.971850087066645472e+02 6.821253379768877494e+03
1.828850087066645642e+02 6.821253379768877494e+03
1.784850087066645585e+02 6.820153379768878040e+03
1.674850087066645585e+02 6.816853379768877858e+03
1.289850087066645585e+02 6.794853379768877858e+03
1.289850087066645585e+02 6.766253379768877494e+03
1.729850087066645585e+02 6.702453379768877312e+03
