-4.137309787713697062e+00 1.984260510990043258e+03
1.786269021228630294e+01 1.971060510990043213e+03
3.986269021228630294e+01 1.962260510990043258e+03
4.316269021228630720e+01 1.961160510990043122e+03
5.526269021228630862e+01 1.961160510990043122e+03
6.626269021228631573e+01 1.963360510990043167e+03
7.396269021228630436e+01 1.965560510990043213e+03
8.056269021228629867e+01 1.969960510990043304e+03
8.166269021228630720e+01 1.971060510990043213e+03
8.826269021228631573e+01 1.983160510990043122e+03
9.046269021228630436e+01 1.989760510990043258e+03
9.046269021228630436e+01 2.004060510990043213e+03
8.936269021228631004e+01 2.015060510990043213e+03
8.606269021228629867e+01 2.019460510990043304e+03
7.506269021228629867e+01 2.030460510990043304e+03
5.966269021228630720e+01 2.035960510990043304e+03
4.866269021228630720e+01 2.039260510990043258e+03
3.986269021228630294e+01 2.041460510990043304e+03
1.346269021228630436e+01 2.043660510990043122e+03
-3.037309787713695641e+00 2.043660510990043122e+03
-4.137309787713697062e+00 2.042560510990043213e+03
-4.137309787713697062e+00 1.984260510990043258e+03
