3.293850592216581958e+02 3.348344754653130167e+03
3.304850592216582186e+02 3.343944754653130076e+03
3.326850592216582072e+02 3.338444754653130076e+03
3.381850592216582072e+02 3.325244754653130258e+03
3.392850592216582299e+02 3.324144754653130349e+03
3.612850592216582299e+02 3.307644754653130349e+03
3.678850592216581958e+02 3.304344754653130167e+03
3.810850592216581845e+02 3.302144754653130349e+03
3.953850592216581958e+02 3.302144754653130349e+03
4.008850592216581958e+02 3.303244754653130258e+03
4.107850592216582299e+02 3.308744754653130258e+03
4.107850592216582299e+02 3.351644754653130349e+03
3.997850592216582299e+02 3.400044754653130440e+03
3.711850592216582072e+02 3.414344754653130167e+03
3.491850592216582072e+02 3.414344754653130167e+03
3.260850592216581845e+02 3.393444754653130076e+03
3.260850592216581845e+02 3.381344754653130167e+03
3.282850592216582299e+02 3.356044754653130440e+03
3.293850592216581958e+02 3.348344754653130167e+03
