4.918892545523520425e+02 4.823699952579666387e+03
4.918892545523520425e+02 4.790699952579666387e+03
4.929892545523520653e+02 4.789599952579666024e+03
5.534892545523520084e+02 4.780799952579665842e+03
6.007892545523520766e+02 4.780799952579665842e+03
6.139892545523520084e+02 4.788499952579666569e+03
6.150892545523520312e+02 4.790699952579666387e+03
6.260892545523520312e+02 4.813799952579665842e+03
6.260892545523520312e+02 4.828099952579666024e+03
6.172892545523520766e+02 4.850099952579666024e+03
6.161892545523520539e+02 4.852299952579665842e+03
5.919892545523520084e+02 4.896299952579665842e+03
5.886892545523520539e+02 4.900699952579666387e+03
5.787892545523520766e+02 4.910599952579666024e+03
5.754892545523520084e+02 4.912799952579665842e+03
5.534892545523520084e+02 4.912799952579665842e+03
5.061892545523520539e+02 4.865499952579666569e+03
4.918892545523520425e+02 4.823699952579666387e+03
