-3.382174761269126861e+00 6.353044460416880611e+03
3.217825238730874560e+00 6.353044460416880611e+03
2.191782523873087740e+01 6.358544460416880611e+03
3.731782523873087598e+01 6.365144460416880975e+03
6.371782523873088167e+01 6.381644460416880975e+03
6.481782523873087598e+01 6.382744460416880429e+03
7.801782523873087882e+01 6.406944460416880247e+03
7.911782523873088735e+01 6.409144460416880975e+03
8.351782523873087882e+01 6.428944460416880247e+03
8.351782523873087882e+01 6.449844460416880793e+03
8.241782523873087030e+01 6.455344460416880793e+03
7.471782523873088167e+01 6.478444460416880247e+03
6.151782523873087882e+01 6.508144460416880975e+03
4.391782523873087740e+01 6.518044460416880611e+03
3.511782523873087314e+01 6.522444460416880247e+03
4.317825238730872428e+00 6.522444460416880247e+03
2.117825238730873139e+00 6.520244460416880429e+03
-3.382174761269126861e+00 6.500444460416880247e+03
-3.382174761269126861e+00 6.353044460416880611e+03
