1.186463336342662274e+02 3.233544889156384556e+02
1.186463336342662274e+02 2.958544889156384556e+02
1.285463336342662046e+02 2.859544889156384784e+02
1.758463336342662160e+02 2.683544889156384556e+02
2.275463336342662330e+02 2.683544889156384556e+02
2.407463336342662217e+02 2.815544889156384443e+02
2.407463336342662217e+02 2.826544889156384670e+02
2.264463336342662387e+02 3.486544889156384670e+02
2.209463336342662387e+02 3.673544889156385125e+02
2.110463336342662330e+02 3.904544889156384784e+02
1.835463336342662330e+02 4.069544889156384784e+02
1.758463336342662160e+02 4.069544889156384784e+02
1.241463336342662274e+02 3.695544889156385011e+02
1.208463336342662160e+02 3.651544889156384670e+02
1.186463336342662274e+02 3.233544889156384556e+02
