1.566541105297580089e+03 1.020335562459123594e+03
1.567641105297579998e+03 1.009335562459123594e+03
1.569841105297580043e+03 1.002735562459123571e+03
1.570941105297580179e+03 1.000535562459123639e+03
1.590741105297580134e+03 9.807355624591235710e+02
1.625941105297580179e+03 9.664355624591236165e+02
1.630341105297580043e+03 9.708355624591235937e+02
1.639141105297579998e+03 1.018135562459123662e+03
1.639141105297579998e+03 1.076435562459123503e+03
1.635841105297580043e+03 1.080835562459123594e+03
1.631441105297580179e+03 1.086335562459123594e+03
1.630341105297580043e+03 1.087435562459123730e+03
1.621541105297580089e+03 1.095135562459123548e+03
1.599541105297580089e+03 1.101735562459123685e+03
1.564341105297580043e+03 1.101735562459123685e+03
1.564341105297580043e+03 1.098435562459123730e+03
1.566541105297580089e+03 1.020335562459123594e+03
