4.381918335531838125e+02 5.741259743374504978e+03
4.381918335531838125e+02 5.730259743374504978e+03
4.392918335531838352e+02 5.711559743374505160e+03
4.403918335531838011e+02 5.710459743374505706e+03
4.744918335531838238e+02 5.710459743374505706e+03
5.019918335531838238e+02 5.752259743374504978e+03
5.173918335531838011e+02 5.777559743374505160e+03
5.195918335531838466e+02 5.825959743374505706e+03
5.195918335531838466e+02 5.888659743374505524e+03
4.920918335531838466e+02 5.885359743374505342e+03
4.755918335531838466e+02 5.880959743374505706e+03
4.744918335531838238e+02 5.879859743374505342e+03
4.447918335531838352e+02 5.846859743374505342e+03
4.436918335531838125e+02 5.841359743374505342e+03
4.381918335531838125e+02 5.741259743374504978e+03
