4.805343805049911907e+02 5.396936156782148828e+03
5.278343805049911452e+02 5.349636156782149556e+03
5.410343805049911907e+02 5.349636156782149556e+03
5.839343805049911680e+02 5.392536156782149192e+03
5.861343805049912135e+02 5.396936156782148828e+03
5.861343805049912135e+02 5.406836156782149374e+03
5.597343805049912362e+02 5.445336156782149374e+03
5.542343805049912362e+02 5.453036156782149192e+03
5.388343805049911452e+02 5.461836156782149374e+03
5.223343805049911452e+02 5.461836156782149374e+03
5.135343805049911907e+02 5.460736156782149010e+03
5.047343805049911794e+02 5.457436156782148828e+03
5.003343805049912021e+02 5.455236156782149010e+03
4.970343805049911907e+02 5.453036156782149192e+03
4.805343805049911907e+02 5.438736156782149010e+03
4.805343805049911907e+02 5.396936156782148828e+03
